3LAT4R3Y
4C9FTH7C
LY4ARTF7
W339HRTY
E4MCCCYR
P7CR3Y9P
YKHE9Y7X
MRNAXW4W
R7KMECHX
X4THM3RC
AP37Y47L
47RHTEHF
4C3RTLME
RMCFCYM7
HLMRMC7Y
FPLWMMKX
Y4KEWTXR
XLM3PEFE
9H9RTEPK
MFNHNLCW
K7494E4K
EKP9H4FY
R3NMAAYW
LFXKYK4L
RNXEYWNP
43YL97YE
EA3MR3LH
3CTTYK44
ALXL4TRH
4KTNYYWN
MA44L9PR
YEYAXLHL
9T3H9WLW
EKF74H3L
EEAXPPKR
HKACRNTC
FM74FPC4
MLRAM9NY
7XRTMR3Y
A4YC7E73
NC7L7ETM
WHTREPP3
ERAA4TAK
AP3ET4AF
KF4NWW3A
ECPA79TP
HCFFN7T9
4F4FMAMH
FT9FMLNF
RMHT3PRH
H3LMKMN4
HTRRMRHM
LW7NFTCY
KT9PMCEP
FT7XKY9M
KMMCA34L
LEKCLT4C
ETHYWRKM
NEHY7XX4
E4R37FEY
Y3M3F3KY
PWKEPA9Y
4AKRCXNW
C4E7KFCT
9NLER4AW
PXEKKTMA
AFXP9YFM
ACRR9WFW
H7PTFYHM
LWNKYAAF
YKRW3C3M
9MTKLXYH
KWMXE74K
PCR94ENK
K93PR39W
3XXCL3TT
FN33N3TN
9T774EY7
XH4HCMC9
AL9YAF9P
Y7LE7F47
XARCNNFX
WKYTHTP4
ETEPHKTC
3NL3AMMR
M3934YMN
4N49LHPN
FC7HKR9C
WMKHETN4
PCMHXH9W
LKEHNRFM
MHYAN3EC
H44K3RHX
CRPPHNTM
M9TNTNRE
XFRLC7YM
P4H4HWXX
CNYHHERE
KCPAHF4C
HXL49RTR
HT9MFMP7
AYKL9TNK
WCMNR7A9
CPNT9L4L
Y4XENAYP
M9KMMANA
CCE7RH7T
LHAKMXLX
4PYM4KAA
4LL3YE4L
L3WYFFX7
PPFETMCF
KAFPMHKX
AEEPW7NF
XYLCMT9H
R37RPHYC
CENKLKAX
73MT7H3R
9XPEMNEM
3XNAMAEN
HYCTYCCH
K4X7FRXR
HYHEWLCM
RLKKYFTY
RFCP493C
LYT4CRK7
9REKLNMY
FAMLX3A9
9X7A77NK
43LRY3MR
XENFRMPH
NFC3HXC3
KWFK9E9M
RHMAPFPR
ATLATLEX
97PW4YLY
L4EFEAM3
LK3LY99C
9EXYKRRX
7MKTPMK7
WW9E33WY
9KW7T3RN
H4YY7KP3
W3TYF73C
KHFPKP3W
FP3H3WNC
ALPYEHX9
NKN9A7HL
77TXM3AX
HNYCHWPC
9PWHCPAP
F33XNP4M
X7NLWYRT
THT7YFX4
37HMCTF3
AE9L4FH3
9T4CTT4W
LKXTA7TY
H4M3HAH4
EMFXT9P3
PYETTNYP
3KA7C7N7
LACR3RRT
3CXMLPEF
EC4C3PKY
T9AXXCK3
RMMRCKE9
LF7KPH3T
4T73MF9C
XTL3XC73
CWAAXCTK
4NALXY9L
W7MRP4RC
LXXXTKCT
PXNYTETX
3RMR44FF
XFKHMWLL
4WERA7M9
4P3FNMPR
TKFT3CMM
MEEXP4LC
CXFKFY4T
FY4EPPL7
XXEWWL7L
HRR9FKF7
437FMHL3
9MR949E9
YAHPW49Y
REHT4WAH
CKCMPNWE
74PKPHY9
F3HMKTTK
EWATKNRW
3RNCC3AH
3NTY79KM
HF47ENT4
LW4TWE7L
R9MNCLC9
4TH4LNKK
RPTNNMF4
F4C3FCT7
TCWX4K7T
NMFA7KMR
M4EAAKMH
XEXYH7KL
737W9XRX
E33WNLN9
EFHREWRH
99ACNRLW
3LLLE43E
WFCHA97K
4XELAF9L
L4WT7NNL
YX9NRLLE
HTKEEMAP
RCCPFYPL
HPPRRPXN
TFK99FE4
TCN7H34T
7PNTN474
M9EW9KRF
FWHPCE4M
FKR37L9M
PLW4NWPH
KCTMFXAX
KXFYCCYH
EXHN3MYY
NLM4FL3P
PH4FREPE
K797TYNL
97AP9LCT
HF4RALNP
NR4MRNRP
FXHKMLRT
PX3NYWH3
CAYNMMF3
KCRKNNAK
M9RP4WF4
EP7N7L4R
LEN3XNWH
KYYXW7AP
KPRHT3CK
TR7P4XNT
Y3HYAY7C
RXT9L9WM
T7ERCCFN
MH4HANR4
XX9MCXAY
9ATL7LXL
EM3CA7Y7
NE37NKE3
A4PKX773
3TKH37PL
KPFFF3AN
A7LR4LXY
P99HNCNH
RHKELP4C
7K3X4F73
EH9XTFHT
K7WKXXPM
4NHAMX4Y
MM4FEHHX
WLEMNFLH
TLTKMLX7
AF3P3K7R
TE4RLCWC
PHPCNENE
A4HRWYXY
MPMFE4TX
MWXMYPMY
TPFT9XTW
NML4N7RA
R4AAXR4P
L7PN73LY
LART33M9
33XF7P94
MYCRHKTW
4MP47HLY
7AKY4FHE
AEFW7WNW
R4KXCLTE
K3NARMLW
9MAFAEXP
Y9NKF4E4
A9PTRNLY
4EAL93L7
CN733WXE
F9NKRCFM
MWYM9XKN
7AECXL77
XFNHM7WA
WR7RM4HM
PNPNWMPK
EMWEATA3
CPE3NY3W
9MTN9T9T
AF4LCPN7
WXPFHL7T
TFFETLA9
9T9PNRW4
WFYCPCYT
3MFWFKWW
4W37FKNW
7999M74A
AY393NTR
FXWLPK74
9HL7ACPL
NXLCPFN4
7ERPEAHP
4C3XXCP7
TLYPNEAA
9KKR447N
AAEMK77C
N77AA4FM
HYAMRTFT
MMMRPKRK
4MAHCY3X
4MLRYA9H
CALNCM39
H3A9HMW9
4EXTETAF
NEC7KCTL
7H7AC4CR
N39HFL4A
F4CKY3RX
MKFLPA4C
RHTWFRNA
KFPW9XT4
4RAWMHAP
N4HLX744
KLNMY7XH
3NHXP7FT
WNYNMAX7
FP3NXAFE
AR9Y4AYP
YYRK7MP4
X7AKHRWT
7PEMLRM9
N4YEELEF
YNNP3CRE
TFY9YAMP
4HPMWWTK
KCHF4XKW
A3R7TPE3
PRCYNMMC
LLMYRMFY
NWTLN9PH
N9P7CLL3
MFTRKW4M
PHRACTHX
W9CFN9RN
KFAWTKEE
MMWCCW7H
NWMN3NTT
XPHPY973
9FLP4L3E
RPETHRHW
33L9KH3X
AHHMKHYP
MX9RK3FH
A7L9PYPE
WK4C4W4X
C4PECN4F
TNYMHHAM
FLPYNLLT
EKAYYFTR
LNK4ANHT
MWKNXFNP
XK4XP3HT
N3PKMELF
NCL9RPKK
FLKHT4P4
RKXWXTYR
9H4MXCP7
FW49NPAW
L44YRC7L
AFTPP343
7FAL7EEF
EK9L9R97
494479X9
K3F9YEAX
LCHCYWH4
KK34TLNF
CKAL3WWE
4THHKLEL
9A9A3WLY
3KEKCNWA
7R3APKP7
4PR4PLY3
XFTE9CYE
4CYMHWXY
WTM3HC3A
NMXRHT7F
WTCFCNRX
LKP4CYMR
AWT7YFH7
CMPLRP4T
WKTY34HW
RNFCWNTH
4R7XRACH
FYPFNTRR
NFYALFAK
WETNEAET
7349WRNP
H9T7EFY4
ANMFKYEX
AH4ALXN7
TAACT9WX
LFNLR7WL
LF3C3C33
EMYLXRCH
YYP3NPXH
4LHWE4LW
3M3HLENL
CPMCN9NY
AT9THHFF
KHXEFRH7
C4PWKWNF
PY47MRR4
W7AHP3MP
A3HNE4LX
AN3FMFNP
CEMK4AML
4MPYYW33
FEHCPH7K
MPPA9KYN
WK9XXL4H
T4PE9M9F
4W9FPAFH
MW9THYCF
FPWWFKC9
3WPNNWK4
WAR9PHM9
E7CT79EE
P3X9HR73
RPLPLY3X
CLHNR39W
WWWH9HPC
H7PYC9AX
99AHX4AC
33RNHLFM
PY7L4LRC
FCFP9ALM
WYCXMCFF
4REEALYM
YXX3FWAK
MX34WXT3
F9WKWN33
YWFCMK43
3NEFF7WF
9CNEHT79
AFX7HMHM
K77EHLLA
HT7LMCCP
YPYFH344
ERRFL4Y4
YAK4N4KP
XFTLECHN
T7PHCMK3
AF9TC7WL
KPETWWWR
FNXLTAHW
T4EM74WF
X3PKH7NL
YNTPCPT9
43FFA397
YNENXCE9
NX4NAFMK
YYCACHNX
R9EWE373
MXMFEKLT
PWFHXPPN
PLMEWPCT
WNATHWER
4AKP7C7F
NAETFL39
XCH3PARC
CW4N3EPN
7TMKF79F
PA9XXEME
97AMLC3Y
NTLT7H4H
9XN3LLLL
FNKE9T4Y
AL3HYN4F
RAPPMERF
XTNT3HAA
A7LLLX9K
4F3RL9K3
CMKAFMP4
MK9A9NHY
7R3EHXNT
P9AA37F7
W743PKEC
Y77KRFMC
7T9TYXEE
9A7EEAW7
37LMXRCX
9T3LXP4N
MAYCL3AM
W7E4EWKE
PXAMH7KX
4WT39FC7
T7EA7NRY
EWHTNEP7
TWH3CL4N
FACNT9HM
ETTPA9PC
CE9KFXNM
9W3XKTER
3MPEFWML
9WT7T9N3
LXC9RCAL
LLLNKHH7
9N3NWWFL
PX7ETLLY
APPN9LAM
47TEPY9T
33FHTYA9
XR7N9TFF
EPEH73WN
PAWN4C9M
H4HLXPTH
3E9F4ELF
AMKFAYHR
F7WYKFMF
TYN4FXML
H4CYL3CK
LNA3NCWN
XTCW3NAY
3RRTPF4L
T7CT9AK3
9WNLHPKF
3NHT4P3P
T4TPR7X7
TNF7AWYF
YHR3EHHC
F3R3RRHF
3F77NETW
E9RRHKWA
FMEC7H4L
YELCA9YT
MCP33M77
LECETK3H
Y79WT7PL
AA4CWAXN
K7LETYAT
HHYKX9WE
HFCFF9HM
RKRNTAAC
R3PN4FNR
N7AK49K3
M3TNH33A
EPK9P9WW
9X3AYPP7
X4NTRW47
7TX3Y7CL
EEWEAFKE
L7KXRALL
737W93HE
MEHKFY3E
3HECXH9P
TPLL733M
R3KFAAXH
F33HAXEE
9RKTHCTN
C9PRPP97
RPRYWYCT
W3F9KCLP
TKNEPT7L
HEL3F7RF
Y3H7LKL7
MKA9T7H3
EAMY9LAT
WWC39CW4
YFLH4HLW
E4PMK97C
7AKTAMRC
HPRLMXFM
TAWLTK3M
TRP9HKNM
YPEKXHLK
C44Y9HME
ATTRHEWH
AAYNEPLR
X3CHHAAR
YPPHRAXN
LHWAKHRN
CKT3XK3F
H3R93YLM
W43P3KAY
TPHCE4E3
HRAXE99A
XEWWALM4
XC7REYR3
KHLPN3K3
H3CCWMPX
CY339W3C
49X4MAPK
XK4W7FA9
TCAAK4XC
RC9FRM3X
7PLHTYRM
L93WKMWK
CKAXKAYX
W3XK3CF9
93WT737Y
WNRLNTK3
NTXRMA9T
WP3YNAYL
PM9MRAPK
R9PXKE94
CHETLHTN
M9WPFRCC
WWEFMHEH
NFK7A9EM
THFNFFPP
HECLHPX7
T39EPKAW
MAXEHLWL
7F7PRHW3
NMMRATRY
3CTTANHP
MTRCTMKX
F47XHY34
LAKTHXHM
PMHPPH33
TPR9W7Y7
4M4CHHF4
FELMEYNL
73KK9K7H
NRMEHFWP
7L4E7RKP
LWPPKX7A
NP4A9WE7
PRKW49TT
WAE7E3M7
AYEXRNX9
HTLKNL7M
MWP93XTY
HEKWKHMT
9FMM7MCN
3NTKWRHF
XCYKXELA
AK373RPP
C37XY9NX
Y7NNAECL
CPC34WA4
4FPM9XKL
K4E4WPE4
TXT9MCWL
E9TFTCA9
RP4RFPTL
4Y4PHXXN
RPHLHKCC
E9CCEN4P
4NLPYTNH
3N3H4FC3
Y3FREAXN
NWEAT79H
3RPY797F
7AN393FL
9ENFMW33
TMPNX9NH
R7Y7P7RH
Y4FTYLFY
YWTW3T7T
FR9LE9PA
TK7FEWNN
YKMYEC9Y
L43HWHM9
Y74FNMHH
9PHYFL34
AFMR44WT
4PXEWFFN
W3LEMWMR
X7XE4WEA
73PCTFEP
MLC4XRA7
4XYRPEFP
XKKLEYYL
EML7R74Y
PKE9MFTP
XHXT77FE
WR39WT4A
3MLMWTCM
CCWFYAWL
FHEM9LW7
PEMFCWXK
HKKL4AEE
Y797F3CE
RYHYKAAL
ERRHKFNC
HX4XFFTT
9LCEAATF
P3CEXTC3
MTN74EYA
LYLEW33K
TEAHA3AR
YYWP9PWP
PAXN9XT3
P9CHFYTR
3RCARHNR
WH3MEKT9
NP4MKTAE
N4C73FEW
HW74M7WE
YM9C734H
4T9Y3H7A
RFTLFL47
XCMYHHKX
7MPXMT7R
3NF9F9H4
AKLHTCRA
YCCTMXPR
3WPELWH9
R3XC7W9K
P3PXFNHF
93X7CLLH
R3MM93KT
XKK4KPHF
97E7CTMP
NRFY9TAL
NEE9RW4E
RET3KMCP
9Y3KFKKA
HEX3RNLL
77NP3CAY
LM9PCMEP
TPWPRRMW
KMWLP7MX
4HTPYMEA
ETKEP79W
XT4WYNWC
L7H9WA4K
PTWYTXLT
W9KFALLN
3N9MF9CN
N4C7NRAY
YRMPKAYM
9WHPNMW9
H9PTAE3X
XLFFYL93
KKLWNNLK
FW9TM4YK
7RPM99W9
FRXXNCN7
E7P4ETCK
AL4A93WX
PWLXRRTF
R7N3ALRR
KAT4LMH9
X7NML3ME
K7MCER9E
E7CHEELY
7XHTNX7X
MW337LAP
37K33MA9
3PA3P9H4
LRNC73MF
N3RHXYRX
XAKAHPPC
9WKMANY4
KP497LCT
CNP9CPYT
YEAT3HEM
7K7XXLKL
7ATN7WHE
3AETKCE7
L4HRMYEY
R4FHREFX
EPW797W3
4KECRFCY
7YALMFEA
MAAMHY4T
9R9PKYR4
3XXLT3TX
L3WTCLTF
FX3RYTY3
LXKPWX4N
MWXAKP4H
3XYLPAAC
NP9NXHYH
LHCN77PY
YY9K4KHE
TTEY4YKF
ANPNPHCP
EAE9HCL9
P3HTT4WX
LK9TCA3R
EH4YL4HT
TW9YWRT3
E4HKTT3Y
EPLP4WTY
HKMHTYNW
NC7CNKEX
MX4CRHHX
YYNL3TTR
L7HNPTK4
N74PXHAT
H4TPXMFX
F9PANC4N
4C9A7MAN
XLKY37EF
A7CN3TLX
WHFELYF3
LXMHWFT9
NENFRC94
AHTRCAYK
N9FN3CTT
7ALFK34X
4KHYAR43
YEPRPML7
PKRK9779
PYKLNMRM
TNFLL9XF
HLRYLCYM
XMTLXPFK
KPW9NNKA
A3NYPXA9
9LELY797
RCNCM3T3
RK4PHP44
EKANPKMR
PTTXTMAP
MFFLPN9H
HKNHX79X
XCL3HLP9
4A4CWYLT
XYEX4N99
7P39WRPF
PMECLK3K
RARXKYP4
A7FHYTRR
7F7A43PH
R7AN73TA
AHCYLEEE
WAM3CENF
YRTHYLXL
9AK97N3W
NHMEE3CX
XLCYEHKP
N3RK4AW4
HYC4CF4E
3434XCCY
PYP7R3YK
F49FFA9M
PPKNFE9L
A337REWH
LYWE7T4Y
9FMT3RXL
TYTW9XNR
7A3M9KAH
KRR4AR7C
MWW4KWEM
KYNHFKKE
MMKPCRWM
PA3PCHFT
H4LE3FMX
KXYWMPKT
XNK3WWRE
RYAC7PLL
P9CRTTAA
3ARW4NAW
PNXFPHEH
CR39CFYM
7XPYL4CR
AHCX7CRC
9NNY4EHY
H77CWM4N
HHFTFFKH
7XPHPFY9
CRPCLYWM
77THCM4A
7CR9KXXW
CYAALPXR
PE3Y7MT4
XXAC4FXX
7CX7XNKY
XM33HR4E
3EARLLWX
3CM3HFW3
CXXPH4L3
WKEE3LAA
XEEPEWH7
R9LK77YX
LNLENF7P
HEXE9AFN
NNKLFMPA
3XKAXPCL
A3AXP7CX
PCT9FT4E
PWPAYK47
L9HET934
LCRMRCAM
AYRYWTCX
YC7T7RW3
M7TRPENR
C9CFYCAM
PKXHMYER
CKNRECXN
9KNP4ENK
MYX9HP7A
93RNAA3N
K4ARRYLC
YANAM47E
NHXYFAP4
7YNKKCXE
7R7TY79R
FKANMHWL
PTYX9CPY
TPFHCFKE
EME9TW4F
KXRPW7PL
FF7RMNLT
EPKHRRRN
FLLMPYPH
9PCF4CRK
AWNTY394
LAWCTW7C
P7KWC74M
PE7CNHWY
YTP9NEMT
R7CY9HMA
HFCT7YWK
XRWRRLFX
YYMHCARR
YYCX7NEW
KHPX3X4K
LWT7WRHC
EWPRRYCM
LP7THWEM
CYWR7TAK
ATC474TN
K7XTYTTE
RWFNARP7
AE3KWYLA
E3HRFAEN
FNCMFKWE
WPECX4LF
AKWAMM9C
C3RKKCHN
RMXPFMTM
YYKNX9NF
C4HTY3C4
4NPRF7FN
HAFTEF9A
CRTTAPPM
HYLH99T4
AEKMTK7N
MXL4L7P3
3EFEWRRX
4APCLMXF
PEEWCPF3
3RP7FKC3
Y947R339
WRF7TEKT
XFCFEMA3
E4XCFCN4
4FEFNMM4
37LNLMAK
W9K3TNMR
R9MPFYKC
XWPHEY4W
MNHXHRRW
CMEAYRM4
4KFPACTP
PNNH3RAA
PYWX4RHK
ARHFHFHA
L3WHXF9Y
HP3RCM9K
7KPL3NHW
CNYEFY9A
YRHCCR9Y
F47WAYMH
YCW4EL4K
H3MAMNET
A47NFFMF
RRF93YCH
TNLERMYA
EM9CMFMN
9A7KRWHL
WF9CTLHE
XKLERHK7
PKC4NNCK
TPC34FH3
7N44RCMK
RYKFEMRY
XYPRENAC
K3WCC33N
AKRCKNEM
EAHLE939
X4KY339Y
RLYAP4WT
WWFPPTHA
3NCP3W3Y
3L4XCYH9
TWXATFK4
CWHEKX4R
MFAPEE9X
WPHT37E9
XYCFMT7Y
EEFYH4A9
T79P9AHY
P7KRX4MX
9M7NEMFE
KRHFCN7X
4FCN37YN
CPP9PNP7
PWWY4E7Y
HEW7TW7W
PRF4MP7X
W93TCE44
RPHFP3XP
NY44PAYR
K4AXPLWH
W3LN3HWH
EAF49YAY
77RNRY4H
YAPYXKKE
EXKYY4W9
FHWTLL7L
XPX49H99
X3PKWRHM
7REYWC74
PX4KLR97
P4KER4HW
47WF4W4A
47TY9NMY
3ENC3WKH
CWFXFMK3
CLENYY7T
97ENYH44
A3MCMM7N
TA4F7CFC
A9FY73AH
Y9HHPLRE
CNYCFA37
N43CMHH4
44YCE4KE
WF9P37NL
HRM7W4R7
YPTNNKHW
M97XEWNH
XTYHWCTT
7TE9NXXY
RFWFTA3L
47WXLCL3
4CX37RNR
FC39CWWP
XFXAYRWC
P3PXPFMF
PWPTXKNT
XTPFAYKY
WRFMT7MX
PXRNLRCT
9KPFY3EW
TFMAETTF
YN7FYANT
FRAY43FT
CRFEM3NH
FRLNY93L
97TCT4RT
HXWCX9C9
FYY9FFTC
LCKYT7M3
T4YMPXH7
C4HXHXCL
3KLTR7A3
3XWRXHRA
LNFHYNRC
PFRKFHHY
RHL9W3AA
WPNFAC3C
XAF93L73
MK44K7AL
YNET4TF3
RRPM3KCX
RNAHH9FM
AXY9KREH
CRAK7AT3
XWN9XENA
AA433EYK
3TEW44AE
HHKMLAFL
PKC39AW4
PPFTEX7W
NLLK973F
4CCYTMEA
FRE337KL
XYTWFTKF
KP7A9CX4
KNEK7W4N
EC7R9PHL
XMMHKY37
W9799XAL
EH4NMEWL
AC4F7WHF
3RYHCMLF
9K77A4TW
YEEY4YMC
YN9YPTNL
T9MLFRFY
HCFFWMXM
MF3FCAWT
ATNHYMXE
RYEMF74Y
ELWF34NR
TCET7XX9
7F7F4TTX
ATPMA93W
FP9YA39N
CX9FTCWY
MEFNYLW7
YNFLCECA
C7T3YCEY
L4LENY7P
FFTHMXPK
7KNX3AY9
PPFP9XPH
LT9MY347
WFRL9MA9
HM7NYAWC
WRLXRANA
ACAC3ERX
XWEM39HA
7RRECN7T
PAALN7AP
K79FC94Y
AAXLACAX
7XK33MM4
TFRMA4YY
E9RK43MA
9XRTMTHN
4KRR3NYR
X3N3WY9E
AH4R7HM3
74THNKA4
LWTALMCL
9L3E94MR
LNMCMCFY
MFP9HLWH
4L3MEH3X
FFR9MH39
3HHT3NR7
AKX94334
WNRTFW3X
HKEM949K
9MNKFEH3
3HXMETHW
CPFXMC99
3H93YPC7
9WXA79LT
EA9WPLLA
3TF7AHL9
333H3YTR
7RHE4XRH
EKXTEPHK
FNWCMNC7
A3KHWTAR
A44EWM3F
W3R9L949
WT7XC7MM
NT44479C
AME7F99Y
HNWNENMW
CTAM9XTT
T3FAKTP9
XH77NCWA
KCNPRE9C
4HKNRWNX
METPRLML
4RPMXPYT
PKCPM4W4
M7NYCFEL
NEHFF373
ECAYECM9
TH4TYPLP
NH7LTEMR
7AKMHWLL
L4A97YPT
4KP7R937
MKC7ML9F
FHWHFCY7
EFRR4XN7
7A39RRYC
LMTP9KYP
9KWEXKMA
A79FCYYH
TLXXY3WR
RTXNEXAT
H939LL7M
AXNYMKT3
HECWN4PR
4RRFPMTL
LKLK7EW7
4YFPC4XP
3TMMH3MM
HW9T9RTM
9RPL9HXK
XLLYEYCE
CTLWKCYM
RLK4AKAA
7LTAFWFM
HFEHRFLT
9TL7ARYX
X9FLNEMY
CRLKNM9X
RNMANMN4
9NH7KECM
LN79HAFK
F4PPYMAX
EWC4XXLP
WLN3NLRN
EA7L74WY
9YKHHAE7
C3994NFX
Y7WNMW49
TFYM4XXF
YPNWW33F
H344TTXF
K439T7YN
9TRFCTFA
RPP3HN4P
PHCLMMCW
WXNWWCWM
YERLAACA
RFMK4PMH
ATFCF9E7
WMM3Y9CX
FN97A39L
4KLRCYXE
ARLHPMLH
RC4NR7XN
WXXF3RK3
MKAFWYLF
FMLY939H
HNWCNT77
MM433A47
XEERFFXY
NTXXKNF4
LR4NPMXE
TNAPKEP9
9CFW7W3X
AXMT4YMR
YYE4CP93
37TTPYFW
K44R3MC7
EHHEANYX
9EW3H7XH
EHHAMP4T
F3TC9FEN
3MN9XEKF
7RTKHKRH
NH9M3M44
ETATNTEN
3FY7LERN
PYALLYP3
3ARFHH4Y
TCXF734W
CKN7F7Y3
MPXFATXR
HK7PFKAE
RPECKXAT
XRX7XN37
HXT373CR
P4W4NHM9
HEXX7FRL
A4C9CAP4
NRKYA4HC
4WWFKMFN
MAW34LAE
79TKFEHL
X3CRKTAH
3Y7N7LW4
HHCXACLR
KPX3KNCL
PTMH33CR
9X7AATRY
KLH9KLC9
Y4XNF7LW
WTETF7H9
KX9REFX7
RKARY77W
TN9YMATE
R4EEHKPX
KWT7FW4L
MEL9KH7Y
LXLR3NEY
XP7YLR9C
KMEMYWC7
7KKPTXRK
HHLNE4LP
LTPFKEK3
7WLP43YF
LAW7MFLA
7LYPKX9M
WTKPARHL
4TYYCYH7
4AMCHRXA
NYTCT47Y
TKXXPLK3
FMLA3KW7
FHLAKYYT
F74TAX4N
LMH47ACX
M44MM4LP
L7A4CRT4
WP4KYX7E
3FE74YTF
LK4MTEAL
KA3XHA9E
N7YWEXNR
9774HE4K
WP49XARH
9HFKTYXR
MXXRYER9
NMMXLKXX
WK3R9X7M
WRPPAXEH
44K7XAFL
XCHY97YE
WPAWWC93
K3ALCP3F
4C7YAXC4
KT997KH4
HLEM9CLM
TH77KCEE
XECNA3CE
NWMYF3LC
7NLNYRWL
TLA3XA99
KYEL4YP3
WAPNP7RE
FTYWWMRW
9LRKMCE4
7NFEMYER
M3RHA934
37CXT7YE
HYAFFFC4
7RCEW9K9
9X7KR4T4
KCPCELWN
FCF3CCWC
3XCNHM4N
NANPKR99
A439RHAL
9A4MKC4W
FLXPCNY3
HN4RNRRW
H9EFF4ER
C7AMYNFC
TA4E9RXC
9ETXFFCW
CEKRKXHA
R7YW3CCW
HPE44H3C
HFRLM3FX
33MP7E9R
FLMKCEM7
NCPFLYKE
33NRAEWW
LKWREACX
ATAF4WNE
3RTYANMR
K4EKF39H
EC99CM77
H4HAPA44
YFP9RYME
MAT4K7NX
XEK3RLMY
WFKK7MME
AX7F3P4L
CLREYRX4
L4ME9W7K
KLFR3NFY
CEXETFCF
YRFM3WXE
HYHC4HMK
3KNAK473
KW4HWLFW
H47MLX39
3T4X9M4A
XXPNN94P
49XTFNX7
YP7C3KY3
LYT7LYPA
KNL39TKK
TM4TX4RH
HE79LE4W
RXT37WY3
RFHP9PT3
7LANRRE4
XML4X7KL
TALKXPFF
KFKHPYRN
NEM9FEXA
HLFAFFPM
P9HECK3A
H7MWL37C
AKTTF4F3
KYTL94XL
LR39XRE9
9LYKTLWR
PARNC7EK
YPCMHKPW
XTH7FCLF
XHTKLELN
PW4XRYPA
MLWNR4FY
RHAL9YEA
AFK7WTM7
H9XNR3FW
PYF77LNY
XNK9RC3X
39TLKCTE
X4E9E7HC
9XAXAC94
WWN7KCAT
HTA3NHLP
EXXETCNA
MWK77FTN
TK4A7PCH
CLREH9CN
RMH339TC
RWARTXYE
NAHW7WHN
9X4P47LH
3PCHAHXP
WN77LR7Y
PL9EHNKE
T4WM4397
WFTEKXPE
3CX3WA93
LNHP3W7X
73APLLEN
4YFTXHEY
TRLMTNAR
Y793WPCX
RCKWN4NX
PMHLXR9E
WTXXN7KC
9NH4CYL3
LC3PNR4N
CMY9KEY7
H9APYLAK
RM3A3LMC
PM4PA4XW
3XNK3K9P
W4E3L4LC
7EP9PP9M
KPEHX397
KFF3H4LX
M9F99MFF
TLYN3HRN
RPT4FPK7
9RPK9ACY
4THKKWWA
RT7A7LHH
FHRFYRA9
EPPYTMKR
AAEC333N
W7K39LE9
Y3NC3APR
PH79XXT9
NHX3397Y
FWN4XMXL
FWX3EERE
3EHEYHP9
TKHELXC7
L39HAFT9
9HCNPLKT
44AHYM9N
E9CHHNMN
YP4N7XY9
H9RMN9CP
A3MCHE33
NRMXAT4H
XRRNCEKF
N799A3YC
KPR9HWPT
LNRHMHMN
4E7HCM3A
MMAM4YTK
AR73P9FW
PRC7YH9H
P9K7YFAE
E7HHWKTY
MCELLMPK
N79W49AL
9797FR4C
R7ME9394
7YNA9C3H
3A93A4EY
94NNFMAR
F3C9747H
4LXFHM4M
MWM7CKCC
HM9M9FYR
RPL4Y3WX
FLKYY79F
PEXKTCHC
MXAY3Y7T
HLNCK49A
7RKXWY43
7NY4TR4C
K9FYNAEX
3HPRLEHW
YH9CMN43
LENLERWA
FR7AH7HC
WXFHELRA
PHKKL9TA
MACY9RP9
R33EA4AY
4FWMT933
H3TKAW3E
NPRPCAAK
TPWWCFWY
NNYPWNYY
43E9M7MM
RFWA74F3
MXY34FPY
F49AKMW4
HA9ATY43
Y7H77WNH
PM9YTHNY
EH3C9CN4
AKMP73K4
RPM7AE3H
MKPK9KNP
NWH73KC4
N9KCR43C
E4YF9N3T
KF997REC
3YMRFRCH
K39A4KXW
F7FCT49P
N4MKMTNM
LEYNTCAH
LYCR9RYL
HLWAKKMX
3P4LCWCH
KWXW4Y47
9ECTLTTK
9R9TH3MX
CCA3F9RK
3FRYFHCR
NX3TM9HN
KHCCM7FF
T9AX4FRC
MPYENRAW
349AWPW4
XET737LR
TM4CH33P
PEHPNKHW
FW93XT7N
T9X9RRPP
7NM9LTWC
HRR9HWMX
RER4W4E7
FFLRNHHA
LMC4RA7L
P37FWCFX
3AKXK4EC
YFLY7CNW
EKYXMKCE
W3K4YX93
39MMLYE3
K4WHYEXM
NXMLEWLT
XPR7AMTX
CYCFY9XC
4FYWAFLP
YNFEH7F3
977CTYX9
A9K3ENLP
HEE9ML4M
7AKRYP7K
N4TYXWYW
P7XPEKAC
PTHPR7R7
RLE33YWR
7RTHPNKK
KCATMA7T
4EAKTXNC
9R9WEEMA
EMMPLMRT
Y3PMMEHX
AALRNP9H
HKRRMPR9
HH4ETPH9
EPKTY3CW
3KKPNAH3
RACF97PW
PHPHM9XA
FXTF4CY9
E3FKFKW7
4L3W7ENH
HWFCPKMF
NTLRR4KM
F3EYNNMY
CAPTXFET
YFKMAXAA
P9R3XX39
NH7HKMR3
FKARMLTR
MWXXHLHN
KH9F4FHL
CK7LRT94
XTM34TAP
RAM99CAF
XPNCH7WE
PX7C3YEC
FPH4PELE
C4R79XFC
WCRL94YY
WNHK3PMT
NMH7WPLH
M3KH3EML
NMEXARCE
ACHL3HCY
4T7K4LYF
HA474ECC
4LWYPK9F
MHFXEWRY
HFXEW9AX
WHKYF37X
9AAMLMH7
MEHRAWN7
NH9WM4WW
HYLXCA4K
NCTH7LXY
LL4AMMRL
4MML9NEF
9ACC9KXH
NYF93X43
MRCCCAPT
99WLAMHE
4KLCCKYP
WW37AXYR
PCXPL3XL
KRPH9A4H
WTC4X9LE
WC4NFTYM
LRXWL7YX
7F9NM7FR
X7FFT94R
TAMKP33A
LX7A9TMW
73C447FH
9LHWA3EW
H7NTHCWR
P3YMAPXW
W39RMC9M
FMTTHHR7
W3439RFW
7M4CF7HW
WWNLPXW7
YP9MC4PM
M9MLT7CC
9CLFXR9W
N49A7KHA
MECTPPNY
PFMNAKRA
KT3XY4YH
FYLRPAHA
ACXPMHHW
YTEPYML9
MM7ATCNM
4EATWTEP
KFKM7KAM
NECA4TWY
XKPTHTKP
H3MK9XFP
EYCR7WPH
FK77KYTH
MY4NAYEC
7HPNC7PH
YYM3NHXK
NNE7HX3A
Y7THFYHL
NF3CC9WF
EAPE9R9W
CKYX3RM4
RFFCC3TW
ANFPP4T7
XYPAM33C
77YC3TWM
9KLXWWEM
KFFTCEK4
NHEALWYE
3AYRENR3
X7YPFH9N
H9HYTHWL
MTYYTK7T
3K7MCLAR
9WMRRH7N
743TL4RY
PC9C3XW3
RK4MHT7L
MTRCEY34
TATAFFFX
KL4ERXR9
73TAK3FA
TYHYFL73
WT9A49FP
MHP3XLRF
3TP4MWMF
PTFR7ENL
39TFERP9
RER3EATK
TCE3LWMY
NCXCRXRE
LTYW9L7K
HKNFKYP7
NT9M3WFF
LNLHR3AP
MMEF7LEL
RFLFKC3K
TX7KAFET
NTP49NCW
LWMLPC94
3K9N9HPY
4LEF7YW4
HKKRTRM4
FCHM3FXW
CXXCWAT9
9H9HTTFN
NX9YT74T
WCYH7RFK
3F7MX9MP
HNNAN4R4
RAW7RYPM
H9NAPKM4
3E9797F7
KHRXMMRK
EHNRCYHF
YHYKFPCE
YX7MWRCC
HF4RRLAE
WL7F3K3M
RRFNK9WW
FAMPLKRT
NA3TFXF9
RCLXRMPC
4NFANX4A
KKRRWRMW
RLMHNL9C
XLMY979L
WNR7KFW3
4TPECA3N
WAPRL33T
LKMKK44T
PYEW3YC4
HM7CX4FH
4N3A3WPN
4CHNAF7C
AR4CNRYA
HXPYX7XW
ER4TEELF
XKXPTTMF
3RLHECLF
WHF4K44K
33F43MN4
9HPXEPFY
AY79447K
PP4E7P4K
C3AH4P3K
F7XPNR9L
RH3NRW4H
XEX9H3FR
PLWX3HAT
YTEFXNFK
LEKY3MW7
PNYTFHHP
LY44TMA4
CLMY4WFY
9XLM4EXF
YXXP4973
KHHRMTM3
ME4MP7TT
7AR4TNF7
XXFFMEF9
TLCP4XLW
RY9LR7KH
3PWACT99
L7TCTYHL
WCL4W4A3
47KHPY4L
7NH39HTX
MPY7AFNT
LMAP7L74
T77ERLKP
ATYFTPA9
3TW4ELHE
PRKL33RE
FRCACYAN
P4WYCMNA
H9H49MCX
XHNM3Y4T
MW37L43R
WL777PW3
KLE7H7M9
H74NFRFA
AYCK39ET
NYHYRMCR
RWWXKXYP
WYAKFREW
XEAN3FWP
EHHKCYR3
MPM74RTN
FXLNPYCH
T4HHWC7C
H7Y37Y4N
94W4M9WT
R7MTTYRE
4XFE3PTX
TAKMH9KL
CC4RMX3H
EEY9F3XC
K94YN7L3
NMYMNCCK
NX9WC9E7
ENKLYNWX
RW9A7FNH
HTWMP3RN
NR73394Y
XLNFHA33
7HL9R9XY
MNRFWWEY
RRKTYLY9
3RWKMYXF
MLKYLMMT
TPT7HKWC
NFM9XKXM
CYEXFCRL
KXCCWX3E
7XELTYR3
K733FEP4
LPH7C9XC
4CKLRRMT
FTFR7NH9
F7MPHYMT
4AYPFA9X
LX4WACM9
PNTXPCFE
RXH7M343
YKEK9R4Y
HH4WYKTT
L3CHNNNN
3F7W9AKL
NR9LNNME
PKCLRKKM
XYML7HMM
RC9PCFXH
N9PFC4E3
L43KHAHN
XRFFKAAY
LFH7WK3P
XTCWCPCY
FPW79PAK
TA7PTTF7
LLEPN7YE
KHKEEAEM
34EMXK9W
TN93K4LW
9HL4TYPW
9XWCHPP3
9YKLYTNW
4HA3L44P
XYC4E4YC
XNFPEMNA
HF7YEY77
ELXK3C3P
K7R4H4XC
PENKAHRM
7KHL4MK9
7LRCRE33
XHRENCFW
XLPMXM9K
T493NRLL
7CXAE97R
ENPNN4PP
3WWEXWPH
FRC7KT9T
NYM9NWYM
W4MRM9LX
NY99XNCY
4WYXAEFC
NEP3KEE9
FNYCXPA9
3PNAW4XA
XFMELCC9
HARR94MR
4FY4PEFN
HFYH9FNM
3REL3TMR
KHL7XXL4
47LLAX3M
WTPXX3F9
LATEWP9N
XKYFMNWL
WECC43CL
7RTMPNAW
CCFCKAKP
37EYTTM4
WLRA9F99
LERKALHL
HHLHTKRC
ECC4CNP3
LCEYCC4P
FYK4MARY
F4HFM3CC
PRKHPHME
C9ELPCMT
7TTFFTLN
RA3KHYYR
LR4XA43T
FWC797KN
PCMRPTWL
7RNYFT3C
9L7CF4LM
EHRK7N4R
M7TF9LPA
TLWAKEEE
HCXP43NP
YCHRHXH4
9A4LHKL3
MKN34WH4
CWW3Y7RX
M3AH9W74
74HW4NP7
4N7KW997
XAACRKLT
RE4EE7XN
HX739TWC
WFC49RM7
7F43Y3NF
T9APW4LA
AAWLPWRY
PKEML7CC
CPT9PY3F
7FWAPA7F
CEHEL4XX
PHC4CAHY
HF4PNTX3
F4HTXMR3
MHCELWXP
FRNAL9XP
FHYYF3NM
RX9KC7YP
WRH7TYNP
HAHNKL4T
P79CNFLM
RKX34XYK
PHL79TPK
NRL7RKM3
XELY4PWH
KCKNE77E
F33LPLYE
K3RAT4XL
PNW4LP3L
TWLXPTL7
ARFHWM9W
AY9MNHC3
FA9YTRRY
EPMCTMNT
P3PW7NYT
NTTR3YKW
K9FEHHPE
WN4K7XKN
7TXLLPM9
YHW9AMR3
MCLY97XW
XHNNP997
LAT3Y7YN
KWP4MK3F
E737M9HF
P3E7AC4P
XN7AXMH9
3N44RL4N
Y3WM3WY9
AFPWHKN9
LNMMY7P9
79NLP3LF
MP9HAYCP
7XN3HPNN
4FTTM4P4
CLLFYFXN
HWNLTWPK
NCCP3W99
LKRNCL3H
CALRRENC
YE4CTY3R
E79WMNL9
LE4KL3R3
KKTMFMHX
P3NPRTAA
7HNKKXEA
TCHMF7RC
HF37C3R3
NM939MFT
K9YFT94K
WCXWTNLT
9C9PM9K3
HR7X4A7Y
494KR3FN
93EA3YL9
EWNLK47H
TEAN3LLP
3W7TFWN4
7X3EPKTW
KN9TFK73
P9WXR49N
7HEM3AFA
FM9NMLA9
R3A9WXM7
AWRXAF3F
LX4K3APR
HKA3MWLW
HX433HE3
3K9FK4NN
4EP43YKW
7XFAMA7K
RNFEYRAE
HXXM4HFX
KFW7EH9P
KMY4ME9C
PPPRHAAK
PXHLXHTW
N3E9PNYL
P3HXCATN
CAPCTMEW
HW7F9KC7
XELTT3RK
AACMRW4P
3CXNTNAW
YWRY7PXH
7WNFCF9T
4EFCEN4L
7E3T7MTA
YL3C4AYK
47XKLPMX
RKEFT3HF
XKKMELCX
FAYR3P3N
CCAPTL4P
EY93WCP3
X4HLH44K
KH4RTTEA
HF4YKNNN
PE3WKLEL
RXMXK4W3
FKP49CF4
LNTHXMNF
EYN9EKWE
EAAYEH3L
9TE3T97F
LKE3XAFA
9RT9FACP
HWMNL9CX
RKM9PPCH
X37EX7FW
RAARY3RN
7NPY9H9X
RMYY43CP
W9YF7KYY
W43KMHRK
N47EH33W
R9W3AYFW
XW4CXENX
MP7A74P7
MRPCANX4
NYAWMMPC
YPX3L3RM
EWPF4KEA
P74AHEKR
TPRYELK7
YHAFXXER
PKXWAEXR
HHYLKMH4
HYHNKWAW
FLHF9KAL
RE3X37LW
7ME74934
KYT4737L
NN7CC3MY
7LFPCM33
CLY7MM7F
9KLKHRAT
LWKHPEE3
FLCEPYA4
NR4W9L7X
TK7FK779
L9ACWXPT
MMYXA3E9
XKPT9FPR
PRCKLEP4
CKPAYRWP
9XY9HFP9
AFFLMN4L
XFXEPX9K
LRCAXLNH
LKTPKEAM
7LNKHMWT
R9CXENMR
YKLMWT4C
YR7F33XN
FTE9NEC7
KMETAFMM
CTL3KLR7
TETXFWYL
73YYEFC4
F7FR3KYN
3WXX7NF9
RHP4KTYX
NKYTXTEF
TXANYM49
MKFNFLX4
RP4XPE7L
KNT43WWM
LXMNENHF
AKTMEXYK
WF4YFHNW
33HXF9WM
YHNAYTWF
T43NACN7
9PNARYMY
9P34T4L7
N9EK4AYY
AFMK7Y7T
KHFF9RW3
TNEFMKR7
E7N47KRT
FXYCNLYA
LCCLPPFM
PKFMYLCF
9RWTANHX
LEPCCWR3
APCPFPYW
KWNFY74A
KAY4NC9F
F44PMYT9
RLF7EF4W
HEMMP3LX
Y4E7TWKN
3P7NPC7F
YHFFWHHY
AKM3MHXC
MMFC7HCT
3TAPEWMT
4LT4X9NR
NX7MFPET
CE7WRER7
WPTN74CF
LXPPTP9C
HTTN9CMY
YH3EFNCR
N993NYWF
YPNFRL7A
RA4LACML
EYHWTYKM
3XFAMFAF
XPX3THTR
TWMCHAXW
9WXNFXML
HWM93CWN
MMC9NAMX
CXHTMTPA
CNCL77HM
NMMRNH7H
734TLF9P
4XKE79HH
EH47CWRF
L37WNM97
93XWANWT
WRMLFTWM
RNMKXA4N
KNAWXAXR
XWLHREHL
HW77CKNK
NHHPME4T
KC4YCYT7
PML33HWH
FP94NAAF
FKM3Y3R7
9N4WFMH9
AN3M93PN
HPH7NY4X
9NRX94Y7
9W49YHYP
ECEYTPCX
E7YLLCNR
7FHKKY7Y
EXMHFYML
3HW3W79W
EMC7HWRF
AENMAXEH
X9Y9PFEY
PMXWKWCH
FR4NWACP
WX4AWEFF
PETXYKH3
WCLNXWEK
MACNPAH7
AHMLCA9T
T4ANKTTR
3NMCRTYK
3KTPWAXW
ACW93CKR
99AR7EXM
XY4YPM4W
3CN9REYK
7L37YLFE
N4HATL9P
FEXCPXEN
KP7WKY4X
3EW4AAWA
R9CNAKP9
LXW3TNTR
3FTCXPNW
LYM3CX3X
XMXEFAEW
LFHK9PY4
9PP3RKCC
XPMHNXHF
WA3PXTRP
EXYCY99A
RCN7FNFH
MYHKYFP3
3E9W43R3
P77CERAR
RYKPLANX
4AELANLT
9FWEN3NH
AC4MRE9L
H4NWCCEN
H9L9LWKK
R3N4C7R3
WEECE4LN
7MX7A43N
K3A3XC3P
M3PLW7RF
NWT3CYF3
THT4PWEF
3R3TT9CF
HNPRY9KT
XNKCYFTN
EPCAEACF
FEXMXH7M
XLECH3NC
RKXXMWXP
XRFARP4C
WRCWKMLR
AMYKWF9L
LLWHTNTY
HEHCAXMT
77WX9PW7
CC7RKPMY
43PPYATY
ETHX97E9
LKR7XEW7
99REHLA3
LWFRX9MH
7F379YC7
77FFT43K
PNXPKKN4
C9AX93AY
PF49H3F3
ETCNEL7R
HWCECKFY
NPTLXKFX
CNYXLPP3
NHEKF4F3
XXX4FY7M
9MTEXLCY
N9WF3LKL
WRWAHWRF
4Y3CAFNR
MFE7Y4LW
XMXANR4A
P3MLNRHY
WCPFL4RE
KNEXCT4N
EMXNKHPN
KEEPPTXR
N9ATMCYT
YKLR7RMR
TWEY94PW
XN4MAW7A
HWP4CLMY
P3ERYPML
NWP4LRRW
HXTMLTWT
93PX94EE
CRMNAM97
9NWPMPTC
PKTFFXNN
CWLNW9EL
3CMKNHKK
7E4HYR3E
3WPHARFY
HMEMXXTK
PKY9XXLL
TKNWANKF
K7AYRT4F
YYHPRR73
4Y4MXHL4
FH4FEHXT
WFFNW9NW
R7PKL94T
PHAALXTW
WPACE7CR
P3Y73CX3
N34LR7A7
KYNEMTHW
ALR4CLKR
FFHFMNYR
ENNMN77E
TALHPE33
PWY43FP9
99RHT7AX
CL39LYTX
3FRH3Y7W
7A743RFN
7RYPTYFE
CENRHX4C
EMHPXM33
K43XNTA9
HNKM7LP7
NPL7KRTM
C94E7XK4
XW79YKWC
K77XKLKR
MR99R3EF
FP34LWXA
4NCXA4EY
RN47T3X7
X9H7MPHL
WMPP9TK4
E99PKAKR
F9K97A4H
T3FFYPYN
RCKKWERY
YY7NXYTF
7FAYFPXM
EWPN3XK4
FWKXFF4H
TXRERMKW
PCFR3XTF
HTM7MKWR
4ARY4AX7
3RR4P44L
RHRH3K73
4THCAYHF
K7XFFHKR
A3EFC3TP
3KRNTYC9
PAYYM9YK
9EREWP3W
3MRMCHCP
K9CXX4TR
LN4LPTEM
A9MEM743
W3MT3F9C
H4FPCH7Y
9FFFHPMY
9FWKNTM4
CCCAXNLM
CWFNL3TT
XYEWL4XP
PPE4YFW3
7RXEK4H4
W7FL77NH
TE4TH4MC
9NLFXM7N
CNNMACYE
HHPXXKFN
H7RNHRFR
9EKMM9WX
394PFN4Y
4TA3NW3R
NTEWMPRM
4YLMWP9K
KWR4EH44
AWMC9FHM
YNT3XNXH
9PRAXR49
XPWERHAP
YEFNPPPF
MWYXM3XP
FMLK43R9
7FR9T7YK
MLE3HWF9
ETLM9XKM
NK79PRFW
PFAAT7HF
7Y7WWA9Y
M94EYMM9
A3TFE7HP
R9F4KLN3
CKRTLET9
XLCWRHPX
FNAFAKLK
YLNTT9ER
RH7LWPKA
PYXERWRC
AAMELXCC
RYYCFTT9
E3CCY97L
7HH79EAN
H9KEKYWR
MERLMTTP
RMR4FNKK
LT4XM7XL
AL3KN3NC
FNLHK9LP
P449RE97
P79EMAPC
9M4MPF7F
CMF3XYC3
KAL3RCLK
3TRNCYXX
CHYRRF4R
RPNKMPFY
3MC7XYWT
N4PT4RT7
LYFFL3YE
4FKHTH3F
CHYMFRPW
4MX743HW
PF94YTT9
M4EMP7PW
PANPTT7N
7FAWW43F
H9KPNP7P
R9F3X4RW
4ALFT7Y9
FEPKFLW7
NN7YTCLF
FTMM3NPE
KEWLKNAN
TRFH4MWH
EYHAYMKW
AXAWPKRF
KKXPPRMC
WP973NT3
EX94YMR9
NALM7ENW
KHA94MTM
Y9PAT9YK
7N3NCXWA
LFK7FHY4
RK4R44XX
MAAF479N
HR4LLYTP
C3XPREHC
FNNNAYHF
974FEKC4
NWMWYHTT
HXEAP7EW
7FHACXHT
KW4M3FN9
3LWRT9A3
FX7TWHW7
3TCM9TEN
7AC43C3H
LHR9YF79
MNXHFFWX
NR4PHHFE
AE4WFC7X
KFT99E4F
CCT7TRMF
TAT4T4YE
TCXL7A3K
PA74WYPF
YRH7YPT7
PRNPECF9
7PEM4H7H
FRAYYCAP
EFCMATYH
49FA9ANW
ET7CNA73
XR9N4LM9
AECAMHLX
497TYPWE
FM4AKAAP
E7APXFK9
TXWCPK7W
PR9WCAAW
HRPKRTYF
37K7KLC7
MT4R7W4K
Y3HYX7WL
TLHMKAP3
XEER7LA4
F9MA3Y37
93C7MM93
PFL3C3FT
CTNLKX3L
W7PYKAC9
9AEYH9AF
Y3NLC4XA
NLTL3N3A
HEX3XK9C
EWWYKT4A
L477WCRH
W7XMWCYR
H3YMWFHK
PPL4HPME
CCF7WFC4
NXWA4KCY
TFRCMFK4
9TRHCXLF
FCLEEYTX
R3FWRTTH
XXPYH4RY
9XAELY9X
L3RLFXY4
3K3RXFR4
WP7FMW34
X3333CXR
RHNPY44P
WL4YLXWX
YLYHRMLP
HAW4FEXK
MMCTWPYL
LLWLWTA9
HCPPARWC
K4HAYNRK
94TAHE79
NAE7P7HX
AL7WW9KP
9PP3YAAA
R4TLMR9N
PKCKLNAY
3MYNPRWE
ENYKWPFR
PKCYKL4T
NMWKE7TY
3L33WLAF
HTCAWCRN
7MW4LA7W
KME9C9AF
HF7KMAYY
A7NTAW77
YF4EL4X9
EFCL9WRT
LKXFTHFR
AEPH9FRX
4PK4YRWR
LANKPHNR
3YTN7AL9
9HRLW9TP
KTC9NENN
FCLNCEPP
X7LCYE4K
4TPMH79C
99RAWALR
RPKYM47M
NKEYM3KK
C9WCW47H
3KAN4ELW
MKNRTHCK
34TK4W94
XPARKTMP
LPHLRAK7
7NTHLEYT
X3AENT3T
PWRKTKF4
KNWEXYTR
CMPECRYM
R3LH37LF
CTE94XWF
9R9CCMHW
FAYNCRY7
9MRWCXXP
PRMCF34N
NARMKNEM
TCPC94Y3
39X7KETR
3RCNWA43
WCYFTE3H
WWRR7WFL
LTYTX4A4
TFEA9MKY
9EYCHCYW
A9KKA7AM
A9EAW9LC
3XFRHM3Y
LT739RRH
MCLAHXPF
WNKCE9WM
4PXXR9NN
N33HCK7A
XTPYHPFF
NLRRNMTH
77ECYWW4
LYL4RRYX
H4RMRYNC
YFNXXTTX
KA4RLMEP
TRL4NAFH
T97KCN3L
CP4PWWNF
4TKLAPXE
3YWPNWLC
TATCTMKF
3LMM9E3M
NMLCPEL3
AN7TWL39
AKRH34NC
KP4MKEFH
4HAN3F4P
LLPTW4TP
H4NC73MF
CMEYXNCF
LWYR4ECM
RT794K4M
4EAMMCWM
YTHYNARR
439YYAHE
H79W3PT9
E3XRXNEY
LA33KW93
4PTLTWF7
YAEMR99M
M979PHXW
YXRHEFNF
CWMARE9N
7R7HTLCP
7Y74YKC3
KWLNFTF7
MFLFFAPX
7APRNLKP
NM3CRLPP
CWCNXLRN
ML9MRHP4
93CF33FE
L9XR7EYT
CRWA9F9K
AHYTERFK
MAPNNWX4
AKLLCNW9
3RA7RHR7
C7XWMEMX
YMELA4T3
3CTCR99N
FPYXPRKK
KMMT3RFK
HX9WNPKX
R9KHLTMN
4KWCWLEX
33NAHE9L
Y7WAM43H
ALEFWHTM
TRE4KA77
XR4T994X
NN3CMKM4
3EMEAPKA
HHMYKY4E
YKEY374M
43X9KERL
FWKARKF3
XWWCHR3L
9TKWPPM3
7C7TNHCA
ETRCRCX3
A9K9RFN9
NHNN94W4
FPRACRWC
TM9A9K4K
AFRW9P3Y
RTFRAY9F
9YYCL4NN
3Y7X34AK
AW4A4LC7
49PTFFPP
9K7CNTK3
N9K3PPKA
TCMX9XFP
9XHXEHP3
RPEYAC4T
LKX7WNY3
FNLRLRLE
4CPAYAT7
HN3NC9NR
LFWMPYC4
X473474N
YXXT9HK7
WKRYFFRX
ECAFLWM9
PWLAC3YY
R9WNCLW4
AM97K9WN
WL4F7AMW
4CYFFLEF
H4HPLAF9
W9PKELTL
PK7MYEAW
PX9A33YN
XLPANYKR
ATE339YC
YRXFRXFL
AWEELLAX
CLMFHR37
9F47ATTN
73ELCFCK
NEXF3KM3
RTY4FRPX
K9LAM4LW
PKYMTYT9
RXTHH479
4LAXPE3C
Y4KNKWMP
NP47EKPX
7KMF3KNK
RPY97RWC
XAHFNFNP
LWLK734N
9AKEWLL3
WELMXTKX
43YN3NYL
99AXERF7
MF7YXKMF
HKT7HKHL
9HRXXKM7
34HMAMWM
4CX44LR3
NMHMMLTR
XKF3WCAH
NR7T3YTY
PNXK3WM7
LAH3WLCL
EHRYHP3L
MFRXFWNR
RYFM3MA7
F44C7TWM
TLFPW3ET
7NH3Y333
47WCETTT
ENMRYC4R
TYWWMTFY
RANX734N
TTNXR9C7
RYNLYREA
K4HXMAC9
4XWXCPNN
PAYEYK9E
YMELT9AW
74RX3FWR
C4M7L9PA
EAE3C9K3
RCN43YWC
Y94ENLKH
PCAPNWTC
HC9HAMEC
CXNKXTAR
7THWYFR9
H97K7P4C
CYW4WP4L
CTLWRY3W
EKMRHT9X
XLPXKKYE
PHEXRKCA
9AKKX9WM
LWPM7KWY
TM93TPHN
CRWMLHHR
9AYKY3HA
3HYAHEP4
E4X7YTPX
XKXXW4FW
9PCMY73N
3HKCH9NN
TNYEXF93
9EMFALWP
KNL4NAYK
R9HFLNMF
ME3AEECX
KLMHFTN7
3K9YARX7
HLMMNERM
P3C93RPR
XXFWNFT7
CFTA7WW4
3MW49WNF
AKNCLC3R
P9N9C3HF
4NYWERAA
3XPXTTLN
RC7R7PTX
KNRHFNCH
3NRRK7WF
9FPCFXHT
A9KCTC4K
EW939TXH
3WHRRTXC
RY7CXM7F
WHXKH3XP
4AYKXAML
FPTW4CEE
99PHWRAW
ARKXWYPM
9EKNWAYM
AMCWMTLL
7KTWHRH3
LRXLAAYT
7XNNXLLE
C9CRHMFM
HLRC7REH
4CC47YH9
7R7H3CNC
HW9NLEPH
MXNRXPHY
NMKWHC73
7RYPLFEX
3X9HH47P
MYXXPM4H
RXYA3YW3
XAPA47NK
KTRYNH9F
3LCN9XNR
H79MNXL9
TR4T9W7R
ERPFNNWH
NCPL3XW7
R93RLL7K
CACW4W97
374W7R77
KYNC7ECC
MHA7P9YE
W9W33T4N
WFYTPT4W
TTHLY7NM
EMYE3XKL
PFF7LYN4
E7P4WKMT
7FEPEYNN
9PR47TFC
47MTMTEM
HWT4YH47
TFM7LHWA
TCTFMAWP
Y7RFPNFK
3Y9TW74W
E7AFYT4E
FX9WLKAN
XYNWXA37
ETY3TYP4
MP9YTAN7
RXTLFTX3
XEFW4X4T
E3NR7FK3
CKRYKTKT
4WH339FE
XEP4YKTE
K4MWWKYN
AM4PTWNE
PWXKTMKP
TLP3ALFE
Y77XL3H4
YFXRM3P9
Y9Y9K4TX
K4NXPLEA
7LETTMMC
LP7R9RRP
TWX7HAYF
CNWLYM9T
CNPYXYKE
ECECPM7H
4LNCWF9T
FTA9MKYH
79FT9APW
3RLM9RKP
AKEYYYLK
KNFFAMMC
XL3YPCKN
ALY447A9
LFE9TWXH
EN4XKAEA
39PP3ART
PMLYTMHH
3MH77RWC
AMTTL74T
P77CWMLM
RPMAE4FX
HRKHNXE4
CXX7WX4N
3ERFKKRW
TK4KR9AY
Y73H9MX4
L9X4XCN4
X7MCAMKT
H4C9KNRW
4FTFE7PE
KL7XF3R3
CYRHXCX4
NFLKWCPW
NX97PAA7
YNFAPXCY
HMTLMN4M
WCAMXHHC
KF7FMLHW
EMCC4MYF
YLMKMT3C
PHMWT3AH
R7H4RMNP
73TL3XNW
R94TYCPP
NPX7LN7P
CRFHHWHE
KXMLFCMN
ALCXYF3L
TFX7E33R
HKWNXALT
H9ERATTK
FLY9PMMW
7TEPTXM3
C77WH7XL
4XFAWXFE
W9XHXXLY
HPXKCNKE
CNFRPMXM
94KET93L
HXFRWCLC
3WYATLR4
4NXEYT4A
CKE3LFYW
3TFTKYLP
KRWP7F7M
K3MFAFEC
T7A73PX9
A7HL7L7R
AWA47NPE
L7MXM77C
944XNMKK
4EEXWFLT
PW4A4YTP
7NRPRLFF
7HFHRNMX
A33CATCP
LFNCFL99
TEAXXMWW
W7NELRC4
3LH43CPH
FFH39LLF
YRLA3N4T
34XWMPLW
ERAA747N
9YRW3TAX
HPRNXTRX
7FLF4NRE
RKW9F34A
7RHP4RMN
4K7FF9KR
A9KYX93R
CPK3XYKY
RH9MR9A7
CPPXL933
P4KTTHLA
FPF3XLP9
TTLFEMWK
T7XEWTRX
H9LHKXYC
7AW9EEAT
NF3PEPHE
9KN4ET7T
TLHPXF9T
FMRXAKKF
XWMA4THN
79CNAMTN
EP3EYY7R
CLXL4C4P
3PWR9WML
MP9M4KK3
MAA4KYYH
WXWTL7HK
CA9HF7YX
TH3CKWXW
PXPXKCHP
CXR3RCAW
LHLAYC7L
NN9FYMYM
REX3CPAT
3TC7K4NF
PPHWM743
MNFEYTMW
AA3RM3NE
4WKMW7C9
WEK3X9FE
A4W3MHKY
AW4YYYEM
4PNEEYFK
KKE79EMC
A4C9YR7W
X73HLHPK
THCCNHNA
M34YRP4X
F99M3LEF
LX7LLNWX
LL3FN3HX
FM3YERTE
MKEW44C3
KFYYANWF
TLAN34AP
AYW3AETT
LYT9HKTH
NNN9KWAK
AFCKFN7N
NFNC4FRF
YX7X473T
ERYRMFPA
XNKTFXKT
EKTXC7LX
KAAXEAAL
4CCKX4FP
MWNW39HL
WRR99CCT
TCMKR3YP
TA7XRFHC
77EECF7N
AKNETW4Y
PWH737FA
RAECXH73
YWCTEMWK
RRMER3AA
CFYXN437
LR9XR7RP
CW97ACKR
ENL9A3Y9
WMEY9WCW
T3FACKN3
3HM9WKFT
PR7LM9AT
PPTYNAEC
93WLKEE4
XYTN3CPN
YRXMMXMH
YTFF7AHX
K7P4AAXK
9KNRKA74
4EK4XCFK
MEPCMNP9
7FR4HWRP
LM3XFCMT
APTXKKHX
FRLEC9RM
AKXN9LYL
FYT37EXC
KX3P3A9R
F3K4Y39C
3YHYLW94
PC4YCYRR
AAML4LLP
WT4RY9W3
3FN7TNMR
4R7NELX3
LH99M4KM
NYXF447K
HATYFPA4
MRLW4ECT
PRXMXLWW
MXP9MMEA
TXN7CWKL
7FAAMX3E
3Y7MA7XL
P7HE7TPA
4WFP3MCX
W7AP3NFK
WAATATAE
7CFMANFN
CN9PFMFX
9FEEWYMH
P947AMYE
AXWPXPHR
AXPR9CK9
3TWLPMKK
7CENA37F
MEWEFTXX
44YFTN33
NRK7CXR7
YWEC9PT4
XNWMTXNM
97E4MA49
PRTL9T7M
W9FWFPTH
AHXW4A7X
3WL9WHTY
PPYPWAMK
9AR9EC4C
YKCYAEPR
K3CYAWRR
FPLTL7NH
YCHR9TAX
HE3PK37K
PWNHELPR
EE9YLWE3
RYAFKE3A
3LY7KRLN
KAX9YKL3
WHMRH9PA
YNAWCP4A
LTEEA3RE
MRL9AXH9
KLHELFXP
3X4LALHC
9K4MRR93
LCFYYWTW
CHC3RERH
499FNTKY
HPWPF3YW
FLYAEFWM
9XNCFXRE
MKLTWH4R
PFMEYMF9
7X4KWR9P
YE9YW4TP
LRX477EL
K9MX9MM7
CNHYHCRH
47HNHKRK
KRTKPLK3
LYHPFWLN
T3HL3LRX
L9WRTENF
7LM93NRW
HEP7NACK
LFTYYNNE
KPFXNKXM
77W4PPNY
KXKWC999
EYLNEC7N
KNNLXAHP
EW3HEX7F
ARNXNTNE
F7CPPC3T
LCHFETC9
A3TK93N3
4R4LH9L7
RK9NW7KE
WHT4K9E3
K99NCAP9
K77XA3WF
HMT7EWPE
P3YTEYM3
9LHERFXF
WTWFH3C7
4EEF3TXN
M4WKXP9M
H7NTPT93
YLYXMAWL
EY34K7XC
FPW93349
MFTKXCL9
XWFFAMK9
PLNKRY9K
RFRCHMFW
7CY39YYE
KYK3FFC7
KLFPN93H
3A3PMTR7
WF773EAT
A7KYYYTW
XLHHXRM4
CFXN4F4N
XTLRA9LF
TET4HWL3
A4CPML39
W7RTC3RX
4EKLA9NE
EH3RF373
TL7T77KH
YCX7WMYX
LCWKEKEK
M9LMKXNH
FR737HMF
WMFCNEPA
T7NA3ECR
FEFTAPLM
XNTT99YE
H7MNFMAC
AHRKLHAW
T9YY4L4X
4WNFECWM
XRM4C44Y
K4TYHCH4
TMKN7H4Y
NC7PTR93
NAA4PPRW
733L39LN
7HEHX43E
3TR7LRYL
7NK4YEK4
W3PXHMTX
MRRRHL34
KFYT3PHE
P3CXMHPF
9YFYLCMX
FCY7XCYP
HH7AETLA
4T7X4PC3
XM3TFFNM
47TT39H9
TREHFEXH
YECACCR4
M4RXFCWT
EHCT4MHA
7F73XX97
TYMX3737
CLYKRP37
7P7FWFWC
KKFKTLY7
NFRMCYKC
LR7WE477
RPREWKEY
HLXA9KMT
AKHLL44T
P4FN3E97
FC9F9MKF
NWEMRA9F
NFA7LRWX
AMLN4P7M
AH4YTY3P
NFMRPFT9
KKLXCCHP
YKPMCRX3
7N9WKW9R
YY3P3AYR
TXTPKMMA
H9APN3FH
XRY74ELE
9MCLKPNT
XNKEAF77
M99NE39X
XFCCLFKE
NRMTLKCF
MW3LE9TT
4ACMHFAK
N3NYF4XC
YNRFAMTX
F7CNX4MY
YP3HAH4T
K7LCC3YE
F7WLYFMR
KXHMTYXH
3LTCC7AE
MXCAP4PW
H9LHNX3R
73L9YHTR
FF7YH7EN
7KCYTEEC
C4Y3YTP9
X7Y7EELK
PKWTCE4H
9FNCMFPF
7EMAA9NR
EHXFEKFT
3F93AKMW
433NKNNP
LFPNMN7E
C3CFACLA
ANF74KC7
NXKWALFA
EHMKWHHL
C9MHE7R3
AAPCREEF
M9ATRHK4
TW4RARCT
PNMFMWRF
LY4CFK7P
YMNNXXYA
MLTRY99H
WNM3RKKF
LAHEFE7P
XWKATFNW
L93E3TAN
9MXRTH3W
X4Y443HW
KAFY7L9P
RFNAMLPT
9PN7T3P4
PA3CWFFM
9XWAWR9F
A73NMFF4
HPPY3T7C
C9P93X7K
FLCNX7RC
X9W4LCY4
RHNCTNPK
PC7773FF
PAMRMNR9
734HNLYR
LC9XY9RL
4W4CLAP4
9FYYYMHR
PY3FRAAA
N7X9EHML
LNRART3N
E7LYTL7Y
YNL9KENA
HEP3YNKT
XCN9LN4A
P4LYXFYN
NXRKKKH4
HK3WLWAE
734ATMNN
YE4MLWF4
RFNT9L43
YMCNHAC7
K9MEMCCY
NWNRTFKR
LXNWFPAC
WT3K33PC
N9FWRCFR
44WLCW7Y
7E9NT3P3
FHEA3F9F
44WXC9KR
RLRTPXHF
WKATMR9E
3TMX3YWY
KCNPAMTW
HMW7LLPY
K97XLW3W
7KACKFCL
FPXLPPF4
4AKTYATK
ANWKFACY
7YAHK3WT
AHTCT9CN
7R7WAP9W
MKLNCLCF
7WTHYC4T
TX3T4M3A
73KELWCF
9MCTNLWH
94YT4CNW
F9PAFPW7
PYAPCWL4
444PKANC
YK4XE7CH
R7LHEK3K
ET37E7KW
XAFHRW3Y
T4ACNRFY
WT77PRRC
CXL4HWK9
MT7HR7YK
TKFLLYTL
Y4KYEMHR
YECMEKT7
7HEKNTYM
CRTAA3LL
CH94FEFX
TFXMPAPH
PX4Y7HF3
MRWNYE4K
3RA7NN39
WY734YE4
FXL4YTTX
FPAAF4CT
HXYP7WRM
RT3PCALA
4AXPKKLN
9PT4TXNK
HKL9XK9E
KYPWXXMP
CTRK47TP
MYM7WL9X
YXNLW7MH
3AYRXCPT
7WXCFYPP
RRYWY3RP
NC4YKNEF
WEN447K4
W4MTC4EW
AC94LYLR
9LMEYTPY
LMW44MTA
LA9HPEYE
RLHPWPL3
H3N3NK3T
YHYLFKKF
N7NMALWN
3C9YXYKX
EX7AF337
X9KN73T9
LWKX79TX
WCTE43PN
FWFWHLN7
HHREWNH4
AFTEHKM3
CFYLYMHX
WXH7FLE4
3AE33HWX
LL4EN93R
L9HLMELL
3PPWW9AM
HFEARKFP
7PCWFK93
LXTFR4RL
PCP7NYNA
ER377F9P
XXXPYEPY
A3XCTTEL
9YAXMRCX
T3HYAFRX
RNMHCCHY
HRYCX3RA
REE34MRX
ECR4XXWL
RMW3EPKT
WWFLFAKT
PTL7T7NF
W9CRRKTH
CARNXTPW
HH4MLE7N
KHCNL4LA
99LYHRMY
34HHXA4H
9XXMYCYA
C9EFY3RT
9WRHMAKN
RXWPYHLL
9YPKKWTE
FHR97PL4
9N7TCAMP
RFT3XWAC
XKFACLWY
4YPP3C9H
YAYF9KXC
MPHPTCYP
AF4CNWTL
MALPHYM3
A7EEEPKX
M7MLMWLM
EH7YE73H
4MP7ATKT
R37NXLNN
FRY9KRN3
XRX4Y9CE
3AWCXA9R
7WKTYTFR
MCCYHWC4
EH9A9MFY
XF4PFC9T
3FE9XTT9
TFHY7PX7
THT7E7N4
3RP3YMKE
AN9KWF9A
WNE4HF3F
39FCTC4R
LR4EL4EH
AYRE43RE
P3FX9N4P
R7WYTW3C
PTK7PYPT
TXHC7WE4
HCHKHKCF
T7XE4TN7
P3NXAWAC
YANA9TCC
T7MT7H4Y
C4WYHTTK
FKEFHYL9
KK43F79F
P3MTE7KF
LH3C774N
EW4P7XNX
AK4AAP3R
TX947W39
MXWXFXWK
NN4A4434
HPNH7F4A
MWWA443Y
PFY37H3A
LTH9THFT
9PNHTHLL
NM7R7HKK
MMC47NRC
FL43PP7F
PMKL4MWL
KRWEL7RN
PX43RAMX
CMHRLK7K
79WKYW37
A7M79NXL
FE79FXMK
33RM9NHC
TPKEX9P3
HL9HHLX9
W7HMMM4R
N79R9W9N
N7AHMYEP
ALTMTPLL
NYPETATA
FLEYL3EA
RNWPYKMA
T77499EF
YE7HE4K3
7ET9YTKC
9M7CWENT
LC4MCRLC
3HKXTTX3
XWXNAKYE
L74F7E4L
RWLNYWRM
FN3NW3WW
7PLFHML9
TNLY7CYP
K7PNY4K3
M979W7AR
4M3NE9YF
7PYHTAY4
ER3XY4RP
FTELP3PC
97TNHCY9
TTN3R77Y
9AKLA794
YE3AHNHP
RFXLA7H7
R7EF3PCL
MLKWE4KK
MMMEEX4M
XYHTTKAY
A9MRARMT
H97CA43W
ERLHRXYA
LKYHNYXN
97NACETF
KCAHMXLN
AHR3RYKA
WKPEMRC3
TMRNKCE3
WLLT9RLT
EKCF49E9
9FLL74MC
XA9YAKHL
39FNYFC9
7LHWCT7K
T39LHH73
779XCMCP
YELCXTWC
MWYMNAPM
XPKFMLTR
WXREMATC
RKLEHL4T
R73R9ACA
W43FHRX9
FF4EW749
MPX73TLN
H4X7AMFC
NXPPKLAK
EEKATAKR
HFRNCTAK
CAXX7RNL
ENWXNAEC
PM93HFLT
LR9M9RF3
LX3WX9RX
9XWPPYWP
FR4WPN9W
AFHLH3NP
A9WHXPHM
LRPXKMKX
A3AEYFN9
4NET7NWM
KEK4WPA3
TAWYAA9A
A3YA3CYY
9NNTANRW
FKAKYRTH
R4F4EMCT
TKP4XCCT
THCHMK93
XNXTH9FW
CC9XWHFE
LYMENN4F
9KY7XP9L
99RMLXRL
C74RKNM7
33KFX99L
9YPAFNAK
4Y79A4AC
3W9HR3LH
RWNL7WCH
CAXRFF9R
YELKYCE9
3HENA4RM
7KLXWT9E
XAMTN9EP
EMXR7PY9
TTW7WXEP
WY3X4TFP
RTXXP34N
YX3T3HYL
4KFX9XFW
9EKMFCN9
RRFA9YRY
HKKMK73P
CTETEXCN
PKHPYCPW
R349XTP3
RFPENCK9
333HHPTE
KEKRCHLA
A9X7C74P
3NALFCPF
T99M7RCK
N4F3KWFA
RCY7H79K
XLAHC3A9
ANMERYKE
CYHAEKW3
ML9NTAFR
7CAEKRFT
FKAFT3AA
YLTTLMPP
NWR733EP
TLYYMR9A
ERWY3X7M
PMCRRH7K
4APXXAHP
W3KA4CCE
HXHHXWLC
YYW3AXFN
LWMYR4X4
NPRYYARK
33LWFMKN
TW7XPL3Y
RLLYF999
3MW7YF3M
4PXHXPTX
43TNT9ER
FR3MY33F
M7XNEMYC
N39PHFR3
7RNEMERW
PFHKMAKL
XEAWYYW4
HC99AXMN
LWFPR7LA
YLH4H7RN
KYFWR4TR
W37H99CH
M4R7X9HT
4X3T33CE
MKPKET73
ETLNEW4K
9NLRMXHK
9T7W7PN4
WFFNRTNL
33X9PNXE
3PYRLEKL
XR7CEXC7
KPL9PR4E
RE3EYTX7
RPHFAA4Y
HL7M4779
3HKCRRXH
CFN97TY9
3NPKMTEA
YEMAFWNA
KP44HRAN
KRHNTLN3
R3HLF3KX
LHLKTX3E
NM3CW779
ELFMPAP7
9LETLTEY
PH9MNF3R
7F4KCWYE
MF7K3WR3
TL9CCPRF
3H7MR3P9
TTY9LTXW
CWWLLLK3
XCL9ATRX
MKCWHHMN
HXW9KCWN
M7N97FER
N4ERT4RM
4ANCEXHP
4A9LL9MY
NNF4NTPF
HHL37RAX
XNPA4F7E
MWEFXRME
3L7NHPLN
YF4N79LN
E7KWWPFK
RFEAT77C
WKR7WMWK
9RK97RNC
X7WFFE4W
M3FC9LHR
W7AHXPCF
EP93EFRE
A9PMF3CP
PM9WCKW9
9MYLNH7P
3KPR9PFC
YKRWT3XX
NP3KC3N7
CFXCHCLR
WNX4HPH4
K9L74XMT
Y333FKHX
XPNHYK4L
LAPA9Y4K
F33ARE77
RMTA4A3F
4YPXFYYX
EKFH3F3T
XREFHM97
YYNK499E
FLE3HCNE
P99APPK3
WMAN9FWT
W9EAAFWE
FFEY9CYM
HLAP4MTX
TAFCL3H7
PYE7EEW9
97C3YN9X
Y9H334Y7
PXPRXHMW
EPFWW3HX
E43MRXKX
HTXMM9L9
FET9C3NM
FCHTW7P9
4C7HNFN4
73LER9W7
LC9LYHHW
AA9HE4CL
MA44WC3W
9T4KAXWK
9PATT4KR
FXAY9RT9
FYYE3AKW
RPCNW3AW
H4CHKT79
K9FC9F4F
MWANKEMF
4HXTTRNL
Y4KFLX7A
3KNE4RTH
ERNKHHHK
YH9CNHPH
EFFTCYW4
RPHEEXLM
NNA949YN
XWEEYM7X
LTTYLYYL
M7TWL4NM
FA7PW7XN
W3NCEX73
YEAM7M4N
NFPRM3CK
ARXMYNXM
9NT3XRAK
3R7ECX9X
A7KYW74H
PLF7W4AH
PKMMMEH7
3WC49PNT
MKPYPH7L
E3RF3CFX
Y74CHKFN
LN4AEFAK
C3HYLY34
M7XKWNCY
WL3C4PW3
CKWXNLL9
94AC7YP7
ENWMAKLP
Y3FTAH4L
EKKXEY9L
FLFXXNCH
YFTRREP9
YWMNYNKN
PFAPYFLW
3R4RNWTP
RL3P4P4W
RLAEERR9
RY4FWXP4
N7N9WF4H
CXNRFTKY
L4EFC499
7NML4P77
XCP9XLMA
PTRNMHR7
W4XY4LCX
T9RFETXE
7XLY4HTR
FAER4ENN
FWAHPE79
3XKHYLMP
4EYHYCMH
XPXF3PCC
34FN3RF9
YKM93E9K
PYXM744E
FNKKYL34
XTXPC4A7
WFFFH39L
7EAW4NM3
KMETKP7W
LMLF3W4W
NECYH477
EM9KRFC7
CKMXPEEY
9NALYFL9
W3KHHWRK
L9XRFHFA
KMH7CFKF
NLCNYMAW
APN9HWCA
PXMKETA7
ANKK94WT
TPE3R4XY
FCAKHF3M
LYMTEC7T
L4WWEK4M
PK44YEET
MTM4FXYP
X73N9CRX
N7FYYNWR
3RP9CWN9
WN34NFN9
F9AYKFAM
MWNH4FA4
WAHFA43P
PHTH4NMN
ECTFKHTL
FAPLXLXR
ENYA93AL
M3MF4WKN
LAANX9WX
T9EHRE3W
RNF7N4NT
FHLL3CYM
MM4ALLEK
94NMKFN7
FWN7CW74
HNAHM7LN
349PMERK
WARRXHRF
YETYEWNL
EXTWC9X4
3LHMKEHC
L9MFE7CP
9XWLWRWY
KW3Y94RR
NY3FRCR7
XPYFWCLL
XNREAKL7
YTRTEEY4
K4KX7WPT
XFAP4CNM
MTAHKELK
AYTML3TR
M9W49H43
CRWER3L3
AHFR9P73
RC7YXPC4
RAK7XY4Y
HK43RXHC
4WWAWLXK
FKPP7AME
WMPEEWW9
L9WCACR7
FNP7MYX4
M7T9XFWT
LPEERHF9
MTYMKMKN
ELN9XPF9
HRHCNFKM
LFXPEYW7
F3M4E37X
XNA3N3N9
NRMTL7NA
H3MTTETR
TPEWRPM9
KANRMY9M
3HAKCR4E
XWNLLRXH
PPTNFFAP
34T4PRE7
AANEAAL9
MK3F4N4F
7TXYLMAK
AHTNH9K7
KP9W4FPW
EH7T7NAC
YAPYRHKH
M4FTRKL9
7CE9HKFY
LKHLEY3M
L7YA7MTW
WLE3P3FL
RM44HRMA
KX93ERKP
3EYTTX79
TK49XAXP
T9NCNRLT
WYNK3Y4A
7XLXKE47
RT7RPNAA
7K3YR4H7
4X34P47W
34LEKMM4
CTMYMWCX
R9WMEPYE
L3ETWCWL
CW3TRXWR
LC4LP7WT
97RMX37C
7EETXH7X
XL9Y39EM
HPHXMKAN
EPPMEAFF
W97LAR9N
F9PENARX
47NPP4YE
3WNRALKX
9MAHXH7X
7RK7ENEF
3E9EEPXM
HNWE7P4F
NXMNWWEC
TRKLR9RC
K4FC4PEK
EPYXNX4P
HFL7LP3C
XMW3AA9H
TXRNENAX
KL99PMPF
F4MFNKE3
393HACNC
3XCMY9PT
44P7KTKT
M7CHHRAW
RWHNX3P7
KCEWTRFN
NTY79HNX
4WFHXLAE
3HKXYA7A
H99N7KNR
7793P7CE
EMFMNHE4
FHWMAL77
737L4CPK
RWXPTYKY
M3RCNW7F
KX4NX7TX
3WMMPP4F
CHLFYRXP
RKEMHYYK
MYPM4LA9
9L77YXNH
T3WMRFXE
PAEHTKME
EPXY7YER
7RKKKWHR
TPR94YEP
CY9KC3T9
39LM3MNK
4HHNKLL3
A47C9TEW
Y4PMF3AT
79XCEC39
YLRAWY49
TXW7KCYC
YNK77RXK
3XN7R7EK
HN7MFNKY
E3K7MT3C
4F9Y79PC
L9TNM4RF
9HFEKHCT
HFR9MK7E
EX944YPA
LR3E3A4R
4ALX3PPM
WMTYMKTY
AXWFEYX9
AXN9NAHT
A4MPTAXA
RNRF9FHW
YAMYCNHP
CAXNMECK
FW3C3HLE
APXFCWMT
3YHRFFRE
Y47FPWHR
4XARNFY3
Y3PNCAHX
XTP4KTTT
WCA43K3R
TTRRCNNT
34CYTLEW
XCWKXLCT
9TP4N49N
PYXLPCKX
CP9XAXEF
KRRFA4CR
9MMPMFCA
3M3AXYNL
PTTPXK7F
MHR43EKL
XYXX9ETN
3MRLPWFW
MM43H97E
AR9WXME7
X79XYAA4
HETYCLH7
3L9HXLKR
77TFRRWP
NPXMKP7K
K7APCTAL
AEK7HCPN
KMM9WNXY
3WXM3NHT
W3XWE97E
9PYEMKE7
R9HYKPLH
ALN99NKF
PRANCHPK
NA7WY9MM
WWW99MMA
C9AWLLL7
7WNHY3EX
LPWPNXNY
K3MFHT7C
KERF9LTT
743WEY7F
MWC4H7HK
YP4TENKR
334L949Y
TTEFPMR7
XKHH7XA7
CXEHTMC4
7C9YNNYH
99ML7RN9
P4FE4H7A
MT7P9A9L
KMYAL97C
CCTTERA3
NCFAF3Y7
MELCHNXM
4EMKL74E
TTEX4K9L
XMKXLF9A
X3WY7LW4
KN93ER74
N4F7W7CH
CWYYKPHR
3KPW7MXR
YHNHFT9N
RWCKCALT
PPEA47AA
MELHANME
9T3APC9T
FLKRW3MH
7FYNL4WL
33W34T9A
79CE4RMM
HM43PRY7
XCKNHC4Y
XLXX3M9E
N43H4KXK
CXFHCPAL
P7EYKTTP
7YP4CF93
LME343YE
HWWWKYKW
AL7P3LPX
CMTRLWNF
7ETAKKHL
EPREL9K4
34374HEM
APYE73CP
EH97TRNN
RKTK4A4W
KNYY9R7F
RRXCLWFM
74WL7PR7
YE4L7TXY
Y749YNRT
YRN93AWN
E9KWKY9F
CE9KXW4C
9FXKE74A
E9RNHYWN
4ACFXY33
TYPWEYCC
LATF7WFH
KA7MW9RR
TNTXKXLY
RAK9PXPX
PWLKR44X
7L7EETP9
R3NXL37Y
H7R9TP3T
3L73FT9F
RNFNFK3T
TFX4PHXC
RFY73KPN
TMYYPMWK
FW47CNA7
FLFYXNEM
K773FHMY
N34ENCPM
NCHR7HPR
YNPYTPXC
4LRW3X9Y
CYXAKHYP
33LARA49
EEFFRHMX
T7X7NT3E
H4HRYKYY
9499PXX4
FEREXNCC
FRHX7WM4
ANR34TWW
497FEREY
KFXC3WKX
MTKRK3RR
FAPCXPAY
X9XTE3CR
KMFY9PX9
A3YA4PTX
WLA33T4M
YPNNNTPX
YMTCHTK3
THLMKMAF
AAPW4KCN
AN9WAEML
AR439P7F
CKRHN97X
YPRKCPHP
PLP4M4XM
W3LTLPCY
YYAR7FC4
YEW7LC3X
HEHRFCXR
LKX4HYL7
Y4EMWFAA
X7RT7PT7
AR4MAKWT
ER9PFHTX
CXKMPECA
Y3FX3FRL
NPYCN3T9
Y4CY9LH9
C9A74WCC
HAPL7YF9
HWCMHELF
PHWTPACM
LNYYRRTF
FX4CR7WA
9XLEYNK7
TTP3NKRA
YW7ENA4M
WPEEHWYC
RWTKPTTR
CYNC4FNN
LP3MTRRC
A7X4FY4N
L4XFFMWC
RAHCETM3
AXCNATAR
3RTA7WCK
PX4X49KN
C7XW4MCT
KR9NLTL4
AEW79ECW
RFELHYM3
XE7MKYE4
CH7P4MLW
XPRMYRYL
CNFELENC
CP9CEEXM
NHCXMMNW
LFA7FLYP
WC3XFNWN
ANLETH94
RR79FEA9
4KRMYCPE
MPTKEXH3
Y9W7LME7
7HWXKTXL
XX33CMMF
WRRHFMF7
N7E4HFLF
NP9LARMP
RYAT9P49
YK9MFHRA
LME797R4
NTR3PNNN
HRLKW9X3
HXWNY797
EX9LHXPE
RAP7Y7TA
PYMPTT4R
TPXAF3F4
F3CFFTR3
YXHNK4E3
PFL77C77
TCT47W44
3ERMRXE7
TN3R3MPR
EHCMTCWX
THMXF9LX
FHA7P9AW
CM9E4YWN
XN3NT73W
CF9YYNFW
9WRY4L7E
TMANCFWA
F39HAMTN
79MWLNNT
AN3FHYEC
K9PMM7CK
KK3TAXRW
LX9WYCCF
T9NN43NP
NNR4PWAR
ET7HNE4W
4LR334A3
7YTH7PPA
XFHXTCTH
NMYCFN9C
E7E9CPTH
MKFFWWKP
C7Y7WMNP
M39F3NFP
NEPNNK7H
PWY7LLFY
ARFMXLLC
37NTYCRE
WE39MY4C
9YTPHECA
MAE79WTL
KE7M3FKM
CWRMMEEW
THWCYP9H
CLXEPYEC
CPMCMXW9
AREAYFTP
ENLPTLR7
MALHCXPW
PYTW4RER
Y7HP9373
YKXK3T9M
YPCRNTTE
R77EY7CX
4LETTANR
4NK9WTRM
ME9C4AF4
9WFRXWTW
EFNYN9X3
RRWAFNEN
XKRYY3KE
C7EKTEPM
XWP9XAXX
HL9MA3LH
9WYMXPYL
WPAATYWH
YH74TPK9
9MH47KXH
PEWK7MNE
HAPCLXMN
X7TMHMAH
TFYWTKTP
9LTPLEMW
CCRF7TNR
YT3XYRRP
RNFMR44W
YW49NRHE
FNN3FEAN
EMF447R4
PA7WXHRT
9KA4R94L
LEMFAWXN
MWPHTRFC
3XKYTF9X
99EFWPRL
ENNHC3P9
9H9ALA47
49E494AL
Y4MMCM3H
PK7TKHXH
7KA939E3
CWY4RYCF
CY3PPEEF
3HYAHP7T
KMW3TNAH
TL4RNNTW
KH4HTPT7
NWTNYNMH
KNM7THKN
FTWXP3WF
FAHNNWF9
XXH7F93A
9CEPWXLY
CLNCTMPX
WM7XCXFL
TAAFK74F
YKMEKKNF
ARTAYYLX
CFMW4YMW
P947LT3M
XMKHCHXW
L4XP9LCF
TMKTY99W
KY3NFRPL
P4YKEYCT
PPEWRYF3
PYY74WHH
CFFT9XTH
7RMYHKXN
LMEX4AFM
HCXLHFC3
F3T7ER4L
YYYEMRXH
RFMWNMPR
FET7LA3N
CH7XTTCN
P34AHRYP
M3WMR9EL
AT3CAWNA
XKT74HL7
F77F9TRE
3E3NHMNL
K7LWW73K
K7T7MYMX
3PEFL49R
T7AHTLMN
TTYY7W3P
XTKRXHCN
CW3RTFF9
4RH7MREX
Y9RLKRAM
4WMP9TKA
HWR9WMWL
X47PKE3M
7WWTYTXR
TY3TEEKH
KEMYWRP3
XC3KXNLE
PYFWCLPA
PMWCY4CT
9L9MCETN
4KTLRLAA
YXYHTFTP
WNTRXKPP
PYFNHYNR
C3TCA73K
NMXRF9HA
TX4YRANN
K343MXWY
FKAPCN3X
7ER44MFR
TCRLNMAR
4HHLFPTM
H7XF7T7T
7739CM3M
4TYYWHCW
47ALR9CF
4XWLLR9A
TWFCKF9T
NK3XXXX3
ME7X9R7L
T44HWYLW
H3C7PL9R
9YAKYFXC
YKM7YPNH
MPPH4XME
7TKTTMXF
PFCRPHW4
TW3KTH3N
YT79MLL7
PNLKWAF3
MRNAHFAY
TKR4NLLP
4M7WRRCK
EH3A774E
3RFM3KEE
RAC7X3HP
MRC3LNT4
XERPXA7C
RW43RCHC
47LFA74A
93RFFY9A
EMHH3EH7
MA4RNYXW
RNRHYR9M
LMXFTCTP
9X3FFARM
ALPK7NL9
ETH7NAXT
NRK4Y4FC
9MXRFC9P
3W97TKHH
34ANWNNH
34XPH7NR
3X7HRLEM
NFWTRA7M
EFRYNA9R
WYYEKKKF
CKMTHHKL
KEM4AFRL
74CTWY7X
A7PMARLX
K73PE73P
N3LPRT4R
YP4AT7T3
NLTLW3NL
MHX4P4TF
MXEXL7W3
MR7MKAYM
RM4FHFP7
CPFL3NYX
WHTXNC3R
M3RATKLM
THE9HAYX
AYRRPTH7
W9NKEFYC
37HWEKT7
FEPE3MYT
W9NHYNCF
AE374LYH
E4M747L4
3RE9A3YT
AFRPXEY9
EMPNEMWN
PNFYXWLY
XLFCXT39
HYX3NPRM
4E9NH7AL
FPTAXHXH
7CP39XN7
HKXP3RLT
HCL3NEC9
RKNHKX3P
H9KKX94X
9MM9MECC
FNXNT4CA
HAPLFP3M
MC9PR7R9
7KRT3LPM
L9RLMFRY
KKPT4HLP
RK74XLW7
RWWFYHPT
LP3MHFYR
X4LFYPYC
7RH4PP33
TRL9RAW9
C3LH37MP
37L9PALH
KCX7KFKL
KPLCLFKH
YTA7AHAN
7MMTY7N3
MMMKF7FC
WA4CFRMK
N4KYAX7M
TAWKN7XE
NRNYH4M9
RECMEFFW
3CWRHYW7
LXNW3MPN
7FYNWLXT
TXAETY7K
3PT47FAT
TWKTWNPR
TFEFWKHF
TYLTM3N9
YMA3WCMH
PLAAWCE4
PHFEH4K4
R3MLN9P4
NC7E7Y3R
WWM434XM
E3PT99NK
AWHTKY4C
9MEL3FKE
93MTPAME
W4MEHXCF
WXTYAPMX
L7E77X9A
9YRE7WHH
KMCEHPF7
CMY3KKCM
N7YXECRN
MMCCMWHX
3RMMXHNX
34LWKWCK
4MM3A779
3HT7XE44
W3C97WFM
YYHLKTKR
AXNR4E4M
KRH3LATC
YEEACNCX
M3HR4XH3
EWTKF4CP
M7WAMKFM
H4NAEM4R
LYHTN3RY
XLMLY4EY
KFAH7E4H
3C3TECM4
KMKCWK9Y
7KNK4YME
FLN33LPH
T3F7RN4L
4ATYYA3W
TYHFPPFN
CPPANFKN
M977LME4
NY4THHYF
WHW4TC9K
WKT4EA9X
KYXTPPWX
YCL9XXYC
KAKKE3PH
NL9KPMH4
EFMKRKFT
HPNWEE73
XHMXM4A4
KFXFHLW3
PP7MC7FL
FFLLR9H9
4NFK4KWF
KFC9XLER
CYYTLHCY
NME9XNL4
K4WX3WXY
K4E3FCHT
ERWCRFN9
R9YEX9WA
FXKAHH7F
C9E77WKA
RXA9KMXX
RNXPFNMT
AHRAEXYM
KCY4WRH4
A4ETKWHA
9NX74FX3
RW37LWLM
M3NXHFMM
WCHXH43A
ME7RTMKP
LEHNXX3R
34TYX37M
RTLRTWA3
4W73ACF9
ENA4WCEM
NW3KC9LE
YWTHFMKR
F3RXE7TT
ANE7FFMF
74LNW33R
LFN999AH
TAPFWLYK
AE9YM9RA
MW3T4WWW
WWYW7NMP
37KY9HNN
E7XCHC4E
W9L44HHE
7NE9WRTR
YNAT4H3A
X3WFWENP
YHTEPKWX
LWTMFFRN
XNKHF4YC
XKAWA3EW
7EWEP37C
W49NTCCC
4XFXCHWL
4PERW4TK
XMFFE94N
WMCXL4ET
X37LWXYC
TTHA94MK
LXCC4XPY
YWNL9YE7
HKEEWLCR
FMKNYHHW
AAHNMETF
HXPRCHNN
7TYCXEP9
HTLAWAPP
EYKT9FP4
39C7LK4P
NC9WF3RH
3TXYTCTR
TFHXCNY4
HYX7KTC4
7AAA3YCA
L4TWXMYX
3TMAHTYX
H3NRAK9W
3YFYRPFR
TTN49K7F
4HPYLEN4
3EMHHFNR
7MWCLXTX
KRPA3FLP
FXNPREL4
RW7WCF74
LH7HCL7K
MPAPWHLN
NR9FHNRA
HWXMNKHA
NEN4FT7N
CMTNW3RM
PYPL4FMH
FMF9Y9E3
TKPNNNME
4YTNEKYE
YNL4P9KN
PRLHYX3C
NYCAN9LF
YREAWCKM
X3N7KHFP
9FCPAW3Y
XEHTRRLE
NYEWTRH7
XCPMHYHM
FNYW7RHR
HFYKMN7C
KALPYHRX
MAT49XCR
3R3TRPTH
E479P3ER
93HR7H7T
C79YKL7H
TYR3HPXL
XLA3C33N
K9W7YTHF
YLENEYHL
MXRFMERC
YFWNXWRH
AMX9E3RF
MKFLMKYF
CRFL7XYF
FMLF33PE
KNYK7PHH
YHHKKNTM
RN4R4EH3
HXNHXEXT
3KWLHMEE
LRTEXRXR
AM3LR4AF
9EMLNRLR
Y4KNRRFN
79MAE3AP
XLLFFN94
MH7EFC3A
LK9RCTWH
3AW43PYH
HHHNLF93
MCXEMNC7
XRETPF3C
FH4993R3
FL7W37LH
4HT39LXL
RKMLRMWF
P999KPY9
33E3XNEL
7F7CP7WN
WKPMNRX7
EX3YAWXX
EMW9R4PL
WF33N3E9
A3RNRERN
MNMPYMYY
LTTXN4NY
CKE4TNYM
NNMM4HFE
WMRHKCYC
WWFM44K7
3PWM3E7P
9MFKFKKL
3LNCY7TX
WX7C9R3C
4RXLA7K3
C3RFENEC
EFKY7H4R
T4XN4Y37
9L4NAARC
M49RYTRL
RMAF4PWT
FTMXYAPC
HFETXAPX
N9KY3KRY
HTHP9EFF
MHNKRA7M
LWHWFWXT
METWT33M
P7EP7N99
NYWFCWEN
XLTCY93R
H9NHM4XR
7LCH4PNT
WXFA7WTM
T4EKWRXA
3LXMPPEF
TPWNCLYF
EYRWEHAT
FH9NF99E
3NCE7Y94
747PFWYY
K9CRN7R4
AC4YATAA
MR97FPFY
KMKY34X3
9KRHKEYA
WFYMXRAC
T3TKTLET
M9XXC9XX
PFY4XXFW
WA3LXTCY
M3TEYNPK
HARFPAMF
77EMKEKF
P9WTLAWA
P7AM7RCL
RWWX97L4
7AH4M7PC
KFHRYLNM
KFT4KAFP
NWFHE7W3
RFL33AEE
WN4YPYMR
9KHHFAWT
KKWR77HY
XHL9PYM9
TNXWM7YY
TN9HY7NH
YHFPWETR
EHEKXEFL
P77EEAML
AL3LALEE
9Y9C3C7A
RE9RWEP3
NPKEPL7K
E7RWW9MM
H9PRWT4F
LRC9PYAL
CAYFYYNC
EEPXW9X4
HENPW7FC
74TC9EM3
EE7R4X39
PMLLPR7X
XAHYL3CC
YN7TTENR
P4CCP9YM
YRYH3MXW
EMC3YWP9
AMNWPTNC
F7PW3KHT
KWYYHTL3
EFXWWKCC
NPHXFY9C
YY9AKH7Y
RLAWY43R
CN4K7KCK
TRX9RXWN
FXXYXLRT
TCFT73EL
WCNC9XTX
33AHL4LY
XKXTAANT
HKCKKPMP
9PRL7WFN
C93TKWTR
RXW7WXRR
EF7AH7CA
XTRH4KEP
FYR4RK4K
LARAE947
MTFCXL93
7LRAPHYY
CARCTP49
4CXE3KEC
374HEETX
RATYR3FM
YEHPFRAP
MHAPEYMY
RKR4CRF4
MAANAR9A
TX4NYM7M
REE3CTPT
7NFER4AE
3WC9PAWC
RNLRHM3P
9TWYMMCC
7K9T43M7
NMLYCPF4
NYKLPNHT
RE4PFM4C
YEFPC7AY
Y4EMFPML
CXPLMXMM
ACPPAX3N
WHR7T9CE
4A49A9WR
X3YYPYFR
7PLARELH
3TRL4HEE
HALEN9NY
9L3RAR3N
XAPK7YYC
KC3RX3FA
7W34KTE7
XK4XF74P
TKT9XEKT
3RYCFMT7
CNEYXAXL
HAYKNKRE
44PK9NKY
CMF97EC9
MHRECFN3
FYMCMN9Y
MHHTTPT7
TKF3EK7Y
WMMARLAK
CF4PFMAW
EKEKT3C7
Y4X9P3HP
93EAWEHT
9LXPERCL
N7PKTLYK
LP9TP939
MHCHLRTN
9XM9HTFF
M73PLW34
HRHMR7KA
AHPEKNNT
PTWAR3LX
LK3XTNMT
RY7XCHLH
L3X7KPR3
TNNLXLWA
W4YAPEHA
WTCR3MY3
XTTHKPNX
R9CRNHWE
FN9PWPM7
RCX9A4LR
E47XYLPY
33NWCFCL
HF43HFPA
HEC3C9KE
ERHCELRX
4WM7CECK
N9FT3AXF
KLECM7WL
99R333XE
HYF3L47T
KLANKNRY
Y9CNP7X9
KN9PM37H
W9MA7YFA
HTM7TAA4
YTRXFCXE
7L3RH9YH
TLTAP3XC
KETN7KYK
CT9WP7AE
NHCTY4LC
3Y3FXE34
4NHWRN7X
3PWHEC7C
KMAPNMEE
MNCWCCPT
ERXAKKNE
4RMKKTX3
XXWHPTC4
LYKTM4NE
NXEMCTCY
FYTCLECC
WPXLK9MH
EFXWMKMX
LMTX3M3F
E4XW9E4H
4WMXXMF7
4XENT7RR
9EH3CEPE
KL77973A
EHLTXXYN
79CKR3PM
EX7PH9RE
MKMHNFC7
XPKKNMYH
M4MLAAMH
K9KFPRR4
LHCPKNY7
ELNFKWNR
FLCCWF9T
NLR7A7KH
W9PYXHKM
YH7T33CC
4L4RF49W
NNF3A3M9
7R33TFCM
N9W7XWHL
9AY4WRHT
LMTL7XKW
EWX37YLH
R3NNK9M3
ARTN34FK
93HRHFEF
MPRHRPRE
93EL7LPF
WCRRAAYY
ARFPME47
KRNRWLEH
LCTTHMT9
APWFN944
7AX9TAEA
7WM9P7X3
F7KWAEHA
7Y4AAXHY
H733CYCN
F43PRLXF
3TRKEWEE
4NTW7A3H
FNXA4CXF
4339MCKR
FPK37F7H
KLT7CAPY
447M3CNE
334TLXT3
7CEEWMM7
H4WKCR4X
EK9P9TPT
MNXFTC9W
7YFNWN99
C3HKTCKW
K973XEKR
33XKA7PM
LRPT9APE
YTK4CP9F
YWHK4HX7
X3YE44NE
A3343TLX
KNNY7ERP
3KXPPWPX
3FT7XR3R
KL3LMMC4
N3XA4LAN
LM44K7HX
NWXPKYFX
KL7XW3K3
9HW9LPPN
TFLWF7X7
EXCK9LW9
CHLFYXN9
EHKM4C7N
FCRHT3CW
PTE7TR97
XAATPC33
CTXYXR4T
RYLCNA9L
3LN9HAFT
MN9393CW
P9TY3YMT
EFW4ANPF
7YY4MTXF
XNXL9RTW
7TWKXL3H
CPAL9KKR
TCYARCPP
ATR7LAEE
W7E3CALP
4EEHELL7
4TKE73NE
R97LPCY3
LRYC47YN
P73NKA4A
P3KRYCYN
CK3WF4E4
KNLLHTLM
YPFTNYYK
NNCRR3FN
KHFERXPF
R7AC4HYN
W9PTLA3H
3KTAK47E
4LL7H4NC
R3THRCT7
NLNC7CT7
FXHLHPXL
99H43ENL
N4333MWR
4LEWTFL3
EYPN9WL9
MRMXXLKW
XFMW9XXX
ERFAM73H
YL9LPNPC
3XARWPNR
H3HWEM7X
AT7KX4CT
979REY9E
MWY9TT39
4PTR9MP4
P9M9RKLA
9YK4E7NA
TMHXP7A4
MX3TLM4Y
MWMWARTL
WFAEY9XW
NRYX4CM4
37E3MEPA
TY7AMK34
TFTC73RY
PL94KPA9
YR3R4T9N
X7N4F3AW
LK9AFREY
KFTER33P
WXT9ET7E
PRTH73HC
FXTNXXPR
93W7MWHN
XLNRWT9F
MKNNL4ET
EEARFHXC
47YF3F94
KT7ANRHP
3PRKRHAL
EL7PRYFF
RMHWPNME
YYCENH4R
4H99MCYX
KP49LNP7
WMHTPARP
M4T47YHY
KPKMYXA3
C3P9EEAW
E3XNMAXE
PPWTKF3Y
FX9XYHKN
PC74E393
9A7MWACH
PXH9TFL7
LTTKNN9P
FATYMLNH
9EFWWTHY
WECFFAFH
A9MFXCMW
MC3AAFWW
FE9XFY3P
L4EPNNX3
7KR7K7NF
HKMF74XY
Y7L3RMCX
C93MEL4X
74YTWYEX
F3FWWXEP
RCPNMHTN
KAMCHEXX
R4FYRKH9
NXCN9XYE
3HXR4YPT
HFTLHRWW
LMT7XMTC
RK3HXXRP
E9P7YK7H
3AKMP33K
F9FW3R4F
XRTPTLTE
AX43LLTC
E3NHKX39
L7YX3RMN
CWKRWKLX
RRLKAFCP
WYY7F9HA
N77EHXW7
LK4A94A4
4CL4WXX4
FXYPFMTT
P9WFRYTX
4YRPARWX
9W9MC3X9
MX4KFTH9
CYE99HY3
LMHMT34R
AWMWNAFM
XTTTNFYR
FXYF4LFR
PMHTL3FW
Y4WYM7N4
H43FE799
347YFHKT
7HRPAHXW
ML9XH3TH
AWW4W9LC
XEWRFKMK
9NE9PKL7
3X3CE4FM
43XRN77M
KHPY7ENH
4RTCNMHP
KFRENYXH
N3METKRW
7FWELTME
4CLNHLYR
RYFCTPXA
3N4TPPYC
CHRMX9R7
FWY39A9A
M3XY7L4M
FEHHMWTC
L4YA4CFP
HNYTTLL7
7LKPN9XE
EYFR3KLM
TP4NRW7H
XNMYM97F
MTAP7L9W
YAMXP9LK
YWNP4AEH
MA7TMTL4
RCKKKPLL
CYTWE33X
T7XPM7FM
KHWAT3K9
3L4EWWXM
RWMTTPLN
MPRFEFPC
7HNF4C4M
TWFX9M3M
AHLRH9P9
9WR7HFFT
NP3XT7E7
LRAMCAH3
YMKP4KWH
ALP7EHWY
FM4NP7MN
9CK7XCEH
KNKCMTTT
XYEXP4MY
CYKRNHM7
PENXHPA4
HLHFK3PL
3KTYECKP
KLX79WAA
TEE3FEYW
XWWRRYXK
MKXP743X
4XWF99XH
NYC3XKWY
MF7WNFWF
XCWNAYYW
9MFCM4AY
PR7AAM3A
43K7NXFA
33CERRA9
RMLRA3RK
MEMCXTEL
N4LN9E3H
C3Y7WTRC
4EAMLRLC
FPHLN94F
7MNF7FRT
ANEAM7H3
94HKXKAT
RXC9LWNY
CXN73AMF
KWFTKECX
ARLAEYRW
W3CW9EN4
FFAMMWN4
LYRRNHPR
NLEPXMPH
KM3XX3MX
PRTKAER9
7L94KKWE
RYR7XETA
L7AT37AL
TXLH4XY4
FFT7L7HR
KHM4TWNM
LKFCA9PE
KHE39H9F
FCF9NLWA
TECN7RHT
YH93CRFH
3T7XCWPK
4TCNRNTL
4MPC3FYF
9XXAAFLN
PCR33PHN
9MAMEML7
FC3WKL7L
KEMXK3K7
KCH43RKT
LYXCMKEW
TTTKPE4A
FMXCK944
PXTENN7X
CWFWXNEC
PH4KAYMK
HM3A3KRN
F7KLR9HH
TA99KXFX
WX9M4MAY
9ERMPXLX
37EF997P
MX9TLRC4
NXAMWX4C
H7FLAELW
XXKTYAX3
N94X47NH
PLYMP44M
METRXTY4
T3CR3PML
CK3KTPWM
TY74CLPK
ARX4N9HE
CYYHNWMP
KXNEX4RE
NHR9RFHP
XWFPTFEM
TXN3FP33
LCCFHHPW
7T9HMN9P
HCRPRX9N
KHWAMLNW
T447H9AH
ALAELLHC
X7MTEYXL
9HWHE4MT
FMYX9FLY
7337WRKA
HM7FMFFX
FNAYC47W
CMXPXLAF
WWWLLNEL
439MTKA4
937APXHP
4FEM7X7X
CFC7FHCX
EPMLFF47
KHTENNK7
34HYYK7L
AMR79AMN
AWH4TAKP
ANKPFPN3
NWWMNKW9
T7EFFA7T
YE34WT4R
TMC4RKN7
NW7WRPKC
NHF4W9TW
XCKP4437
LRHWRX33
KYH4YH73
YXA79L4F
93XXCTNE
NATLLP4L
TCPY3R7R
FC7LCLXR
EE3Y4TCW
KAR4PTRN
H4RMKYXA
PKEXPLHY
7XYE4M93
T9WTWRL3
EXTMNYMK
NHEKXRKE
WPN9RRAP
FNXKL7L9
3W4ALCHX
93KLEPLF
943WTXH4
HKRRYT4R
X9KYYH43
A3CPEX4Y
PAY9C937
CAC7X7A4
ARN3FX3N
YYFALY7E
FXKFTTLR
K9HPWCTC
ELNHKPYH
HKPYHR4W
HA49FH3W
HKN97AEW
C3P7NLTW
E3WNHKC7
KYNEHWMA
LMXHEAK7
3MEAX3RL
7ATXFN7W
E9WYKEXT
YPYWHT7K
9MYHREE7
CKLEACMK
HXWFTXXK
PLTMXE79
P9FE9ACK
RLHY3NAC
PMYKHXT4
4HC3KPEY
FCF3ET9F
MWEAFY9Y
WCMLECHN
9EY7YEH3
PMYT43Y9
4XXAPTWA
ACPNYPP9
A4RCL7AK
TP39EWKT
KMKKK9PE
9RNEYAHL
YA7R77WP
7TPHHANW
RXELRTFW
7YMCKMTM
RAFF7TEP
WFXPRRPC
3KYRHM7Y
C3NK4KRY
WRHP4PX3
FNFFYKLA
C7C9XMN9
XAWFXHKM
XYHHE34K
WR3PT94A
Y3MPPEY7
NCPNNLYL
MTCP9YLE
PR4CFWYH
WELL4RYE
LXTALAFP
LKNHE9NH
L33AKPK7
LF39T4ET
KR3NPFFM
W74C9R4K
LPTR444K
FN44T7KW
TA4R79N7
4W7CYXXR
YTPTWXFK
FX4CLTFN
FF73XHNK
NCCENNPR
WLCXREM7
F3PYWT47
4RNRCRHY
HP4H49YX
KTMYNRW9
F7YRCX7L
MLFFEYWC
MCMKCN4N
C99X9LM4
N3HF4THR
MYWYM9CP
MAR3W79L
NKXAC933
3AP9FW4X
ERYMTP7N
NP4YLYCE
9XFAHAAY
WMK4RLPR
E4P3WMPF
TAERXWKM
AF4E9ERW
HRNXAEYN
HMYCYFPE
3FM4TYA3
W3T97WMX
NMTFTL7L
NXXMXACH
LCY3ARLR
WMLMT4AH
X4MN4CRA
KHTKNK9N
P337N43F
T4MFX7Y7
LE4R49NR
EX779HFX
LCPWWMLP
WLP9R4YE
AERCXF73
EM4RNY9F
LLY3LXEM
YTTAMPM4
7WAXFR3N
KL3E3HRW
LFL4MXPF
PKHC93WC
3RNWLT4L
YFMPF7AH
74RATRLH
T9RYA7RC
AA9PAW79
THMAPTPC
4EEF9P7R
79CEKC7L
LKF7NYWK
KXTP9LRP
TFTNNEPT
MMYPN977
973Y9HH9
LLNEACPK
MW7TPXWW
WXFE4LEK
YMPNYFEN
7PHTPNMX
3F47K3XW
R397RKNM
P4YLKCEM
MMLAYENA
CLHEL7CC
9M4YEH9A
WLN47AK9
7MXW7HCA
HKFER7Y9
MCHPAMXF
7C7HNFHK
9F9LXRLN
3CLNLKXT
RHX7HPHC
9FTHHRHN
X4WLHK3H
F47AAYEM
EFEKRNHN
3W3N7KHK
WWP3TL37
NHWLWTR9
XFX43EMF
4T37HRL4
TR3N9ALN
KLPNLPNE
93R7KMN4
E9AXERNA
FKPT49PW
Y4XEARCW
4FXRCYCM
ANAY4L4R
MHL3NFFP
FXM34ELH
LWNXCKYF
4EWXALCM
YL397N7C
9FARANL7
WNCK7WAH
NE4MF4TP
RN7XXPRK
XRTWKWPA
FKP3TFWX
7XMA9C3F
XF7F7R7X
YN7E4HM4
KWHRANR3
E7YYM4XE
Y994CLCX
X9MW477X
RM3MEHTY
CWNPRYXP
TTNNMPLF
CNP7L3CM
KNYMNLWT
HPYXWMEY
F3KNYKC9
AW7TXFAC
HPKH3WEE
NKRCCA94
A9FEH979
HPYET749
9F47TEYC
HHC7RHPL
E7XTC4C3
AECMTXCA
4XXH9W99
NKXF7CMW
RCR3PYNN
7L4RN7NC
NPTCYTKF
9AWW4LPK
H4WYPMAT
C3TE9L44
WP373PRW
LCNYFYPM
FN9HRY9W
NAXLERHL
C4FNYA7N
XX4WYME4
EHHAK7T3
4YYHAEAC
93HFH4R3
YKR433CT
TKEREKXP
YHTRH7TC
4TL9KK3F
LP4KNL9C
XT4LNEYC
3EC3Y4MA
XW9XYKML
TYPHLYLT
L9T4KEW3
KR9WC4T9
M37Y7AXM
C4W9XRAA
KPXA9CT7
WM3EF7CK
FH33TPNY
XXCERA7C
WYANAFLC
9T4MRLH7
3HPRX4T7
HKY3M7ME
9L3R43AW
3YHNXMXC
K7YEMNNE
9YNTPLX3
4Y4KLW3M
4XWWYFAN
KHPW3NKR
RFPMPKEY
HMXMF49A
REMX7AWX
X9YL7AHX
PAN94ECL
3NEFKR9R
A3MMLEFM
ENNWARPK
TERE3HPC
T4RKYPYE
K9A7PEMM
94WPEKPY
FCCF97AR
FKMAHTM7
HAFMFHHK
A7METC74
RCFYRH9K
CPLC3TLM
9AF34W7C
M3AXXWAK
NRX4T3MK
W77YREXN
TWRNEWL9
LKRAFCEP
WMN74P7Y
KYFT4W9H
E4YXECA7
K7KYN7K3
LRYAWFXP
R7K7XTHF
H3AE9YYX
X39F9M3L
KKE7RAMW
793R9ERL
7XRPA7W4
XTKNX3NL
YLHFNAKK
CN4CTFWM
EFCP33YA
KF7PFH47
NMXCE7YA
MXAXAXCH
KF4Y3ETF
37FKRF4N
LYPEEAM4
KCPMMHKY
NRK7T9NK
EH4FWCMM
EA9NTLXW
R3R97YL4
XHFMANCC
PL7A7M3W
A4RKN934
EMFKWPWT
FARP93EL
9CRT94NH
NHPY3WXR
H7A7F9LE
YW39FEAN
9MMKFMN4
CW7YNN49
AY77EARM
CTYHYEXL
9WKMYCHP
9CW3MMCN
AMC7WLE3
YH7RMRW9
WY9YPMA7
MTKH9F4M
CYNKWYHC
HN3TKPYW
RC3RWAX3
KANAEA34
MTKEC7NL
4FLY9X9F
HME4E7AR
TTMTCAPA
YR4LK7NX
PFKFKAME
RRM9F747
EMCFLF3Y
FKM7LRPF
N344TEMP
RARH7LPM
H4FW4RXH
KEACPL3T
R73CXK9H
HPT3XEY9
CEKWPW7A
NPAAEC7P
3KYFHNHL
ERXEXNAN
XXYPW4AP
PXF9MXK7
9ARF7LEM
NLX9MCEK
WHHXYAY3
34ATWRTN
XTY3FFA4
EHNT9LKC
4PCTA9EY
3ERPECYW
N449CT3M
XRK4HK7Y
YMTX9HWE
HACLEPPM
CTHTLW9L
4WP7MK9T
MXTNL7T9
RWHW94YA
ACEEXL4A
MXMNYEHX
XFM9H4P4
W7PMXTY9
FFYXNLPF
W4E4LHC9
WYLMAWM7
KFWTKNWK
K4MELHF4
PTFCRHWN
PMY39LWC
C4TFC7N3
NFAHCTAY
7RLMRPP9
MWMEKAYX
HTL7PM7L
PT4Y9PR4
HWAEYTLN
T97N34N7
KT47CYNR
YW4YK7LY
9NWATXN7
9K7PPF7K
7KKLCPET
X4KTRN3P
EPHKHMY7
YL9K7XLW
YRMK99PF
W793YRYP
7KF44XMF
WF9XTPK4
M9X4KWNH
CRW49T9A
AFEYHWTP
3E3TWKPH
TALFFKMH
ERYRP3E3
YP7LEC4K
PT3C3NTT
MWYLRKXY
AEE7WHHN
HLYFCRRW
9NY39A4C
9P3EPEW9
FWKWX4EH
4PPAH9AF
KHENT9YE
CEMEERFM
EX97PFX7
NR3RRKLR
ACCFWNLA
PK74LRTH
CATXATXP
4YLXPCTP
CKPWPXC4
3AA9X3PC
P7N3A7NC
EKXNNA3T
74TRXLXW
FMTEXPKL
KRN3WKHE
FCRYNYRK
YHYFNFC4
TN4NYAXH
4EA4FPEX
HAN9WERM
WHCMRMXY
L73HPRFY
WFHNNLPP
PTCXM3TX
YAAETF3R
K3WNXWAC
FTHKWXAT
CHNFKLRX
WCE79KPT
R77FR39F
LFCXFXER
4Y9FFTFN
T3RE9YNX
WKNXXTWP
AWXLCKC9
AYHTEMRC
H9MRYFNY
3AY77XNC
AHWWKAEC
9374CKKK
HHXFHRFH
3PN934LA
YMTE4AFH
KAL9M7R4
A3WR4FNW
XR9ATXA7
PX4HXH3X
7FFXWCP9
9XMMA3TP
943FPYCH
W4PXR3ER
43CPMXFN
KTRTHCCL
EYR7X7EW
ERPKCRYK
7E34MW73
EC9NWKXT
K7C4CTRX
E3XHNAML
P3PYNAWL
XYNXH7YN
C4MLEWWN
YEH4KPMH
YEHTKX4E
LWMAPEHY
NFRHRXHP
9ATKHMCF
RXL3E4NL
MYMW7FTT
ELNKA4RL
73NP9A7E
LXRXHWLL
ALKA7W7L
M9XYAEMA
WRMYRAKT
K9E4XA7Y
7EYNKA4E
TC7LMTH7
KFMPRPHL
W7REECCX
T3ELNATA
RLK3F4YK
RNFCAF3L
P94L74R9
FL4TLLFX
FWY3YR3W
7W39WRT7
E7WCYYMY
3EYNLRF3
9NXYANAY
WARFHNRW
PTFPPRRT
X9T9WKRR
7HTYRKXW
4WMPKWRR
W97FP9YP
KR499FPC
LRNF4MXW
CFPW4FAA
L3NXLRM7
NCKAT3E3
H9MKTFFC
YMAFER97
C9YNC99K
X39HXTEC
LTRCECWL
L43HH4LW
XWHR9EKY
PKHCCCYL
N9EMMN3E
CWEHY3TF
MTREKRCN
MPCFWFAN
L7NPHHC7
E33NYP4L
M7YEKXXE
4HRFCWRW
7MFWPPMM
LR7WNL3F
YHNMW74H
NL3MXRPT
AAW7NWFM
TFEEFR3E
RNWWC9AA
W9T9TX7H
T7AHMF9C
WEKLPPFA
TE99M7Y3
THFPLCH9
44NF7NY3
4CY7PC33
3C79M4XH
P3F94L3E
CYKKLRET
LCNR4MTR
PRWLP34X
E9X7XA7F
TAWX4L4X
YX3PECNM
C4CRRL4X
LAAAFWKX
PT3EWCHF
4MXXAN9P
TEYCLTKC
9M4ARN9A
3MWFHAFH
LPYNCNNE
3NA4RHL3
R4RPCFPF
M33TY4NP
39FFNHXY
MYAK34F4
YF9ANFXP
ACYCYMAM
EXHKKMMW
FM3FTCMW
M7ANFRWY
KYAEKMLL
LELWX39X
7EERLW7E
Y7WYYFTM
XKRXTLWY
7RM4CLF9
MEFK7X7P
CC7KCC3Y
MF4WA7A3
X7R7WNNC
YWM37KH7
4KPPPAL7
994MMCCM
HNMEKNRT
N44P94PN
RANC9PF4
YW9RPEPR
W4T9NCNL
NFT3A33E
YTAPN3LY
X3T7WHPR
AMPW994P
TRX3LCXF
FW9NHLXN
MXMWYXNC
YCW3MRLN
7KX4AWXN
CTPR94KP
H7XWX3AK
PF7L7Y4T
WY9T39AP
XKWFHM4R
XAFXHHEX
WWYAW7KC
CMAEE3KC
XW9E7XFK
39A99PLK
MMAEKWNH
FCYK9KFT
KT9REREE
TLEW4YCL
H4PNC9TK
NEA4AXEK
XKN97A4A
L377E3FE
RYYLYEFN
NKPE9XYK
WP3RMNNE
HP7P9TRN
7N479P7M
9L79YRY4
FNKXFH7N
CTR93YYM
PMFYT4KF
TFP9K74W
NRMPA9KK
AFETYPYN
P9AH4X4T
FKNFTX37
4EFKYCFA
CRKTCPEW
ETPLPXYK
C3THNHKT
HX7ELWHM
KMKCYLTK
K4AXMXRX
AMCPTY4K
7X7PKHPF
XY4AHPLE
9P9TLX9C
HN9T933A
RAECAFPW
EWLM9HYW
M9XMX7YE
HE74R3F9
NKNRX4K4
AXY3ETXN
79PXY94L
4MN7X3LL
HNP44CEP
TXFYWKH4
XF793X9F
PCHNNHKH
CT3M3EFF
Y99W3MYL
A3MLCLHE
779MEEXH
RCK7NHNN
4PH3M79L
KWLEXFRN
L7E9E9AM
REFH4PPC
RXPWRARH
A9RA3MK9
YFLME4EC
WCWX4YFL
7LMA7WCY
7LYNNY9P
7XLTMRLT
WPA3YNFF
L7RWXCW3
EATERNEX
XKFWLCXY
YLE9RAER
7KPLR47H
LMN9AKC3
NKWTNRNH
PEWYENCH
TFEACYFE
Y3YN7NL9
M9RYEKNX
W97EYLE7
LPM9CP99
R7A4CWFR
4XNALWNC
FLF43ALE
7AELM47F
K7WNMEAX
7EWLHFWA
CAR9NYCY
KYPNW9CW
EMYHLEWP
FRHRYMFK
EWEMFECK
YW7WTWWT
XTX3WNFC
74XRHETA
RMHTLFPE
7XH3HMXC
WPKRMREX
FE9E4PLL
RY9K3AAM
4PTM43KX
TKFPF3HK
37YEWMCA
YC3XRF7L
NALM97WL
H334HAYN
RLLMY9FL
MWXFR4ML
K9N9FAEH
CHAMPN3R
ECMKWKEC
4EA3YF4L
MCNKA9FP
9FEMEPKE
YATX97FY
ME4PPT3C
MELXAKAE
AL79KF4W
PAY7XYRW
YP9AFM7W
3KRCXRCP
MNCPA9YR
RTK93MLW
3EXPMXPE
WWLMWYLE
WA4FPHA3
RN3CAML4
YN97C4RX
HX7HCKTT
E3CEXNCM
FATMYECC
ACWH9AK4
C3CH7MLY
TRW9WLW9
P3XHYYLR
PE7AWHH9
YWRRRKLE
4343HCXL
FHRRHLTX
79CH4XW7
MN4NXCKR
HF33KM9M
HKTFFMRM
K339CKKM
TH3EHREA
RWFALTNM
Y4FHNAXN
TH7ATNX9
Y7CFMEFN
TERPFLKF
RLYYXHRN
RLXTHWKW
E7RLM9KT
AAL34NRM
79X3NH9L
CNKM7C4X
HLY3YY3A
YW4H9TX4
4PALKCCE
NWPKCEFK
H4XEMLRA
T4N47WW4
CXXWTY7X
LKPYAYRN
MAPTCPEY
9TTCAER3
FP3KL9RF
HYRMR4LE
KRWY9KHT
X94RHXC9
R9MRKXE3
LL4XXL3M
KNXNRFL7
TK94HEXP
RW47H7AX
R4XRLRYA
93NHLYP9
EC9AAEPK
HHFT4LRK
KWELY3HW
Y7AHPXXW
49AWKMNX
AR4CHRWM
XXMYHK7E
HYNKAAKT
AH43PLRK
LYFMKKLX
HRMF9RA9
LRCM3MYK
AAFEFHCF
K3XXMTWH
YHNLNKNP
ECPW79E4
CPNHTLHC
ETTLW999
HRYH9NFH
YR7H9LAP
AL7TN4W9
EM4HAMKL
H4FNT9CP
4LPHN3CK
AEM99FPF
7KMRTTP4
H44ANK7H
39RLY4PW
7WERRPWN
WXAKLKNX
R3A4ATMA
CAP7EEYL
7WTXRHPF
K44K9LFC
PCNLXXWM
4CKFENWT
XF93LET3
WKPAH7TK
KX7XLMRC
9WNA4CKX
XYLFY7YA
ALCA4YC3
YWWAYMYX
ATA33XHM
PPCYRRLC
A3WRYPPY
34NWYATE
TWHLY4XA
TFEFYKPA
WAXPNP7R
7PKX7HRK
9YCWTKT3
LHAYRFLN
7F7WP3PA
MPPHRLRY
W47F7Y3C
T97A37WT
7ER3CCRN
HT37ALA9
NYYARTYR
PPWHMYPH
AEXRMPXX
TLCA49XM
4RYR7AR4
AMCEACTW
PK9FTT39
93H4AEWM
K9P3RXAT
X39ET7ER
C7PWTYWL
73Y9M77W
EAXMAR7K
TXMTHNRT
KYWAC3XY
LPW3THC7
YKRHNYEW
XETHNENT
NXHWE97R
A4EFWCRX
9ERW7TKA
MPY49C3C
7CWKF3FL
K7K4K7EM
FFKCRXN7
NHL7PCFA
RXTCTC9A
KYNF39FK
4FM9YXC7
XFYH79CL
P7XWPP3C
TTKLMTMT
AT7LL44E
4TFHFMXC
XFRKXFAR
99F3NA9L
TLNN9YPT
3TTYF7FF
LE49RPTR
3NNLC773
7LHMLP3T
FHECMH4R
3ERHH3HE
FHPL3RFA
YTWXYA3P
HA9WYRHF
3AMCEWCK
7XEM9FCN
W9FF43PX
W4XH3M3R
TC4FX3NP
XMFT7939
9RTTANYC
PC94CPX9
9NXYHK4N
7H97HFWT
A9N7PK9F
NEW3PKF4
KLYWWTPK
CWYWAWAM
RMMKL4KE
HKHY4YRF
4HYE4CTT
XKECX9XA
KEWFFNTK
CPR4RKT9
4MWECWKE
H9PMCYN3
HLA3FYF4
WT74A9AE
KNLN3TPE
WFKXF9Y4
AL4RRE97
R934X9WW
9EHLC34L
XHPWTYNE
7ANKMW3X
9T9NNWNL
7R34XLPP
ET7M4NY4
EAW3MWR7
P49XH7AX
W4KAHLPH
WNNTYNC9
KXWN9PT4
F4XCXTTM
NWENLHAP
T7EK33WW
WFWYECXM
LE3FXPY3
C9EPEN3C
FFPAEP4M
WYM4FC4F
AMX3YL7N
KWCNRW3R
HYTLHTHW
RPEL9KML
NPRFLTNY
YT9WHCLK
RYW4NMYC
MXC9N4E3
ACR3AKEY
AA7WLA4M
L4PHCC3P
PL77ECAX
E7TWMP3P
LMFHYFYC
A9HT7KMF
4MWLMYWX
MHLWNNPT
EYH9WHKF
WPEW9EYH
KAKHY9YA
X9AWNPEM
YPMW7THE
RYYYFWX3
7LCMPFX9
9AKCLMYT
YCYN7433
M3LEAMNH
MF4AF9PF
P43RAPM7
THE7LL3X
TWXNTHWW
KKRY3A9X
KKWLHXH4
ACLATATN
AEXLWRY9
T39AKCYA
M7PMWREY
KKWFN97K
KYWW9YWW
NWERFMCP
YWHLYHNC
YCFMFCPF
TMPX3NN4
33KETMCC
TEC4HXFP
CEP9WYKC
934TP4KY
K4NR9K3X
3ERM79EE
AHTT7KMT
FKTA9F4F
C7KAYCWF
CLMCL9HL
P7P7HMNW
KLACNWXP
LWLKMCAR
A33WNLFL
9HCRTKAC
T3CXKT9Y
3NMYWYKP
9HPN73YR
44HN7YLF
E47CKE4E
MWCP9C7L
LAF3K44P
RL37FM4N
7KNTYP4P
L474PX3M
MLTP9PC4
7MTEYA79
XT4HFEYX
FPWMF3MT
9HAYCXFC
REFYLCNE
PPT3C3RK
7LA7M77L
TYLNW4HN
FPC3MMYH
YRH9KLXF
3A4KMYHL
EKMRXHCE
F7H3HTHR
ANLHCHCK
LWNTYEWK
K94LC434
7PL9CA4R
XFHEMLMM
FMXYM79F
CKKM7N7C
FKPNLCCN
PEPNAWLC
MKALTMYF
WMH4AMFF
YLEFHEY3
L4EFCN3P
LTY4A9LF
73493NL3
AN9ACXM3
Y73CHARY
RAAKP7X3
NRLY447N
APMTPX3N
R7Y4LPYE
C34ECCP9
KMFYTTWF
TTL4EAN7
49NCHKXE
CXH9YKMA
XN7KLPPL
3FHAW9RR
PC737FYW
AT3FEXXW
CLCLACAE
FYRKTE44
E9CH74N7
CEE4A9F3
FAMTLYP3
EPNFTYYT
PXXEYT7Y
3ACLCTAW
KYWY4WNR
KNLMLFNH
PFPL3XRT
ECLYHRH7
NWRN9WK4
AHR3YYYN
RYXEFLYN
TL47NFEX
CRRNHCEX
L74XFY4M
NWYETHCA
CAAKFKLY
4WYN3AK4
X9FNELF7
YAKMKNPH
7WPR97AP
YWMYPAP4
ANTNEEP7
MXE4ANFX
3LHTEF9Y
TWC7ACRL
TKCPET4N
7L4K9F7K
NWY7NYRW
YNYYP9XK
XCXXWKPL
K3EEXEL3
3WCETPA4
R9RF49NC
XFLCR4LM
TMNT3FHL
KXAH73CR
9LF4NKKF
RPLTE3KP
XPNKW7HW
LRPANCPR
RCRKCXMY
PAHWAPR3
EYNMPY4K
3FEPAR3L
MCXXARPY
HE3EXPX3
RYNTRXR7
XNK4MAE7
MX9M9EKY
L4ECX7YM
XYR3YA49
XREH9LCN
EKK7XNA7
WFXCKPFP
TRPNC7C4
4H7KWKRW
4TC3Y7MR
FTF7A3E4
XM7XTRYT
MHWC3997
KT93FEEL
REW7LM4L
CCMWT9FH
LNPW4AEL
KC3PYC3L
WKM3X743
P7LETWRC
NX779LNE
EPCLXRT4
M4CYAYKE
E43W9PXH
PK4WF7T7
Y9MWMPTA
9MCCA3PA
A7AHXYRW
WA4KFCP3
N3KCTREY
T39FERXF
YFM3E3FY
LEPKP9LR
HHLHNLWY
YNYWCMC9
W4LT97TE
F9YXEK44
44XWAXLY
EKWTM3MY
KWTC7PC4
RLHLTLFH
44Y44T3H
MY73EERT
RRKTFWRP
ERYHM3N9
NC93TMXP
HPFNTMHC
37NYAP3F
NNLPTPT4
9MLPFE4M
97WLAMET
3NMCC794
MFXWEXMP
747MR7WK
KPX4HPEA
E7NRXEXK
PPK4RPYN
9HTAEHH9
RKN9WE4E
XWF97AMH
LWT4XYXX
LYFN47EW
A4TX77MF
AKW7ARC4
4N9WLWTR
NP3L7NEK
F3LWXWCA
FY74CXCE
AEATEAXA
FRY4LYK3
HPFP7E7A
AEMLY7K3
PXRR794K
C9YK34YL
3T9ERY9L
RMLT7KER
PEEYW4WT
3RHXWR7W
PLPMT7LE
PRYE7EXN
33YEWNC9
AYMENENK
WEEECEFF
T7M39EX3
AHATCKRX
T4X9ERH9
LR7NTXMX
N7AK4EEE
EKXYPH3N
NA3YCLTF
L4A3XE3N
PMAKP3LC
MWR7NKKN
CKE394YF
FRMMNLXF
3437X7T4
RN7CF7YR
399PYHXT
XLKP4MME
HXT9CR7T
7PP37EYX
LNLARHA3
7PHEP9CX
YCL7KATX
MMLX9EWN
CCEX9ACY
ACCE44E9
L3A4FFR4
R9CPXRP7
LRW3HMW4
HAAY4KHH
CA4TAMKF
94R7L3L3
EXNWA9WX
4KMXPELL
R4TEEELM
PEME34PN
FC7FLHNK
PKRNAPLR
L7YA9HXE
YWYX7FAH
TYYF4C4C
Y3EE4WK7
E7XC9PHL
LT3HTPTP
CRENFHNN
3A3CPRFW
XEPEKE3K
ALX9N7NF
HXEKPFPK
M77MCPTM
MPFNMYMP
NYYEL7EY
T94C3MXC
WL4HLKWE
XMY4YP33
MR7AHPNT
MFLCERYY
PL7HMR7A
CRF9F9XT
AY7HC3KE
9KCE974Y
YCEKKFTT
E9A99RL4
HHFNLFHA
MP7ELAAC
N4LXFEXH
R73NYNYH
HFH7NANW
K7ENEHMP
C3XWT9TP
RA3REEMK
R3KXHY7L
NCPFAMMF
RXNRHKET
7YFETAXM
FY7TKKLX
HFR4PKKL
KT3EKTFE
7LAPWMYN
3EXPT4Y3
3TY4RXYY
7WCM37M9
YALENWFF
KWLEMAXY
7NA7L4N9
TTWFY7KC
LRYKT39C
K9EMA4T9
HTKWTTEL
E9YWRLPT
M4R97PXF
HH4XXHRF
XXE3WXLM
TLKM97FT
NA77R3CM
3R7T4KAW
4WXARER9
MAKAHFLM
9NPTA7AH
F7LR3FTE
WL4X7R3W
3YC3F4PH
FXX7YYF7
EHKTKMWA
3MY7E47M
NLYX9A4W
3A3ALCY9
PWEKNXHX
XPWRNTMC
ATKAHYEH
FXAM49XY
3TRXRL97
4377T4Y4
XRH3NFR9
7CNANC3X
W3X77E9H
4HL4FETY
RYM97NCX
XP9EMXP7
NFFMCEL7
ACX77ACX
XRLEFPC7
W4TA9WL3
T9WMCNER
KWYENWR3
CPRKKK74
R9PXYL7P
TNEPYY3P
FNFEMKXM
FE7CY7HA
FYYPXP4E
WK4P7YYX
TCFXE9EM
LXYHFPPM
74HKTLC3
WPEF3WL9
WFYAAKFN
RELWTLPP
7MKPTYNC
R3TEHFXE
TWFAY7CK
4FFTCYKL
4M4RAYAC
N3WCLYEH
CNTY794N
4L93AL9L
3XHNFLWW
9PAAK77H
LP4KRP7N
WR79HMWX
YLRMHM9W
PFCXFR3F
3LYY3CYK
M3YFFFMY
4PYRNPNL
KMTHCAR7
A97FH9LK
RF73XC3N
YMK79KNL
9NMFHTWF
KYTFY9AR
PXE3RFRH
KHTTKALH
W37MH9MR
FMLEFCW9
LTM9MAAA
REYKWWFY
A9NECEY9
AFMEK7WF
43X7344H
KP3A9WHC
TKHLEYCT
P3C3YALT
WTKLRRPR
RYXNHR7Y
HKY3E49N
HRHHHYMM
LX3MTAEL
HT3TE7CH
3NTKL94N
7HMECK4P
CAFYP4YR
RYRXKNA7
PH7FYMTC
KAKKRFFC
YPYTFFH9
9EA4P4L7
KEANXTTE
9YRL3CRH
MK4NLFXW
AXP79KL4
P9RWELL9
YNKWFHML
LPF93TFY
3XTCRRCK
RA9ANW7F
RWLPTT7X
MA9W3R39
7L7XT9EC
CYXTX794
PKE33MMR
CCNHFMFK
L9MKYNW9
WKYCNF49
47TPRLNM
4TTR9AW3
4TWEE4ME
TRYCWHFY
EY9XT33Y
C97RXTHC
EMEWX7E9
WXHX4N4X
FKH4PLTP
CAMP9RLY
4RWM7H7T
7APA9K9M
4KLNFH3M
K749RTXC
4XNKAPYM
YYT4PAF4
XAFLHWKR
YPHPPEW4
RCM4FEXF
K3HTNXLT
3PX7Y39E
TPYAXFAL
TT7YPXYL
ERTW7RFH
LHWNFPLW
Y7WPXY3C
3RMLXWCF
NL9WRWR7
YCHCYYWY
LY3LEP3W
43ELWYTX
XCN7K9M3
A4LFAPYP
AHCR99Y9
Y79AW4RH
ATFNT9L9
XEXHCE3A
AYAC4WXA
3R9WNMYP
HAALWF37
3WWYAKCK
LCK4YCFC
EY9R379K
N4WCARW4
PXXREWCL
PNHTNAY4
TW334NC3
RWTNNELX
HCFLPL7L
HAYY7L9W
NEMYACCK
EPHRMEWW
E3FTLERE
NTERCPW4
AEXKAF9Y
W4L4WTEC
APCKEEXC
NX3WXHF4
E4ARRN4C
43TLA3YR
YKPTAYPT
PKP9XRN9
HAYPRYLH
Y7CFMLX3
PRXXANHM
9L4CAH47
RAMY9NC3
CCXHYAF7
4RALYREW
XCMAARYH
HMYEHEWW
4AME3AK3
3Y9XYC4L
NYRFANNL
EAM77TRW
PF43MRAE
7ALHEA4E
AH3HFFKH
CMPAK4CX
WWT99LFE
4MCL3YN9
KAELTYA9
9MARXKXH
KWPYTWFN
RW4R4YM7
AETAATYH
PMMXLKL7
9AAR7TNR
E7H34LAT
NHK9L7TE
7TTCRNAX
TRMT9TF7
FEFFCMX4
FYMENAML
CNMMXEEC
7WN77M7C
W4YKY747
FFM9LX49
XHW3FWLK
XFCECCWX
FP77HA9Y
39PCM99L
AXN9XTPA
XTWN79NE
WLEMRXWA
Y3FRAFPM
E3HCK33H
MCCEC79Y
ALMEYXCW
WRHXX7XN
KTHKE3WE
XE3NC3PE
34K3ERWE
CRTTRYRP
MCK9339E
WKE4EL9F
N4XMHHRY
MWF4C9TY
LE3Y7XF7
CH7KANYT
AFEAH7AR
ME9WT7MF
P3Y744PW
NX4T39YC
CNXMNN4M
7AL93FHM
Y3779W3L
CYLKLAMR
F7P79ACP
4FKRAHRP
LHHHHXKP
TTY9EYTT
FW9NLFMC
RXT7L7KX
YXMLKNKF
CEH3KR4L
FMAK7Y9H
PRFKAR7W
93LKPAFA
W4C3KKAR
TTXTXN9W
ACETL4TH
CE39HHAC
RPEARX3A
FHNCANYT
MNYTFF94
T4AKLKHP
LXRC4WCF
7YFF93N7
3C4C9PN4
4LXE3HKY
NEPP7NNK
MFKYE7RF
EN9NF9W4
MYKTP9RH
3YRELRY3
F4N4XLAT
FW3NKN97
RM4E4KN9
HXAMC3YH
K3M7FKNY
7LFL3KEY
WRE3EE7K
W3RRAAE3
FWNHKNLH
TAN3WEFW
T9CAWHLT
9P3XYRW4
X94L7HCR
TTCFP7X4
XKRMAFRY
CC97434E
EF749MMW
3RATLA3Y
P9MX749K
4Y9EF3F4
R79W7FHL
XHETWFAL
9PALC9AR
93RLNW4W
7HNCLFTT
XC9EM939
XCE7T979
9E47APL7
AMH9EEAE
4WXMRHX4
KFKEMYNH
MPHCC7EH
PEAKPFPX
PL7HNTWM
L49PA3PW
WHHFKRXX
9FLLTKEM
4LLRWPTL
RNAXN3YF
T4TEPXAL
MNA7FFKT
4AR9M3N7
CXXX9M4A
LELHMWLR
49F4P4YX
NMCYK9NX
AYXPKRPN
LLFFPT3W
H4W7KFT4
FLANYMEY
XNERRWPH
YM3HHPEC
CXK9KAWE
LC3N4C49
TF33W7PT
4XM4LRK7
NYEH4YXM
E4YHLHE3
KPX77HYL
TPE4L7PM
NFNWLPN4
EAWHKMXE
THXX7CLF
F9MTYAFA
MLLMLH9H
XNYMCFFM
Y9CELHYF
CNTYREKP
9F3EPCFX
FEYA4EKM
YFLYXRX3
3CFX4TY4
ALTRR94R
XAT9977W
NYNN4YT3
CHNEKN9L
9RWMEPFM
7ELA7C3R
LLYRHY9F
TAX7NXCR
YKXCPAM9
LFNEWK3X
PKRHKKP7
NNRL9MCW
T3NHHWX3
FFT3KE4K
TPH7CYT7
NN47HWPW
M43PKPNH
T7EANW4Y
HF3LW4KY
C79XTCCE
3FPYYKHX
Y3MHPKFT
9YMEKCW4
TNK9MAFN
3M7R7KWM
4C9MR4FT
AR39PAHK
9FEHNK3L
YM4FF93H
WXMCLKTF
9M4L4LY7
3XPWRC47
Y4FT7L4F
9FKPAREY
PKTTW9AH
PYPN4FH4
9EXLWER9
NPN9XYM7
3NNCR7FM
47434X9E
RXFTPF3L
XAF4YLXA
KPANXARR
4YXKCW7R
WALFH4KY
FELLNFE3
CTCFARWT
99FN349R
HXRNM4YA
P4ALKNYA
4YFXAKE4
FXXMTWC9
LCENFTEN
7MY7CCCY
9434PLY3
HFHL9Y3C
Y3HEFAEX
4PKPH3KE
TARA3PTR
LRNW3MW4
K73C3FWR
WFKM9C7R
Y3TLFPAL
K33F7PFM
XPPF9LCC
ENFN3TF7
R34WW3ML
PFT9MRRF
FWT9PCYN
PT9ACR74
KALTXAHW
NA3YLMNM
E3444KMH
3ETAWEK4
YLK9LP77
YFN9NMRM
FCRMMXAT
LFRFKLL7
RL3FHM4T
KXKE3ALK
P9W44CK4
YN979ETL
H44RYPXY
WN7HX977
7CKPTRK3
7WEMKKWX
HFRERHR7
PEEHERWW
E37HPM3K
LLCLT7HY
N3FTL7HY
F7XFX9HP
Y7ELRWRM
74WEMH3W
XWCPTXY3
4H3TY4LA
CYNXRLCK
CMF799WY
LLEREXK9
4M7TM9P3
H43XYMHP
HEEYHPCT
FR3LRY9K
M79TNEA3
FMYPRYC4
FW37MY43
PNWNP3YE
7EX7CPRT
XY3EPNNT
NXHYFRHX
HKW9M7AF
PK4FX7NF
LFMFMWHN
LKCTNKXN
MR9FCYPM
3L4LWCYY
M3KLP4K9
FLXFERCT
H44PLX4W
CP3LL99K
TYLRRRMX
KNAXE3KY
L9WYXWHP
9MHLREWW
3X79L7KN
LE99NRX7
AWWA7A3K
TC794FWT
ENTHXCPH
K9FKCWN9
LNXWWHHX
N3YK4KYP
XYETEFP7
WHW33T3Y
3T4WCMN7
M3W3NPHF
CAPPCXPX
YEKEHKCP
KXWW7LTK
AC3LMTNH
7T49RKW9
FWHPPP9F
E394WNYN
4EKR33WR
PX97R4XY
PTNNNWER
C4CRKX7T
FREXHM4P
4EYFFXEA
C7N997AP
3NPRRN3L
N9L9K3C9
R73MAMAL
7HPCNYX4
HE49H7HP
WLK7XTP7
WW4YMPLT
MX9YLNMX
4XCCXAME
FPKM74ET
4RLY9LMP
HWM39AAX
3WPLCMCC
TY43FRLX
PT9ME4H4
HPNWC4WF
4RXNFC4N
H3HLWEKL
F333PLM4
XCENYFAE
K7XFKP3N
77CXT39W
TX37M4XW
H7Y9KEEE
NPEXHWX4
ECRPMY9M
PKHAXEXE
HF3TLNKX
4W7CEP7P
YXHNHKMX
4FLYCTHM
NX4HC7FP
YN3F7A3A
HKML9ATN
LN93NHM4
FH7LF7P7
CYXA77P3
P3NHM9KF
HNM4HWAH
NWTNH3KH
HYA7WLW9
RMXR3KA9
MRH7RRXL
WACEFEER
7Y7TXAE4
WXKKT7XH
MWALA3PT
HAHM9WAT
PC4ALRPN
ERC947HY
LYRTK97L
HP37PLR9
WLYWF9W9
WT34TNXW
39MRTNWK
3TLMWPLY
A4NYMN9T
WETF99MM
XRHRLYN4
WF7WHL7F
EPNW37LF
HT3MHXER
YW73PKWM
LACK4HYX
Y7E9TXF3
RTX4NNNK
KXEX99EA
PRY9X9CC
YLNAF7NE
KYRLTRFT
RRXFCKHY
KNA4C9CT
4YLEFP44
4W3MP7W7
CAE9NRMM
EF3PE4XY
P94FHP7Y
PLLP4CW9
HKCC7LA3
RPEA7RCF
3WWPC9H3
LEKMPWYA
CP93HFNH
7WL9AKLF
4XLAW3MH
473P9R7H
M3TR477H
FNXTKLYA
ACCFYFT4
RXWKEF3R
LWFA3W3T
KHFRKA4K
NKL9FAKH
EP77EWCM
RLACC7MN
3CYYERM7
YEY97HKY
TA34W4FM
NKP4YP74
MFXCFNHW
WY4NATMM
LHHW9CWF
RFY4RFLK
LETCFLN7
YMWTMMLE
37F3L3C4
XX3CXHAL
3T79YPLN
EXMWM4NT
C4A7EYHP
MMXWEA4L
PRKYTHNL
KYHEYWT9
ACCETPAN
HLFF37NX
PLPXX9H7
EL93W9E3
LPN37MFK
A7CRXY9K
3797RP9Y
AAAEFHWM
X4NKYNFM
PKYXAX4L
E7WLAY7H
WRR7WLTF
MAMYY9F4
C3LNMAHY
XXMPP7XF
R9LLXNC9
FFPAR9A9
ENYRXARK
Y3EHKCLP
XY7KLYFW
X4P49AA3
RKRNCAWF
W7CRKLYK
4KM4AYE7
XMEW3Y4F
MM3LRRFK
FRKEF3EN
ERRRFLCF
HPLNYRL3
NPAR39RT
PT74CXXM
NNFTPE4A
K9XMKXRK
NMH73RFP
R3L7X747
CFEC4XK9
EP94REC4
AHFXCMR7
PXK7AK4N
HNX7AYNT
4XCEW7X9
TFRRWRHW
7CT9RWR4
E7YP9WXK
YECF7A3E
R3WWPLTH
R3M37NH9
RHRX7C3H
R949XNKY
CNHPHE4C
7XCNK9XK
TAPXK4XX
YXHEMXE9
NY4CYWAC
3YYR9TFF
4LYNFFRY
7PERMEF4
MP4HKH9W
7CXXF93H
3H733YYC
7TFF33FC
9HRAAT9L
K7TN9HEE
YACTHNWR
H7NRPTYM
KWMHC3L4
Y94KYERC
XC7MWE3C
74KYWAPW
9ANTEEXW
M73MYXNR
9KKCHAR9
3P4F4R9L
F7LEML4C
CN73ACWA
AWXWMHNX
TCFRXTXM
PACYK9T3
HA7L9WHL
733TRFCT
NETC99N3
XMRLKE34
RPHXEW3N
LM9CFL9K
MW3HW49C
CP39ATFR
LPCN7N4H
YLWYLA3X
YX4PRTEH
FWTCAXH9
AXYL9TTR
EEAAYLAP
PXWEXKCE
W7ALLPHY
4EWRA33X
ETPKHXRF
EPRHH3RC
HWN4APMW
NLTNWW9W
43ENPMLA
PHWTXC77
LWAWW3EM
99EA3ETY
437TELCT
WE9RRXNW
9AERW9TT
RTXK7RLK
HXFNPHPL
PEAKHC9C
HWWNF4HX
AWTT9MC4
HY444PMK
C9EARLTT
YETXNAKF
3WMR33RN
YRKCNHNX
3HCWLK9R
NHYTMNTH
REFAPMN3
YTHMLK9K
LCAFYN9C
4CYWXC7W
CT9FERCR
F7CEARYY
E7W3K7FH
RY37W7FP
YH9MNL9E
AR4P7LT4
3E7LXMKK
HA7YCHTL
EMN4RXN3
7C379HLF
CCNKR4TM
3LW7EH4W
T49LMPH9
P79FW47E
APEMREFA
NRMPYPC3
C7FPNHPA
3F3W7EY3
CYLN9MNP
4T3WF4EH
WLER9Y7T
AHWCANX4
4HP9T7PR
EPMXMK4R
RT3T3FTE
7HLATXCC
C9W3LL47
7NAX9FRN
H9PPTKEM
KE34PAWP
PKCYK93T
44KFRXNF
TXPWY4EA
3A4YKL4K
PCHHHCEW
NCKT9T9T
FHWHNE3X
NW7R39KP
MYTE9CER
EKYF4LXH
TFFN7HNY
AMF7XKYW
RTH7XFP4
X9TCLFAM
NLWEKKH3
ERHCAFTC
E7MAAMRY
LK9FN44K
7LFXR3MH
P7WKH3AE
7PM747XR
TAYFMK9M
KRCYY37W
W7MMMYXX
XEFMRPTP
PYX4YKAY
WTLK3M4H
LHCK977K
P3LXC4FK
CWKPF4TA
AHF7MYF4
X44EKC33
NWPKHEWR
N9LL3PT4
CAC9WTLW
H44CXWCA
AMMRH4XR
F4H4RXA3
LLHPKK9K
KXF7C7HL
KF3XA4HR
NPW4EKR9
AXW7FFFY
FFFAHNWW
RLRFMEPX
LYNW7MKW
F9KRXTTH
3WX3FY3L
FCYH7ANF
RATEX9TE
RWHWMNMK
MPM397FL
A7FWR9N9
C7EKFF9X
NRYAHXMM
NXALRL3N
ALMETY3T
XXWW33XH
YPWPTN9W
3A74FF4H
MRAWAXR9
XRLYXYLW
KYPW99N4
7R3FLL4L
KPPYXCPW
PEXCCTYN
RLY7C33P
9AE9YPT3
LEKHYYAL
HWNHHCYL
TX7E7PHC
4K4ALEAL
NNP4T9MA
KKMYN3K3
H37CT44K
TFAL79R4
7EAFAM7C
9C4YWC4A
H937XLTY
E49L3F3H
49X7E9XY
CMCF4ALR
MMT44TLM
LR4LMW9T
K7NCMP3W
TR9RPRYX
LKRTR4W3
4HAPYLFW
E37CRT3K
HPKFM3FL
KT339439
ET47479M
AM4XY3YT
7ML4FKLL
CTMWWXPW
PKCKTW4W
T4FKTMFP
XM7RE7MF
L4YEHHR3
CCA4K43F
FLR3XPP7
7XWTAKW4
44RW3KE7
EARNPNRL
HTF3ERFM
HK9TT3LH
37YTHARP
PNP4KKXX
HWYC77Y4
9N4774CY
LE4WMKXL
FYPLLYH4
YKK7HLFE
NTMW9K7E
CA4TFNRT
ETYWT34T
KKRXWT9E
CAM4FAEF
9CTTF4LT
RHA7A7LN
93YYHME9
PTFYHMAT
L3Y4FTTW
FCCMYAH7
TFYFKPC3
E4Y4WHK4
CKCRX7L4
7K9W4HRA
KHEMT3T4
TKEM934F
YR374XRP
M4RF3CHC
RWFY9EKX
YHTYC9WE
XPYYKP9T
MPERC49L
YW47A4RF
EAATKHFP
MPXPE3MT
KCFTL9HW
MFP9MPTA
XX9K4PAM
NRRP4LYT
KW3XHN44
AAAYR4HE
T797FAWE
MWXHH7TN
NECT7ETT
4WTXE7HX
KKTN3NAA
FXFPWKLA
XARFK9N9
3HRKY9WM
EM3CLFN4
WTEFRNRE
FCC9XN49
A4W7YFCC
WRNYAER3
PWNCX99E
PMXNP4PR
CNEYN9EE
WPKLYNR3
TEFKHXLE
HTNFHX3K
C97LRXAC
79KNTERC
XEKEEYTT
KXL7KKT4
MXAA7Y4C
P3EM937X
FP4XM7WK
REXKAE3Y
7333N33Y
TCXARFPT
44M7779K
M3ENCPAA
KHAP7A7C
4EMPETYP
PHKYYMAL
CLKMTREW
3F4KEEHM
HAKWFTRH
ANA7TFCF
XXR43KRF
Y4MHTKAC
FECNALE4
NLYN3F4E
44P7EKRP
FPXCMYNL
9NTHAN7H
LHFFR7WN
XNHMF3TF
R434R4AA
XRYPPRE9
9KAK4EK4
AENWRETE
LKC7YRFH
7YXC7WNN
E3YFTKY4
RCTXR9MN
NRPNL9CH
TWEWN7YW
WMXLM4X7
PFKLNL43
N34NMXX9
W34NYKYN
KTNTA4LC
7NT7AT7T
CE4TKLRX
MEL7PFMK
XCNWNT7L
HAYRWX4E
YTA4A3LN
CK7A3NFC
9LH77W9T
AKHAXLP4
L7NFYFA7
4LTL9RRX
YL3ATP3P
LH49LFPX
7H4PEXCT
AA3EWPEY
MRCM9W3P
RENNEAME
NTXLYC3H
TLW99AF7
YME7YLPM
KH3WCRAC
PT4PWK73
7RPFKFNY
9LCPL3HN
EWMPHK7H
4HXERMXT
APXPFL9X
4NYHRPLM
3EXXLWLT
MM3TPRCF
LKPLECPF
F4YKAPAW
N9FCM4EP
NWFFK3HY
9RF3FMPF
YRNYY9PY
REXY79LL
RNC4FKNT
AK9LKM7H
PLLH7HPX
4ET3WE4L
TK7RF4RT
NPEATRX7
FYTALYPM
9KE73RCF
4HN97XYH
LTYWL9LX
YHPAXWEL
FCHYFYFE
K7LMTRN4
Y4CMLWY7
A3HTYAK4
NTT7MPAH
NCWYT4PC
F7E3RPXT
TXCXKELE
W4LE4NLY
L3KHYAYK
LMEANEFL
ATANHMH7
MLPCH3WR
ECNRM9KT
N9KXKLEM
LKP3R33C
KRLETRYP
LKMRNHCN
LHYEWEAM
C7NRPKNE
TN9YYXFR
EYLXAWPM
TYKP7TXT
3PNXLNK4
ETFWPXEL
7CAHXFYX
HFT4YCKP
XYFXYN9M
FLAPEHNC
KKXRXFMP
A7L3YA3X
RT4CA37N
WKAP77TH
YKTYMAC9
F3A7EX74
ENPN4EEF
7RRMPEKN
P93CTN9P
MWAPHH9K
XL7CKKPT
FNWP9PFL
73HPNA49
MXHH7YMY
KAMNW4FL
7XRAKNEA
LPM49H93
YE7KY9HC
XFH4XTNL
KRMEAX3C
7HWP3W3W
HXEA93PM
R3XYYA7T
XW3AHPKM
RTYFNEYL
H3RKFYTY
RMARH3RE
ENNY3TWP
MAPAA4AY
EFMRMCHR
TX4MWHT3
HXP343ER
FPHRNKPN
PTL7FNFC
XHTKX7CY
KP43AFAY
PTAFP4RC
KY7797EM
FXMCEANN
9M7N9TWE
WR3HFN7K
KN3EEHHF
LYFRF4CF
NNA7WXCK
P34YYXHK
KHKPWMRF
N3KTNXHK
3Y3W4KXA
WYWRMH4A
L3PWY997
NF4LET77
7NCMFL99
HC3KRNKW
NFT9EXWC
RW47LRLA
TXPCFE3M
LFR3W4YR
49LTELT9
XXXMXY7X
CPHCTNH3
RAN9YH4N
3NFPF3TL
FNEEFHCN
97EMFFX3
997HMRL7
CTCC3KTX
EPXC3WNE
FLYWFCCP
N4ETRW4E
TLLKWYHN
W39K7YWP
NEEL4FCA
FYE9NY9F
73XF3A9M
7PAAKY43
P7H3TP7K
NXA9WCA4
C7HX73LW
W3YR74RL
7TY93FY3
X3P3EACW
TLNE7RLT
R4MNHEHC
TMEACRXN
PXAETT9C
ACFMPTKE
9KHRTEFY
LT7LYMFA
7XALHXHC
4PN7MA7R
CKYENTEN
XWE7T47W
FATC99WF
NMAPEAWA
RE43TTL7
4AMHYPEN
PWPWH7WK
7ERWAEPX
W3RCFPKX
YN4X939N
3WN9FEKM
LLWWP9TM
7E3ANALM
93PNHKWN
KHNAALEX
4YWMMHWN
A7NYMX7W
4L79HEAE
ATC3RW39
7ETA9FTC
TWYLWYMX
PECP79XX
TTTNHFY3
Y9PMCC7R
TKCNN9FR
RARR3PPW
3PR4PPLP
M4XCEKRC
HEAXR74T
7MCEHF3A
KWPRRXPW
EAA9A4P9
MLFWPKA7
ARNHHPL4
4WFTNYAR
CPY43YRM
WM9XEYWK
794XAA9Y
MK4LXCCW
9XL9NW9N
ALEXCKKW
XPKMA77F
MAXA9TNC
4L9XLKFR
WCRTWXTF
NTFNY7Y4
7AKMPFEP
AW93T7RR
WCC39CFW
Y7P7HMN9
HEANTTCE
LF7NFR4N
HM9CP3FX
XLAM7FR7
Y9KWTK9M
HRTH7MFT
LYNEFRXF
XNKYYPM3
99TTEFHT
LK4R4PE4
L4NCPK3W
9F9MMFT4
KXNTE7PN
74NXF343
ACW44FPT
PYRMFEWL
KL7EAW4W
TN4TKAY7
LH9N34FK
NY3HY73C
HYFLAFLT
79373FXX
AWF9WWC9
3ANHMTLP
RR9WLM3K
L33LK377
7FRHWHM7
KLFRYWWW
AAX7RYYL
HNF3FRMR
WX9KN37X
XYCWN4L7
Y3YRTT3T
RKXWRHCA
NELTL4MF
PMWXXTHP
W3RAX49R
TFPTH9PY
TFW3CXE3
NTL7YHEL
FPKPNATR
LNKWM4FC
7TWXHEK9
7LK3FHF9
3WAL4LMM
NMLAMTWP
MX3AMMAP
TNAYCYLA
LYC3XAKL
HA3XMHLF
FM4KMEMC
ALXANLXL
7F73YEMT
TMF3C734
EFNRLEWL
4R9ETP39
4K3FAKRW
EX73XYHC
3PKETPCM
ATFAY3KN
7LKFKCPC
ELCFNWK9
7RLNYXYE
XYPLNLTW
R4RFX4EL
CAF4WY3M
ET4H3KHR
XFTMAKY7
PYNYCE77
ECNRHTMA
MKKRKHEY
YRKFLHAE
NP4LCXF9
CAH3KYP7
ECMKAKP4
9CHHAHRF
Y77P3YHH
KXK3AXPY
WTHPPLYP
E3APKCN4
RNYRLWT3
CFML3WX3
YREF3PKP
TCFNYR9C
PR9FWRYX
W4XWN74Y
NKW3F3EA
A7H93R3P
RHE49RW3
X4EFYYXW
XCY7PRMY
K797FR7N
LWKE3YHA
33NKEXFX
7494FLFF
E9TTPF7M
39WYAF4H
REL9T7TK
NRX99TK7
RHLMKTEL
333P933K
LW7NECA9
E3AWXEPT
CAC933YX
34X4WFAM
Y349ANK3
RRFP4WHM
77EYX34H
HY4EHE3R
X934HP4H
H9W9YNW3
99K474AY
MKEKPC44
FXHLLHLT
HR7YM4KY
RTMRYME4
ANYFHXNC
497MMH47
E3F7MHW9
Y4TWWLK4
WAL3F43W
33RAM7FY
73FHP7EY
X7C9KAAH
NCNLTWYT
AWFNLRYN
TFR4L773
A4XTW49C
MXANNECH
73PHLPMW
NKAXA3KN
P4XFACHW
XCNL4ENE
7NNK7LYY
LNFEAT3H
7MYH4HWE
APT9CYC4
CNH3K7NE
FEWKN9X3
NWWCXNFX
T3A9NRPW
TNKLMECA
FPEPMTAT
ELYLM3LC
9THFWNWE
LYTCRL34
4RMRWPTL
H9KM7YH9
HFM9AYNF
KTHHC33Y
NXERTN74
4YKRLTKX
E3LFR9FK
LWMCTTPF
FEKFRLLK
A4L7CLTT
934CPNTY
NXL37RKK
EFWAPXYN
YWPFPRWM
47ALC7NC
7KXPEMMY
R4C9ALX9
KHLXLRXF
NCYEH4E7
AKTANWTR
NKMYXPCT
PWFHE9MM
X93AEEPC
KYEY37WK
K9E3WMMH
YPEALEWH
MAPE7F7H
7L7Y3KPE
49H7XWLE
WPYTXPMH
HPNCMCPC
HATL9RYE
WKCXLRWT
XEAX4TYP
7WKT4WAP
TF3HXRLP
X4NECNER
NCA9CHAP
X9LWNKKY
K3CA4LNE
4M3RCRN9
W4WFPL3H
E9FK4WNN
WLP74WHA
33T9HPMF
LPXELNE3
NN3RX4YR
LMY3L4FK
TWTNARTE
KYCCRR74
APYKYA7W
7PYK3W4F
3LHHT3RP
74NPLKWR
CYYEHEEH
474T3Y9M
KAXXK944
T4THXHW7
MNMAHEYK
FAKPRY3W
X7L4KLWY
ACT9XKMW
C4YKK9YN
CERWK9XE
EF9TFLKT
YMCH43K7
9LYWCAAR
7TXNYNFY
A94YKR7T
EFNWF3MT
9AXA3NFN
LP7XKYM7
73Y494MW
HXCWWYK7
EPLLYRWK
WW4AFXNA
44PTX4MT
9TYMW4CM
4PP4YYCH
P7FP4MHW
ARR34HPR
W3EPRWPH
M3HXYM7H
WMX4ELY3
KCXAKP97
HXYE3XWA
YRFHKTWM
NAX3NXYH
YFHYCXXR
H94WTXRM
ATPLE7FY
CHPFT9HN
7CFKAAWH
XHWCFAE3
LFK7PFTH
X7F93KMT
X7FKRNEM
L47EFCXY
H94KKNXH
3L4L7LYP
LHLEKTF4
KLANNAMK
HKYNAFCM
L4LLNW7H
RXYK9HMA
APHALWNF
YRA94NF7
AML77CP9
AEXA9AWF
977PCFNN
44EFFRXP
YLR7KLRN
T3Y7497Y
KA4WW4FA
3CTPN7EH
LLF7R93X
9CLETEPY
YHKRR9XA
7FTCAMNL
LTYNEM9R
HRN4EMHM
PX9MHLPM
CMTEXLXR
44MEELWL
L739A7PP
E9TANYWC
N4NPKCC9
37MW4MAR
K7TFCNAN
7FK9PH9N
L9499WMK
X7PFAE3Y
T7LCKHWM
F7CK47L3
734WENRM
93T3RRT9
4NXCXY4A
MYNH74TP
ALX3EEAR
T3MYY9X9
FCWKRY3K
KWKRE9EX
FHTYLTMA
37MM349X
NL4XRHTP
HFF4W7NX
PXYEPTEN
AR37HECW
WF4KHKFY
Y3LCLXRM
K33FCNLY
X373PPP7
LEX9PXNM
MECRTLRM
FAW94433
9CR7PRWY
PNHE4KXA
4MW44ALE
XT7KFH7A
RYP4XP3F
RYR34C4T
NYRHHCYN
AYL3NTAN
YWNWMNFY
RPA4AYWR
NXEC9TNM
M9C4YNHC
WYXLWNWL
9MRHRPC7
AKPMFF43
9XWHWYRC
PRL3RN9F
L4H779CR
HPP33TYH
P34YNCHK
9LMP93KE
AXK7N9N4
C4HMKPAT
KM9ELREY
PKRXEXXT
CKWTMLWN
YP9YPXT4
9RWPFPNY
AT3W9P7K
RYCRFTEK
7XFA9HAM
ARPMWMNY
XCW4CL49
FYLXEMAK
N4T77TLM
47L9M79H
3KT4NMN7
HEH4FNCH
RLEL9EYX
AEY7WRN7
3WANFKLE
3MLAXMLA
H7TNHWAR
E9ARPRFN
3N9REP9M
CRCM9T9C
L3RNYHRP
EL7RC3T7
P4C3CRKT
CNL3L37E
MXKCYTMP
XTPNLWWE
NNXPY4E7
3RXA7XPH
LHXE3RM3
CHCXWAFW
493MAHCE
44R9XALT
YNFFE4RY
TNREYWWC
R9X7FHRK
MTWKFEFC
NWYPMMKC
T4MYNTN7
KTFCWKF3
9AW9F7AR
49XTCMEF
9NEC94EF
PKFNRATA
AY39NF7K
TEPKHHWP
3C39P9EK
9NKWWL3E
4NC9T9AL
XFXMX4RE
LA4E4XTN
99YY7YR9
PTPWTPHN
EAY99FRK
TX97RW9A
7ANEHCEY
W34WWRYA
L4FFF9KW
ALFYRFXE
CWT4XFRP
XLEK94HH
PLNR4ER7
FHHH9HAA
E79THK3W
F7EANC7C
LHLH9PXP
XYWH3F3L
NMMC3HNN
HHCPR994
MFR7MHTM
KM4CN9FT
LMWLFYKM
PMWTR4TA
CRYKMT44
744EAKPN
4RCHXXAX
4PP4FYAP
H3MHWEAN
3ECREYMW
YEMHLM4C
XNFXENR4
KRAKLTHY
PEE3CFAF
XW3MFHLF
NK7HAATW
RRTCNW7H
K9YEXNY4
PPNPA44M
9XMLX3RX
7CWWPMPH
XEA33ETN
3PRKEKW3
7XP3MHWY
NYNRPKK4
WR3FN973
LMKFR9AW
ENKLXAYC
9TW79P7L
RYRKME37
CH9YHH34
EKHRAK7N
TM9HPFAY
KWHC9PPX
97YLN3NL
3E79XLKX
ETM4RTCK
4TT9CHXL
TWRRR9RE
3P4LER3F
H3YT4TTE
PCXY9KX7
YE9ER9TX
P4XYPHKT
9XWMTKH9
34AMF7AT
PAEE3KPK
HP4CF4WY
LHNXTXA9
NYYMC4TT
RRYNARP7
NM9NTRWH
FWTXLNNK
FCEHT49N
FKXYCPCL
RATWLEMF
7TWLLRHA
HK44TWNW
4NMKLY4Y
TFNA7C7P
HTYN9H79
3LMMN3YL
MP4AAMAF
4LTYPNKY
AFY3CKML
MH9RPKYN
MWW7ENHK
7R9NKMHN
EPWLXKAM
3HR3CF4A
EKLERH94
99WAE7PX
TK3NKHPR
EAPXLCAK
N3F9TNKF
YTPNX73W
YFCCXXCY
KK3FTXXR
P749AP9E
NE7HMLX9
EXMWPY34
9F3W7H3K
LC9LLWYL
3CEMPTK9
XHPY3MAP
H43ML9CL
XYTMLNHL
LYAYWENK
LHWLN9FC
3W9CN7RY
EMHCT4YH
PWPA4L4A
WE7NH97P
AHR4R4MW
37WMAMH3
4L93TP4P
KPLLF3PA
3PYXMYMT
YPPW7KAP
39P4NNKF
A9CECEKM
KWEFPLT4
LRW7TY3H
LR774W7L
EKNYHYWK
L9YYPAWA
EHNAYRFW
YH7W3PLM
THM9MNTY
KAF4LPPR
CN3ARNXL
ERMRKKRW
RT7HXXFP
FTELE9LR
FPHYMLHF
WECAT7WC
APMHW9A9
YTTRPRPC
AYXCC4NK
LRNW7MN7
4F3PC4YK
9NMPLP7L
RPP9YWT7
XLLRHCEP
YKNY9TPE
4RYT47L7
4FPKY7AH
99PLW4PA
NHAKTKWY
EPEFTLNF
AH4MX7KT
RKMR3HNM
KLXE747M
XPPPPF74
4EEMFT3X
PE4PLFCN
WCA4EW94
PXYWA7FK
TY74HC9F
CNC7T9AA
RTCLNMKW
N9C474LK
XHNA7KNE
AC944KYY
FEP99WHP
HX47TLHH
4W9EY9RR
CMKMN9NL
WLFA4LEW
4HW3HHNH
TYXWLY3Y
N3MP9ACA
RFPNKC3K
Y7FTA9TY
MKKW7HH9
HLK73MKW
KKXNHMXT
PY9A9N4R
4ET4FAPN
NXMAFTHE
W3M94EHL
KL3FE9MP
EKRYK4YE
3LMTHFYN
T7FMPKPY
RFF7WK7T
4CK79KHX
R44TKNK7
HT97FEEL
TNTRNRK9
X7R33XTA
MWWCCANF
XWTKYKNX
ECRK7FTF
TEFH9M3W
LPH7XAHW
XAENT9YR
E9MK4YXE
LNT3YWWE
FYMKTKRE
H7FLN4XC
A9AT3R7R
AXTW7NAH
CNMRWL4F
L7X7PTHC
XENRNTM7
CRATY7WR
LCPH3YA7
YFTPKM4N
WXTFKRP4
WHHMPAPY
KFFWCF7A
WEX3WEEW
HYFK73ME
T7YECHCY
444WELA4
XPEMK7PE
RNN47L43
ET3CXHFE
FY9LK7PK
P7W9L7YX
MXRP9FAN
FP9NNXT7
KL7HXCTT
9CFKCAW7
L39WWCFM
73M4RY93
YXTLKXW9
4YH3C9AA
47T4TX4X
LERM7KPH
LREYAP3R
M9KX4TKF
LFCHLT99
LFLAHAWY
ME9LXNC4
4TYWKKN9
XLY4NC3L
YEPH7PNY
ATFAYEM7
PKEY3HWY
4XA9ALC9
MX4KYRXW
9KALPPMF
TFAMWXXC
MKA9LNML
HRLLNNM9
3YYWA4RN
XKT7H3EC
4WCLA3RC
YRXKFMNK
NML4NTHW
4MW4XLCF
C4N4LX7M
CNK7TP9E
XXNCK9NA
WHKYP7KY
KCPHLWYC
RHM7PRXN
KMLW4XCL
YFTCXLCL
XFNC7NKR
KYCAX73L
NAPHMFL4
M9P9WHWR
H3KE3RWW
MC4EWFKA
4KNR3M4E
XAPTFXN7
7KE97XNX
CW9LEH4P
9R9LKP39
4RHF49XW
KPRR7XWH
H3WLPYYC
NAAX7NNX
TAFL7XCT
WMFP7AXM
C7EPC9FF
FCRHMPER
MCER43MR
4FPXM97H
RENHT3N7
YHH7H4FP
HCMHHNFH
XPYCECXW
C7X77PH4
39TCKH9K
WRHR339R
WMMMWTTC
CFN993P9
N73P73KA
3MCLTAHW
ATCYNWMM
3RXLW9Y9
3RFMEWH9
WCTFR7MW
CWLEYY73
XEM4LLHN
KHFXPFEK
NNYCPL7K
AWRYTCCK
9TXYT4AA
PMM3XNP3
CWELHNFN
HAT3RK4M
NHENC9EK
XWKHPP93
WLWHW7FE
3NMNEAKY
F9MWKLCW
HHLTXEE4
PR3XCF33
FE77W9MY
EAFRKXHF
99L37TLC
THMWKYYW
KW4HHNY7
9LAARFCC
LELTM39L
99C7PNHC
RC94PAE3
97NCLLX9
YLMN74WH
KYN4FPXX
TWYHWYNW
C34HN4KA
RH9AHLYE
TM9LW9FA
WXEYRPLK
THEY44NW
TAP3PNMN
C3P7L3XM
MA7YPCC3
9H7MFLYE
FTKAKN4A
4PTKCHWC
HYK7MPXX
F9RXT3N9
KAK7KTF3
4HWMMA43
WXPFYCRC
N9ECPR4W
CTY9PM9L
TPXNAXMK
TL3WRTHC
MPLYT9PX
7YLPL9AW
THAT3YTW
HFM34FXA
CAXLNWMC
WMHXWTXK
NM3T9KEE
APP4MHP7
3NAAPCYX
WTFXMWE4
AMNTYKHN
TA7YTXNE
X4AF3R43
HTFLW99H
4CLTXKPX
X3PA4MY9
9HYELXM3
CLX9XE3X
WRALMLNW
3RAMHR3N
3X4CXYL7
HX97XLEX
9FET4ECL
CCPCYHNC
YY97MP3P
7MYFTTPY
HN9PA4EF
4LPEWLN9
RYLXFMYW
NXHA9MRP
4AWKM9CH
37LTPTYF
CR3RRCKT
PWF7C3NH
KPXXR4YR
NY344N7R
Y4AMHXLL
T774HXNC
LEYTEFE4
PYATPYFK
EW3LHET9
79CH3CAN
7CKPYRYY
AEMLHH93
PPKRFTFN
WWFXEP7Y
XATYPW33
7AXFW7CR
HTHHAL9L
CWTAWEMK
3XKEXHKH
NNHY733F
73RRPXNM
ALY3L4FF
TATYATYP
3EXPN3FY
3RYPTLC9
HHRWPR9E
9H3FRAPA
YPX3EMPT
YMK7R4TA
9LWHYL4L
W3YNHXXL
74WMPTTH
7W9TR9FF
MYHELTTH
MM9YNK3A
CYKLRN7Y
HTACKAER
9YT7LPCR
YFHT9HLX
CRAEYFNC
3WXHMWCL
M3TL7PTC
TAHMPLRN
HYCHLYWC
C7XKT77R
YHTTRLXN
HHWLPELM
NA7EYE3P
HYKEPH47
YFN4YH7N
PW7EP4AM
TC7LFTC9
CYLMPXPR
4TH9EATH
K4TNYFEY
3T94WPCL
7LK4NT7F
LPKYRR3X
Y37N49MA
KFW9KNAF
7LKF73MM
MTFXRCTH
MNXWT3NE
7PKWTFCR
4CM9MXAW
CWTH49EL
KPW7TNNC
WK3FPHRE
YWP4F7MF
M7FANPN3
XKENKYY3
XX973EW3
YFC3EECX
9CK9RMYY
H3AFW9LR
7RA9PTNW
4NFAYYNE
A7CWMNF3
LKTN73CC
T9LYK9AM
7WFAAMFE
M33XP3XC
MMMRYYFL
AXCW7FAR
APA99PCK
TXAL4HET
9XLACRTE
3CPF7LRK
R4LCWXRM
NAR7LCT4
W3NM3K9M
LNYKTNAH
CRTL4M4N
A3KCM4LW
NW9PRR9X
74FWWKYE
FLEALWMX
RWMRPXPY
KYKL4WLC
XTPY7RKP
CN9ATHWK
THW3MKN3
7X74PKTC
MXMFR7X9
FHRP9F9C
NRM9LXRF
RR4C7WHH
EXX3YFYH
MFERWN4N
HRPEAET4
93EAYYK7
HW4K7HY7
4RMHAP7N
4EFRHTTK
9LTHR4R3
XM4YWE3M
HRYYKTRP
KLYEPRHT
4E7M7LXA
CAW9CLFN
4CLMCNXE
FRAH3TCW
CT7RELXY
L9PRLTCK
MAWFFC3K
CEL34WKH
FMTM9RN4
CMFE3WMN
3WFHPXLM
CLH4ARK7
FFFHRT4X
APMXCF4X
4PY7NWFW
4NXNPT3A
9M47XCCP
NCMXW9L3
FLPA9KNN
FC4AMMNX
X4KXP7P7
3FW4EEAR
XTAWW7C7
ML9PHN3M
P7PH9ET4
3TXYTPN4
PAXNR7ER
K43XLEMT
KKWPAYFY
7TLKKTY9
ANHL79NK
KHH7NLPY
AANPL343
TLLWWLTY
LNMFHFKE
MNRWHT33
T7P39TRY
9YAWTLYP
L9FFA3C7
3XX4R7WP
KPXNFEWH
7YEHKFKC
A4P7KCRY
KER4HLF9
4M74CYC7
ATX43FRH
XP3AMH73
NARHP7ME
X3RYPK49
EECXHAW9
MXRPPCTN
HWWAWLN9
AFNXAAEW
7WKKH4E9
FYN4ARCX
7YTMNEWY
WE9NK9C9
93FYTFLW
XHYXC97M
ATWXL4RX
7Y93FWCL
LNWFXLP4
X7PTFTY7
KMLELP9P
MLPXPHHF
3RMNF3HP
T74XXX9M
AKYPCF49
3E7NL4WW
34RRELHL
LEP3FW9W
TFPYY9CR
4ELYRXWY
LH7XF79X
CLEPEP9M
9MW3FW4Y
73TM7MW9
XNNYNX74
4WATXNFF
E4XWTX7R
P39Y949T
WW9NY937
N7KNLWA7
9MFP94FW
3PKK4XM3
LCCCTWPK
YP7EEK7P
TPYNALML
W3MXP37L
KYRLRNH4
AYE9HX9M
7LL7EEF9
F7KMFLRC
43XTFWEX
9RRFTTCR
TECKFCPP
3YFP39N7
CNARAFXE
LLPKFY3F
MF39R3KF
9LKKYM7T
RTENE3T3
KLFN4FL9
HKRLX9EW
443RPCAW
WFWEKXY9
74XT9ACE
NEF4743F
KE7P9WPP
9H9AP93E
X7AFRNY4
7NACT9XN
3EXPLLFA
CFAXY4LR
4M3YA94Y
PTCYWYWX
FYP99K79
PYEWC7XR
LFFHLEP4
9FHFM794
YXYWEXXF
99E79MKX
KTFXH4RR
E7XCWAXF
43NMT3WE
RA9R4A4N
7NFPPTXL
NY3RAT7A
7PYY3LKP
EKKR3HTE
9NLCMK4W
PHXNTKWF
FRFNFKYP
P7KW3PLW
LYTCFWEM
3XAKMXCL
WTE9C39T
C7Y7E49Y
RTHYYELC
T4NEXXMN
TNCTA7NP
HCXLKYFE
KLY3P7YH
EMK77CYA
PLLLPRL4
CCPHFCEC
TPLKEHCA
WTX4HLAX
HAMWYY4K
LHXKPANX
EX3X73PM
FLCFRC3W
9ACMWFLM
W99X9N7C
CWWENKTW
TAAF7C3K
KWNMLWPR
FN7FFENW
HKX4MHCF
M3XP979Y
YX74KLE4
XPTPN3PF
AKRXPALT
H4NX7EHK
FA7L974Y
HNTNXKXF
3MC3E9X3
73CAKFKC
AH93AAA3
4FHFANEN
ANEFEY7F
33YK7T47
4C7RWNYT
YNFCCRHT
4FA9AEMN
RYF94FAW
ETWF97HW
LPLTKHKL
3KAXLL4F
FPFL7XRY
Y7TP9PAT
77KMFCAR
T7PCEE4A
34PCTY3C
T4939XWT
EFXNKEKX
A3R4ACW9
RAKTLKTR
PL7LRMMP
4TM9PR9R
AAKP3C3F
LMX3N4PK
MPT9EFFM
MWNKXLFP
CY9XY3EY
XLXMNRPE
AFR7M3TW
3XEPWCYW
FR3NP3LN
3NPMWC7W
F4CF3799
CARNKXCW
MRWE7NWT
9N7P7R4R
ETEWNYT9
TRRWEXE9
RXLAA9LN
3PARYR34
P7PTC74H
KFHYHMME
RR7CHAH4
9WACYMCN
K3YFT4WF
9FW3TNYH
LWFEPPYY
9AC4CCML
7FYXA34A
MEMC7HH3
PWWCENKL
3PE9ELLT
7AMMNYYH
39NPAM4A
3CRCFAPY
CT7ETFTP
E4TXHYWA
W4APAXT3
M77XMCR7
NPE3KA97
CXKC3LPF
YYKK94M7
C4E4CXFX
NM3PA4XW
KXL7A7AP
MHX4NAKA
WFA4MKEA
XNTLPTXA
LCYY7EX7
HMN7HMX4
H4NLFKKK
EALM7WYK
CNTEW9AL
XFP44TXN
74LLERTP
9XKFYR9Y
C939HCPW
79Y3PNLK
XK9LW7R9
ANHWLK7C
FCE3NLK3
93RPXYNH
9W97NL9F
EHX7RFN9
XE3YWFRC
NFWT4WN3
9HTEYN74
4P7YLLHH
LAAXKXK4
ARMKEM7L
A4CRLFPK
E7XRHLHC
3CMCLFTX
ELXNC9WC
RNKAEF4P
MLFF4E49
FWPEFAXL
YCPHLPE9
YAY7PMLC
XR3L9347
WFCKLF49
LEF99XNN
RRPLP4EN
3H9LXT3N
XE3YCNEN
YMCHYHLP
3K4WXME9
EYW3EEN3
7XFY7EMF
HXAFYK7Y
ECRCFF3W
4WMWWKNX
EM7F9CM7
N4F9EENH
HCHR44YC
N44NHATX
PN9KFHAF
EK7RPRHM
YRCK7E7T
KYMAY3KX
A9CFFRHH
CCYA9WKF
HWWRKYRN
TRMKYNFL
HECX9F93
PNN7HYA9
NP7HKFHA
HPRCRYAR
94PLRH4L
CH7TENE3
HMPKHACX
NYM9HR3F
4EMPXYNW
L4PR73XY
34P3WHE7
3MMFC494
M7Y4NPKH
TFTM44E9
KWXXX3KH
PXTL9XA4
7L4CF47L
XEPLKNKL
CLLNPTX4
9MR77NMF
P4RYLLEL
CWT4RAK7
HER93WLT
P3T77XER
PCT9ELNM
XM3RW7AX
HPEKE3F4
FLHAFEM3
ENRW4FP7
KCM7MXNE
HXTKMC7E
N4HPLEYN
NXR9HLLN
R4XRMCNP
399N4ALA
P3Y7EFYN
4WH4NKTA
KY9KHAAM
9HK7A93C
EAFYHCYL
WXRKLFAF
WXC77XYL
HN97MC3R
3MXLFK47
3HHCYRN7
PEAERPT9
ALFKLLY3
4W3NEERT
7HT37MFL
WAFNAXY4
WMC44939
HLKFK7HR
3WKFRYMK
LY7KEYWL
3KRXMFM7
7TTH9PCC
FXFMH4PP
FTW4P3XA
AP9MWH7E
3EHY7XLC
FWPRCA4C
HWFLFATT
K4CA9A4E
T4N4Y4PF
YPX3N7TM
YF9EFYXP
3K4MFYCH
C44HCFLT
3EHNFT9E
TFLAATML
HAPWTKCE
L9MWMKN3
RWXPTCYA
WWCNR3AP
NHTMTL7K
NWEA99CN
PMLKWH7H
7YMTN3WH
XW3ELAHA
TE3EWNFN
A9AFRNH9
MKHL49CT
EY77YF3X
RYMRYTCA
ACM37WFX
YTELRF3W
TFC7KMCM
NXFE3TXA
W37WPWAR
33PFPX4M
CFFXXLM4
C7FM3TYC
XAMWWXKX
PX9M7XRN
EMA9AWLM
CLWR4ME9
XPRKLKYC
YY9YKCLL
HWYAYK3X
LNP3RNFC
LWWNLCYT
ENK44FAM
PCFE4PRL
K9M9MTEA
7AA49NKW
WF4XEH4T
L4LF4N7L
EWRFMC7M
PTREECHM
H7E9CW4C
MKNHMHKA
7C4R7RHK
PYNLLM3A
WA9YKMMK
AWA7F3H7
KMLFL9PM
337P7NXE
YWYXWNMP
KYL4ERPK
HH3H3W74
EWPT44YX
PAKKWYF3
9TKXYFK4
EF7R94HY
H77NMLTH
499NAFP4
KL9ARCFN
HNM7E4NY
YRREPYMY
7TLCCYFM
NFCTCPWH
AYL7EMPX
F4CKLT3P
EXMRECCY
WYCECE9H
LNHMWRET
3EANEFY7
YPR4AXYA
HRLLH93C
3CL37M9Y
4HNMKA3C
CKCH3KXN
YA4NHLPF
HERHWH37
YL7CEX9N
F33KHWCA
N7WFWEYY
4ANL774E
C4TMMYWK
47M9AFXX
3CP9CA4A
L7WP7FPH
X7TXM7MC
LNMFLN3N
FHRLHYPY
RNTRMKAX
PEMP4R77
YTXAPLKR
39W9RTWN
CYFL9ENN
LTTKH4TT
P9FWCEHH
TAEPLNML
MF79HCXL
F9HHN3MW
WAHWMNTX
M7YY4R9A
XE7CN7HR
X9FRRMW7
PN3PM37K
F3A9LE49
XC3KAMXA
4PELXECW
CAMX9M3Y
MCTXFFC9
9W4YT4MW
F37HHY9H
YNF3EWN9
TATLKLEX
WP4XEALR
KW3CKEY7
AKARLPTF
X9P7A4FN
K9KEH3KX
A74E9WNM
3T94FRWP
7MXXLRAF
34HTRRLM
EKHKYREY
CKPC9KFM
CM9NXN4N
XKF3HKCP
ANAYPA94
XE7PFFRX
3PC3CWHW
47C3PEAM
LP9WM3H9
4HKKFPX3
TENYPMX7
H939A9KF
XF7AN39K
M3LLETWK
NTNEMPYM
EMK4WTXN
M3RW3EE3
KTALKMNA
9AL9TATF
CLFLETPP
F33MYYYP
MX7Y9XKX
7PE7WMH4
39XWFAKC
FW3LYMPF
XCK9LFPL
TRYCMM9A
CAXFYAML
KEERH4Y7
RH7PLM37
4XRFPTPA
K44NT94T
YCWC94PR
AKK4CARC
CCPEWFKH
HLYH7AXT
MNE9T4CH
CNFLXP9X
YE3TAYTM
ELX49PF9
NRXW9HCK
H7RX9P4N
TKCWPFLY
A4KMHW93
F9PNHR4F
73XAE9TP
PKMMPTPN
XCLX7LR4
LMHKT4LC
3APRH4LT
93KN9RRR
K9FNLAHN
FWL3L7WH
HX4HFKWT
MXW7ETX9
NT97RRHW
HAFCKYCK
TX4MAPX7
F3PP4944
PLRY4RPM
P9KAWFEL
7CL9FCC3
3EMFMACW
W3RM4HCN
RRM37N7T
FXKFYYWK
3L3XM9Y9
4F97N9KA
934KRALC
YTLCCAMM
4ARXPRP4
FWMHRCHP
HTMALYE7
FKPN9L3A
PMCMTTA4
47AKAM7X
RPTR4MMK
MN7E44NY
MYMLR74A
HWHKC4AA
CMA344PA
NF979NNC
XXCT9L34
NP7KCLPM
4YR9F3LC
W7RYWKRL
XWMEC4H3
4HFHTMHH
R4KK4TNR
33YPHMTR
LHAFLWRA
9M9M7E77
TXXHXT3R
WXPCTAL9
C9XTRFHR
3XML94EW
HWTE97FK
ENLTTM9K
9YLNXAHE
TR3YHATP
MY4P93HF
W7ARTW9P
AFEHTXYR
NWT4RFTR
EA4E3XK3
WWPPWTTE
H4PXH9XA
YH9R4W9H
HXFF9P4E
AAHWF7PM
F7AE7C3E
FXTYNXF9
YXLRMXNC
T73YLW3T
RNWEMEE3
7X9NKNAX
H33YFA3X
34WC7WWM
HPC4AXKN
CEKMKCNY
R97HWNCW
ME9NEFRR
37HWXY3C
4RLAN7XX
HW4C4XWT
W4A77KE7
7N9CAL7W
FEMWMTMY
CN4TEEYN
LKLE7LAE
4KYCYPEX
4M9FKLWN
XCACEPLT
FTFH43N4
7WKMMXRP
MCXC93YT
LYAA34WK
LRYETYMF
9HK3C4PH
4NCRCXKK
LYXKNHMC
L3CM3A7H
CKP9XFMN
CT73HECH
EA33AEYP
WRXWLPKE
HM3FP3FK
CCXCWYCY
XYNCKELW
CW3WX3FE
KY4M37NR
C9ARTYRF
LKPNCF3K
34RYXMWR
PA3RAR3M
9E3YKF7M
EFNE7XCL
L7YYYC4L
NKLNMFCH
TTRFYAA3
APWFAEPA
EM7FCY4R
HMK3KH3L
PNLCHATC
YW7CAP44
C4KWWWXH
K977TKF9
FWLANKWN
MEKC44LL
XXCW4RPN
7EKKYRYY
PW9E7L7W
KHYXTPHW
A7EEF3NC
EPKXELHF
NM9WXHT3
L4PHNFXL
CXRCCH7T
MKXNLAPM
WYWMYAHC
WNWEEEN7
94K73EFM
HYFYEAEF
FNTMKAAR
HTENRT9N
WEEA4WMH
P797TN7W
CKKXYNW9
XAMNT7N3
KK7C47FH
TWFE3HAF
AKCW9WCC
M4TKYFF9
YETLWAHR
LK73A3A3
MKPANAW4
WNKRXNHN
3RFEKTCY
MXFN4PAC
7E9R3XHC
7CX4AKYN
9RCMCRKX
4A9RCYLL
3CCA9ET7
LM7WRH4C
3X3TK9AC
MRTTPNH4
X4Y47NWL
9WNNHEK7
KPTNE3N7
3TTNEFRH
T9LL4KMT
KCL9TXPM
3X3TWPAL
AFHMPP4R
XTWRLA3C
HFLLNF4P
N7YTL333
H3YLLREH
4LNKMWHK
EK7TXKTE
YM7PXFCW
CMK3FA4H
YMNNT3XK
4XYH3LW3
E3YECHLY
T3WEH7YC
W397N7XC
TLTPLAMC
L7HC3YHE
RFRAMCH7
7XEPAN47
43TRYCW9
NXCTYEWX
3XPFMXL3
FHEHPWLR
7CEWHFL9
TYKENYEH
T43FRH49
3L4ET3RW
7XWLX37N
CPXWK4EK
CMCNHFR7
ARPA4XCY
HP7HRLKY
PCF4WHYK
LKNWXX3W
4FW47N9H
P3N7FW3F
ALWANYWX
XK74FA3F
R44FK9YA
HNYMWEW3
RWTH44LM
YMEH9LFE
C7ERWFK3
9RX7FAXY
AP3PHXNM
3YT99AFM
MTK9NKKM
FA4P4ATA
LK39WTEY
KCF3HRAL
9XEPC4A4
HRWNFKNC
79FWEXA9
93EH43RF
XW9TY4R3
4HHW9HCP
3YKHKLW7
LWKLWCLF
3LM7447W
NXWXCN33
PYK43FFA
FPRFTEFN
W4TXCNKY
XANKHRLN
NE7RAR3M
H4WAAYXY
C4FACHAF
FWRMPKWA
4K3ATKRH
ECRFX4EN
FCAAYERC
MHC77EWR
T9MCFPPC
HFTW4H3K
4E9KLYLX
TLMFYRTR
337CH7KF
HE4FY3LK
MA7RLCHT
4AYE33NC
F77MYT4W
E9X9MHEC
7EAWCTNA
AM7T7TRW
ATCL3PN3
TYHCPRNL
PEA3KM99
7C9WEXFK
YM7HPM7F
NFTWELH4
YNXPHEPE
XXPXXCAT
H3RHTTC9
FCFYCKWF
WYT93RCH
NRYLTHMM
PR3EH4LT
L9FT4FCE
E3ECT9NT
4EPKNY37
3KRP7F4Y
CX74TF34
YK7CWTHY
PCX33HY9
LWFFW7XL
X4M3AMCC
LF3ML3XK
MYERKAEP
ETFH3TPY
XWMERM3N
Y4LMELMP
PWHF9NWR
XHPW4HEN
3M7E3LFP
YAPCTMPH
WHMNEEAR
A3TFYHCX
LRHWL4CY
9LRPHTEY
7X4PEET9
NTNFWYLP
T447LWR9
FMRNFPX9
9YM4EF4H
FEWMN34M
A7RXNA3F
TAPWKA3N
RMAPMH3L
NHP3ETK3
CCN9K4MN
RHNFC7RH
HCKWKM3R
TYRXKYNP
P4NHNEL4
ARTH4NYT
YKXAHNC4
YKLFHN9M
LHFK3WTR
CKWYAKKN
T77HET77
WY779T43
9EFT9FX4
49RRMLCT
P9WPKAKH
XTEEPP7X
EWH4APMY
KWATPT4T
AM4RPXF9
HNWMY9NH
A4CC9P9Y
F9EWNALE
TALWP39N
CEHWY9WX
FM3N3FHP
AN9MRPPE
CCNWH4MM
CMKYWFMN
734PELA4
479TH7R9
E37R3ELX
NPNNW7P9
KKFMCL73
NLYANARL
LKTPX9K4
4FXP7AMC
TRTWWFET
TLXPT3PY
LHLAPXCE
4MXY4ACK
9WLWLXPF
THYCREHC
XKLHRKKM
MRFMYYNK
44XPFFWF
NENTH4CA
4TFHRAMA
XKHY9LTK
NKRNAFFE
3AP7RMRA
PEAMPKNN
XAT4HCLX
9XEC7WF7
NH3LYMWH
NXPWLLME
W7NLTHAL
4M9P9NKA
RK3XW3H3
RFW94KK9
YT4FPMAL
3THFN7YF
WLT4E3R4
HWCNEFCE
3A4EK7EY
KFY79M4T
Y4EPN99M
PHFFRM7X
KT9XR3TR
RCNNPY4E
CXEE9ERK
CANWLXX9
7TXA7TWE
NNAMLLTA
WPCC47HX
WCNAECEK
3Y47AMY3
9XK3EFKM
KCHWMPRM
CN739MT4
WCXRKWHK
R7KXKENW
X7C79EMK
7RRATPPF
4WMLX9NC
FLAKY39H
WXMKEMEM
KP3XCACY
L3MPKXNP
4XLFC7N4
CFTPXEEN
HRWNFAXW
NYCPPK4H
7NMTTLC9
LN33F3CY
CHWTKEFK
F47LEFCC
TM9TP979
XYHY3Y7M
XP3XAKXE
7HKC44HX
73AR4FKX
P3W4NA7K
9H3ATWM9
XCYYC4NL
9R9K9EWY
39EFX3XP
N49HAP77
CFMAWTLX
HEC93LXH
PR7FEP4H
MFCYKF3L
HK47EA4K
HFLEAHLC
HFKTYAAW
TPKKE4KY
7WYYHRAW
AYXNNNXF
4W3K4YWM
NMXKFAKY
F7CFYFYW
LEXR4HE4
L4X37MAR
LE4X4MEW
NLFNR9NW
XMMP7LAR
WWHT94NC
FCF49AMN
7NNLCWHK
LFE3MKRR
KENW9FXH
RNK93WR7
F9KLCPLE
KWNHMT9W
NX9WNNTX
WFNTHALP
KHLWAL49
RRWRNRHC
YHHXMMHT
LCX3L3RM
TECT3KPL
WLRXNW7A
MA4PLAFY
HWHMNCE9
NAKKTNWW
TALTLMMF
TCF9KYF9
WRWR3EPR
YFPXXHXM
AR7FW7EF
FXFLACYL
9E9943W9
ALP3HMM9
RE47N7Y7
PNXF7HYK
C99PPLRN
X3P4C3A4
RARWKNN3
HMPWNR3N
MAF7MKWR
PRYTN4FM
WFRFCMNT
K4WPTNW4
947WM4L9
CH7NMEXY
A7WHRWMA
3L9YAAKM
H4M7F9MX
M7AC44WL
KY33H7FH
7X4EACHR
EREN3H4E
NY3PFKRL
4M9Y7ERK
3PP4FRKN
T34C3YPH
EFF7F3A9
FAYE7EFW
LKLKFWX3
3WKE399M
ECH4LAP3
HAANA3NK
LLATW7NH
NP34AFCN
3XPLHCTP
NMW9CNR3
9MTNHPE3
T4KTN4PF
7KHK74WT
K74FE9PA
NXKL7RFR
977KKRXY
XPCMR9AC
7KA4XPE3
WRNEXATK
M9XL3H7X
7XE79RMW
N73FKRXC
RY7CPWCN
ENPPFML3
A39XWRMR
47REPHEC
77FMWAAX
EEN3N7PN
CXL7ERFY
Y439KTHK
AT9T4MPE
TWWLHRAA
7FCHHCNY
FAK3M9CT
PP3HP3CP
MHLFLA7A
E3KXPKWY
4WRPN3FY
R7P7MPPR
C9MHFRTP
YWPCTRWE
K3HYFCPP
N434AW9A
L4CH4TFK
YTTEX4RY
X997HH7C
4L94ECRK
A3KWREYX
37K3MXER
PXCYEEEC
EKCLPRAN
NACRECRF
Y4CNTNW9
XTTMWTXL
PMNN9LHA
3FMX9PYM
YNAFNC4A
PYRXAKPA
MMKAFW99
9RMNH7E7
XX97LRE3
PNTMPEYT
CMYWWH7T
CLNXF4HA
W3RNM99P
EMNX3WEF
9YEK7ERR
RRHXCMCA
9M97HNH4
C3AK444K
WF4HL7A7
N9HCPFLF
R7RR7HP4
AW4RNFPY
M9RTXHE9
K3KA7WXK
YRKKX9LY
W3NETRTE
K9MALCHR
ERMK4LYT
KP3TNF79
4E4R7M7N
MYPY9FK7
RLFNYYTM
M9NEWREK
9MFF4A4E
LEF9TKXT
N9FFLXWN
WFCMXN3X
FLWFPPYY
WWTYC49K
FKA4X4ER
AHKCFF7M
FTTWW3EM
MPAPL9FL
R7HRMTRN
4L37KX9F
KKXR3FYK
A7F7YTYM
X9WW9TWM
C4PN3XYL
9NWXEARP
Y7AWXN7M
NH4K9P9W
XLAF9A73
AECHWARM
A7XK7CWE
3NXEAY43
ARNH4WKR
ATEPCKFY
L7LPRNCM
HFLXE4HY
NRTL3CAC
K3AX7KHH
HRR9PMXH
AA4XNRX9
M7WTANNH
494HT3Y9
XHN39K7E
KNPTAYCH
LNRTC3KL
FWT37XH3
FWNTMNTT
PFHH4E4X
RPEAFLE9
R3PTP7LC
K9LTNTCN
HMYHH9CA
CPFA39EP
WHYLHMMK
RETC4Y3Y
T9NRLCKA
C7NWWWH7
7CCLXA7M
H4AC9RH3
MHHYXYCR
3MMF3NFH
W3WTXLWL
AEPKXE77
9YKR773R
TE3F7YMF
WHKPCRFY
WL49KHC7
F39E4LKH
EEH4KRME
TTTH3HWP
KYHMP39A
7WRNN9AP
PWK9M9HR
CWW4A79N
WMH3CRAT
ALPAPKF9
T9HYY7LN
9X4XXLLX
HNF3AMX4
4RFCHE97
9XRWNYAF
FLF3C4XA
CLCFWLKM
NCT43TKE
WK3HATTA
H97LRNFF
XHEP4RNY
HAAL99KF
F9K9NHW7
YYMW34EM
AFNPPFPH
FLPFHK9A
NRPT4NTA
EHH97LPR
A3ELWFE3
KM3ACP7F
XMA3MWFP
NWXC9KXP
HLP9NYWA
KCXKNTP7
MC73W39L
NRCCLMAM
EXCRNL4N
PCLY7R7L
C9XH3F3L
L3WTNYP7
4HTL3NPK
FX7WLAN3
TKHYYMFA
3R37TLTT
3NFF4A7K
FKHNXERW
EPF93X7K
ME4NMAAF
PXE3FE33
HLRRY7CX
MLW4YC9T
C9MT3HE4
YWW34C79
KLT7PK3N
REFRW9P9
7WKMXLMA
EY739CN7
H3P4KETA
PXA7CFRW
LXY9RPXE
K4KYTXCW
ET73WFXM
E34LHLPF
9PNWFPR4
LAWNFHTW
PAFKTH4C
H4YTLCL3
YY7FFATY
XCFNN9RP
FPCEFEPN
9LKC7W9L
MPLNCMLN
TY7A4AWT
XPYXP77N
3TW4M9PA
HYWXTXK3
74Y3N77E
W4EKWAT4
FEA7EXP7
RXYTL7KN
3PX9X7HT
NAWR3KAN
T3YLLFEH
RMPKLHCW
PWEFTAE3
MCHWP4WR
A4993PFF
4MA4TLXN
XNL7HXMW
KEC4R993
CTLRFAYW
PEX4T9HX
WAPT4EXM
PL77T7F9
AK9NXPRN
7ENHKFHX
AXRRH3TA
MH4X9AYC
AX747T7A
P93RELNK
FEEFEMNF
PMEPFPWC
APFMFPXM
37NXFMPP
3E33LTMT
KEL7WH77
LE99HWTT
MH9KNLC7
ERY99WKF
YPXTPCRT
4TNHRPW3
TKLFWXCW
AYEYY3RM
PAXEMKHM
KM7CNAWP
3RWYFALY
EA4AW7TK
MEHNXRCC
PKWNRWKL
KAW9TWRK
P9PFM9WH
MAAAKFKL
373YXLEF
YHR9NRTR
RPMCTHCH
XEK3TAWN
3K3HHT49
PYPM74W4
MYTCTM4F
WW4LXRNT
CAYRCTW9
LXRKLHRF
PK4HH4HX
AFXHMRLF
4CE7EHAN
MAFEKELM
NL7E9KFF
AXCKWCNH
PKY9YH7L
WT7MCCHY
HN7YPPHL
AEF3YF9R
TP9C3HEY
LRFL3THW
LN4TTH94
WEKPMMNN
TEAHHXPC
NF7CNKC9
A7AER7XK
NXW9P7R4
MTXFP4HE
XFX3M4PE
FN9X9NRC
3NWATEC9
XC4PKP3H
F7PLWXL9
9WWHY7Y4
EXEEHAY9
PNKTMWCP
4TRFE7P9
3MAXPPK3
ATHEM4YL
MEK4LRAW
THL7FHLY
MXKY3M4R
PCMEL4HY
M3MNEMLL
XP4RRNMY
NEX9PLEX
FR3XLLNL
YY3K7CAM
WTYRRPH9
EFWCK3E9
7ERCM43M
YWT4NWRW
MMACX4E9
4HHTNFRL
CTTFKMRP
WYHCRLXL
YPNXFPFT
7KTCAPHC
C4PRRWA9
H3ATNWXW
3MPLCTNE
WN49YNMR
TTYMTEX4
RA7YMMKE
RMAHH3XK
FPMPFA34
Y9LLTM7K
AERK3L49
K4TWT3T3
CNLWENPC
X3R3XAE4
C7HKL3E9
NTWPKMFC
RKYHMEAN
CRF7MPAC
4ANL4494
WECCP7KM
3LENMM4A
LEWYWFY9
9PCEEWYT
3NNLYRM4
HKNWTNH9
L7WYANNE
PPTTCFYH
YAMEK97X
4CXWPHA9
RYFMTT37
3EHPHHPM
X9CXN4LY
LYCYYK3H
XERNTKEH
NLMT3MWX
HN3TXCH7
FMPLKWRA
X7W3FMWW
WEYLN94L
MML9X9LH
R94AFEAF
4WPE3LFR
PR77MAMK
XYLRHPT4
EWNL9W3N
44LPYF3R
LNEWLMEP
7YW9R9RL
R49MKPMR
MYLCRH4P
N7H4FM7E
4KTW47L4
YPLCP4WM
CMHC7H3F
K9K94XYC
R7PM7LM4
HM7Y4WXL
PA9KRY9N
3E3ERXPY
LXRH79MY
P3CTKHLR
TKH7RKCR
ARPTXFWL
7KET3EFK
3F7YWKFW
AYFRWMXR
XA7WAPNC
FYFNTLML
Y3WXLYFP
NLAKCHT9
EEK9WX4L
7RHTKCRK
CC4HHPLT
XNXLAHCA
MPHMRPL9
3HXMA9AL
4W3449PX
L3N3HX4X
EYKHF3K4
KNR7NR4P
RLLHR4YA
TXXPL9K9
XC3NCTFT
TPW47CTW
N9TEF974
TMXEFRPF
TYPKRR99
3WHEYX43
4TXMYWAE
AH3KKHT3
LMLR7AFM
W74LNRCK
ENYWL4YT
KX9HCEYP
LCNAFRWP
MMEM343F
A4KTFNRK
MMPL3MM4
M9RKWAER
L37WKTXA
AA7CFF3F
P9R7T9EA
TL9XA79N
WWPXRTX4
34AYLPF3
PC7EKHMC
PNN77KKT
FMNA4K3E
YWXWW7YL
C944FXLP
7NNP3MA7
3WKLW3MY
HEE4KPEP
TKT7ELEH
CLRH7PWC
RAACP4PA
ACLMC793
9EY9P3EY
FMWXWW7H
R7WCAKM7
HTRCF79N
REM79NWH
N7XKHXYA
N3NFCYTR
3HPWCFMT
YL3KPCL7
CPLMN9XL
PHMLYMRF
AFYPAW4P
444TEFNA
7K7979HM
KKLKKNF4
HCARK99P
XR33MF9W
P74E4Y4R
NLEAFW3X
TCLP3WAX
FXR3CFW7
4YL7MKW9
HXMR3YNF
YX9K7W7H
X33E9YR7
KWPHNRCH
LAAC73CF
A79TFPA9
3REHRC49
PA3L3LKP
CTFW9R4L
RCFRLTL7
RELCNFM4
4WX3RA34
7Y3ET4HK
39HL4CX9
A4YKPFAX
XTR94N3L
KFYCNTT4
XXFRFWF7
ANHXYRC7
TYNLXT3A
RWTEP4HA
FF4TYRKL
RAY9WHEA
E4K73A79
M9FPNEAL
4PH33A4X
LEWR7T74
HNWTTCTT
YW94ENNF
AFWPE3PK
M3MLTELE
FH9PPAPL
LLWNKPY4
CKNFFNMP
NHP7MTW4
L7MNL7P3
RXWAL7NK
WW79R7W4
MTATH9CM
RHXY9NPP
CY7RWTWF
9AF73YM3
MHHENKFL
49MNTWPL
M93ACL4A
7TXXP7PA
PYPXMWTW
KLXXYAMM
EACKLMCF
NKYNLKFK
3ALKHTXY
RPW9FXEH
NYFHXFLX
3R3KXCEC
KLPNCKRF
XXTERWFE
HHRRT9MP
P4EX3X4F
RWA44KCY
HPRCXK7C
WEC3FPTE
M4NLH9NR
9HC39L44
FLT774PW
NYCYANKL
T9CL3PYF
97HYFH9F
XPKWF7XF
AP4MAKE4
9YTCR9X9
3KYX9AF9
4THTKKC7
LYF7AHC9
T4XYL737
TXA4TC9Y
9W9939P3
WF4A3Y9H
L79PH33F
A37WEAE9
HHCAKTH7
H44RMNAH
MCX3H9WP
FRWHWPWT
C49NPPPW
NLYYECA4
Y79WHP9E
NEEAAPE7
7LYAAETW
TRP3CAWM
LC7NH3W3
CNFY9W7F
ELNYYTTY
39C3799M
79A4YTYX
WWYKETXR
MER7KCEK
AK7LT3ML
EA39FXXE
TPXPMTWT
4CHYF7MY
WC9A4LKX
H7CLFNT3
F3W3NNLE
74LKWYXX
EKXA33XW
TP77FK4F
MYFYHH3W
4WXECTNA
HA97KHKE
LC94TNHH
3NCHYA3L
T3AAWHFC
YEWA4KA9
PHTKNR4H
MA4R4N4H
FLRLMHPF
KXAC7EHE
FR9CY7XA
HLXXYPAY
CAKXAXAX
E3HPM4WR
YR9RWMAK
LAR3F9HA
FEEHNH3K
7K7RKL4E
KCMM3YW9
W7KPMRMN
EYEC37TA
AM9AMY4Y
NCELEANP
PK339HAL
49XA3Y39
E4PXWY77
TEHTFTXX
EFLFTYRL
KY3KMNAX
NX49L4TC
FHAPTN7X
NNRMC4TA
WN33R9ER
7YTTFERX
RFCLP99Y
F4AFKKFN
4FMN3R4L
A33N33CE
LYCPNNXF
XPLWFTRA
3LRLEPEF
MFNHPKYX
YC7AE797
M9RCYXXP
AL9NN9YH
FL7C3LMF
7A9WMA3N
ETHXCXCH
EPMXRXFK
HR7KTWK9
ECTHLL9Y
3T9PMLMA
9LXKNL3F
39R7WP4C
L3WN7EXL
TRNKXF3M
CM7FP7MY
MK9YNRME
LC3LP77Y
RMECLHX3
CF3KCM3T
LHMC7FRK
L77E7RXW
ET9YE4MC
7KMKR44E
HPPXR44X
PR7AXF34
WLKAHPMA
494NTCRK
NH9YAA9H
4FKLN97H
PEKRLYEL
APNP4EHH
P4WW9YHW
KKHLEFCN
RPYYWNPH
9KRFLLEC
HA437MT9
7TYE37EM
NC979NNM
NFN9F9MC
YARCNYL9
3HA9C4EA
ARTME77L
3YMTLEW3
4XK99E3Y
CWMN7NFE
M9PEKNF9
HCN99YPH
YMHFKRMH
4KAFT9Y4
9ETN3FLM
N3CCXEPW
4YH3NMKH
KTTEXCHP
9FFEFKMY
ET7WMR7T
E99HERWX
A3C4T7RR
XP9HF7M9
RNPHCKTL
KK7X9HNC
T97AWLEK
7HA4R3PE
KHWK3WLL
N4EKAR3P
MN9A3KWL
HY9WXEPL
WKCHKH3A
CT44HNXM
WE9EXME3
3XTRLK9R
CEKKCAN7
FCXYLE7L
E9LKA4FF
9NERRRPT
CAHX7RCP
E3PHP9NP
KEW97MCY
H4T9NT7E
YWE4NE3M
YFLM3WM4
XRKHNHYW
9RNTPHXN
HHC97NER
7YWHHCXX
M7WH9RNL
RH99WLPR
FAXP4RAW
7R4XH4AL
CNWA9W9L
CFFH7YAH
E3RTXLE4
PHKL7TFR
97ALNMF7
T7XFAAYK
LLHCLKR9
9TEHMMNK
3PF77CFP
XPANKECR
474AYYHC
HXM3XRYL
Y79F3LWR
99MMT43F
ETWCHERX
C7TAEAFP
HCWA47RN
WHLEFPKE
KFRYRAXA
YEWNRRMY
FCML9C7K
7TWFRKPC
XKFAKARK
NF94R4R4
ATLMETNE
CKXEE49L
4ECL9MHA
MFWL749R
LPN44HRW
NHHRF3E3
ATLARCTP
HRKTTLTP
PFHLXCK7
LT3RKPTX
LKF3AEKL
YFPP3WNN
WMLNP4NK
XWM74FMR
PYAXLHYH
YXLEF43A
MATWYHKR
4RYTL474
ENPEYEPM
4LLF9AMR
NHAWHFAE
YPNWK7YP
Y7RK9XP3
LAWXRWAY
FHHLTL7R
93RWACKR
4KMCWETF
E9MY99AX
LRY4KKW7
XN9MC9AN
FMLNMYEM
7FMF7TK4
W7AMMXCX
NXYMXCW3
7LXAXP3H
FM3NF3E7
HFLK93RR
APFL3YEA
AA4EL399
Y3773LXX
TNHHT7KW
AT7AXYEX
HEC93XLL
AKMR7W9N
AC4M4W4W
4KMP9LF7
W94PY9AK
YTWEHF7H
TLNXE4WH
L3FCANYA
C7LHPMEN
7FHMCFFM
X4TW3WXH
CCXKTLF4
NHYLK4F7
XFEPH4YC
KRR4KLAX
3LNA3MR4
EYACKK77
3E9FM79W
99NHTFRL
4TNML9NN
EFXAHKFC
AF7XLTXP
CYF9TEXF
KKE9LRXH
A7HXCMKE
4N77PWWE
X4WHKXHA
XY4R39KF
M9RPPP3M
LWM4KLKX
RMTNHCKE
LYMP3MPT
RKAA4999
LX7RPWWA
AXCCE3YR
XYAYNMFL
HFHR3WYM
93CWT9RA
CHHLTL3R
LXYA47FF
F9AAANR9
HEFHALP7
FY733WL7
EFANFEFP
49EE39CW
73WY7FTP
ECFLTYMP
AHKN3NPK
T7WTR3CN
9L7WA7XE
XKPAATW9
9XENNK9C
7EATHF74
LMA9EMYN
TPHXPPCH
Y7EX3RN9
K77FMHC9
KAMMTML7
NFAM3CXW
7LHX7M7P
WPA4Y73E
9WCX4CHN
FL4FKXFK
WRHEHNX9
NMC4KPRW
M4KRCP4T
AMH3K7PH
HEPTCHE4
REPNPCEH
T4RPPHLF
LLTP43CP
RTNTW9L7
4WFL3P9M
M3TA9KX3
AMP4MP9N
NFY4XHLK
4YRTC3NX
NCL3WHPF
9XLERHFF
HTAA9LRK
F9NR9AAE
MHCCLPN3
EN4M9ALK
EPA3PHLA
9Y377TMX
WRN4RKTC
3CPCCHFE
4TCETM9R
LF44K44W
WPMLW4AM
P7RPAH37
MYK39H4F
9YEKRCCK
C739TC3R
LMKNWAHT
PWKW4WAM
NFLPKATE
PK9K7YWP
KTYT3THR
X9CTHEAT
LWA7R7X7
XE9NMK4L
XPN4WMA3
C3K9ELH3
PWAT9XKX
W94AMF4F
RW9T9APF
TNTXWCPC
9MHEMMNP
H393XTYN
PRYEH4C7
AM4YEEPE
M4CWHEKP
7RA4FFWF
AL7XLPAP
XPAYYYCX
F3AWFNXR
YL9EL9AX
WMKRLFMF
9F4ARWKK
Y7PWP7PF
HRXWYCK3
EH93PNRC
HTRKENAN
EP94L7NN
E4PKTYMP
ELYFP33P
CTMXNX3M
NYFPAP9C
F4RYNN7X
FWNM39FK
4Y9E77EY
9CL43PXL
3WL39NRE
TCPR34F4
M9KNMKCL
NHRHFLLA
9P9LP3TK
4KPTEYNM
93AFHTER
9HKFLEFW
PRAYNA99
C4KYLLNF
NCTC7RRM
WET3XY9F
3MRPX9HA
X7A3HKME
YP7PW7WF
4RXEEEAM
XP3HPHEP
LKTM4P7H
MNCHTPCC
HKXR44FN
WCKFLMXC
LWEHHN4A
RLC4AKT4
FXRT77WM
LR7WX374
9FNMNXWC
NRYYF4XK
CF73EH44
R7CM4YFX
NXCEMNTP
CHKXWAAN
9CRHPWCL
99YYHEAK
Y793KA7L
RKC7LYP4
AWM4ELYW
K49KWTLW
4KA7RHKK
3LHC3WHL
PAFX3LTC
M94L34FP
9RE7THKT
NN4NF7CL
FKTAFPKC
CL9C7RH3
FXEW37CR
EK7T3THY
L3L9RKNX
7R93W7EC
AXE7ARPA
HHXNACHR
N7KXHX7M
NH9PMXA4
9H9XHAK7
NH3AWNWW
7T9LPRM9
LMMPYW9N
7FWAFAR7
YWX7FMP7
CYNFM4EH
LC4L7EP9
TF7EE7AA
TWPXEW4N
R7HT9KP7
7W7RRMAX
KHAH3HMC
RHLYYKEH
P39TMAXM
TKAHPMXL
RAR9TPXE
9MWAMT9L
ERCAWKFN
FP3FWYCN
E7TRPM7P
AAT4AYRR
FFNFTARW
MKARXWC9
YKFLNXMM
EXH9AWNX
R4N39L43
WF9WLTXK
PENRP9L4
PLCNLEAE
MCLYHTR3
NRWECCRA
MMEA3CFE
PP9FHKXH
P33CLRCT
WPP4NCPK
WWRHXXAA
EXYYPXEY
MPCTCPHN
9LN7YP7C
CNAXF3Y7
RACRPRAY
RT9WNH9E
YPCYCR4F
LPM4PHKN
AWF4LECL
PEWR9YLY
YFKWFRNP
KFAAAPWX
TL4HMAN3
YLXH97TK
FYW3YHX4
A9TP3HKT
MR4MFW9R
LHYFCMY4
NRMAM3FY
H97K3LNT
P7KC4ENK
KY4NWFH4
HE4RPMHP
WK9RK7P9
MFARHE7C
3XW47WNY
94C4XH3N
YCRNKMPA
7PMP9P3W
KH3E7W99
P7FKLTHF
XXEEKRFY
LWXEYTWW
WE7WRNY9
LHLYKHRT
KNER9AFH
9E4FTYCT
KCM7X9K3
3CYKAPXA
RC4PRTEN
9NRMKMAH
XXFRNW9A
P4CPYFWC
7FX9EL9Y
MFTXWWEM
3MN977RX
LRXA7HNE
3WRX4XXH
W7A9LHXW
CFHK9XNE
K7HP3HR7
F94FELLH
CWWR7973
W93F3EY9
HTRHL7MX
CYHW9EHX
YKTELTWC
TFXKPFCL
P94PRE4X
N7MXY9KP
4X7CL39H
LHLFNLC3
9P4LNTFX
T7YNCW4M
WKTM7XRF
KK9TNNWY
C7CN4YA9
7CAXC4EX
X7N9LTTE
HLYT7F9Y
9LMEAHCH
N79FFTNF
TM34LTLX
CM4N7PYX
FTTWCXX4
WXF44HCP
3AMLMWKX
T3K3NMKA
K4YMYALC
MWEWE4AH
RT9NCXER
LYPEKWEL
FFY34MR3
HHAXPWR4
TKPK7RWM
YPNEFLA3
PRKN9LKK
X3EYT49L
YE3N4YAH
RMCACPXE
RRCHLLMR
TE4R4AYN
F49RKHK7
WXYX9LX7
NEYW3LKY
Y9YMEXPX
44RY74AM
E7MXN349
MLTKC3YA
YC7PFA3M
FY9MEA3C
4T9NTKAY
KC7AXNXX
9HMHMATT
A7RX993N
Y7YT4L7W
7HLTHW9F
PTYRXPFW
PEK4KWP4
AN4RWMEK
WXM3W39X
TH3P7R9L
3NHL4CHY
KLLL3HMY
WYYN4PYY
7N9HNYA4
4LLARTEA
E3WXYE49
C37R9HAF
399LHHTP
4L9C373C
ME7WKFYA
R3EC3793
X37F3E4T
LCRHAKFL
EAEH47PC
FYLX9FMK
X7T7CWFT
MM9CKHAL
7HLHWHFR
YAXXN399
TX4RCFK7
TLW4KM4E
4MM9CYPM
HKP9LRYK
XATWHEEL
44FAYCTY
R4MCLWFM
LRRRNCHE
XFXTATLC
3WTY3CRW
NNTRRXPK
FRPMPLLK
AMMPRC3H
CWPPTRRM
7MM4E7WH
HYPLFCKP
EXKR7HLY
4LWNMMTT
HCWAHCHC
TRCA4MRC
CYWARHAK
XRCEYHWP
4TA4LFXA
4H4TKK97
LMATPXWR
XK7EEHP9
Y4HPNYTE
3AKMFKC3
9YH9WLH3
97FLR34E
4C3XF9A3
CLMLYW7A
K4KXNWKY
YAHXHYF3
RH9E9YTT
447CFLK7
LWPT3C4A
3TACXEMK
EF7R9HHL
TEMPW74M
MA4KMTLF
NKPWKMAY
XAFTA9C3
MFTPTKKA
EELFECCL
A7FKAA3E
XECMXMNN
EKHRYEAX
PHXKHY4R
KM3A7HTP
X9NMXMR9
M7EWRXY3
7KCXACAM
F39LYP94
9KR49RKW
E3FFK7XA
NL47TWMC
LWTFEFRN
C9T3AXHC
FWKARMKH
T9LRLXPX
3H4M4YMF
RWN4AP33
W9LX4TW9
RNCT3443
WCWTKFKL
4PNEWLL4
RRALKLRT
ELY4XH9Y
3LENCTFW
TAPLFFMM
3N3XTHWF
PMHNT4EH
7HL3LHC7
4FAR3L4E
NHFPAWHL
RH4F9P7N
TXHAXXE3
4AFFNP47
EXY3TW9L
MHHMTMYN
E7PCR7KC
3RRLHTKX
KFPE3FCC
MLHPFXF3
7PHPCXRW
FPXWXXP3
LRLE3KWC
W47HFX93
3HCCPN3C
EMXWXYF3
X9PM9XYA
TKWP4HTL
4YTTT9EW
9RL3F7RX
33M4LL7H
TMF4CXFW
FRK7NCFT
39HCKTHE
HEC3RLLF
9H7R3WX9
FYP7TAN4
3K9WAWK9
EKTLETMP
M4MWN7TX
X7PRTC7X
YHCHEPNP
KFPFXAPK
XWMXNKTF
W4NEKMEC
73AHRAPR
X3AXCFFC
FX7WTHCX
KYTEYWAT
9WRNP7K4
YC3RCR4E
AMARW7X9
MNLFAXWH
FFYWA3K7
74C37T9C
HLNFR7FF
CRWK394P
WCYXRRMM
4WWK939A
LEYR3H7E
FKAK73MM
T34CWHLL
M4LNFY3T
AY9HP7A3
CEMYKENN
AMR4LXWN
99FYXCFW
RK9YW7WN
9N7LTMME
9RNPRN77
NRCKL49C
3HACFF3A
YPF9HXNM
AY3PNMKN
RXT4TTFF
Y97EPYYR
FTFRANYF
C9YLXRPN
HHE3NYLW
K73ACHFR
WXKPM7XY
9YPTHWAL
FX7XC9CY
EWMLFXRF
HH47RPF9
CK4M4PNR
CA4T4CWC
X34R7M3F
T3PHTNHK
P9MLFRPE
WLM9M3CE
A4CCT4NC
7EPCMP7H
CWFCAH43
HWTXP7CK
YHPYEWAX
YCHLHA9K
3RTMXTC7
NCYMKCW7
979LTWYH
9N4AYK3A
XME4WWLA
3TCHYE7C
TEMRTR97
H3FXRNEM
WCTNTCMT
HWYMRAKH
CNK79T97
K4TW7W7P
F437LW4T
7LCCHW3T
34NMY9WR
ETT7P49X
TX7HEPLP
KHKCKTLN
LEC7FETL
X3NP7NYL
M7C4X4F3
PLX4A3H3
9HA4C79P
4F39KMW4
3TEW9FNX
MLKA9RN4
L44FKCT4
MXHP4FKH
H43AWYY4
YEMXNHPF
TTH79HR7
ARELCPMX
XNCTX94L
Y4CYXXKP
TMLX97AL
YF7NRNHR
FWXC7YWC
AYP3TC3P
H73MEARN
7W3EL9XY
KA4WFMTP
MNHNXAFY
TEF4EWYK
MR9KFPFL
337PAPTA
R3A4C4LF
LFEPRMCX
HTWWLLLM
AAXRCFE3
9MFXMPAK
F3WFHERR
74RWF7FL
9HRT4XKT
MNR9Y9AP
3AH4PXP3
PX3TR9CY
HE4AEYXC
49NXTNFK
F77FKEEH
7CPTRKMA
MN3L33PL
4K4ENFNK
NY4WF7RC
P3P3W3CH
H4FF4F7P
CCH7FEL4
KMXCWPPR
NKWYPK9E
77FLLLEH
EPET9HL3
WM4LRYMP
7NA777LK
AX9WFREH
MHHT97TE
Y9CH7WEK
WKCPP97R
4NE4RAEW
KCTT94R4
LAXLRP9K
KR7PT9KL
MPKMREX3
RAEWM3XP
7ATELAKP
T9PEWARX
EY4KY9LE
WMXKPLN4
PC9YPKLC
X39AXLN4
FACEPW3C
FTLHMYTC
TKPCFKY3
44NYT44H
4LPYYNYT
MPPTETNH
TREYCPFN
HMK3EHKA
C3FYFALF
AP37RM7F
RWRWCMP9
YL379FCW
PMPKLTNH
A47WEXM7
NMELAAKP
RW9MTC3C
AM4WMHMK
4CWHPXR7
NT9CLXK9
AFEEYRWE
3FFP9WHL
9LRNPHWY
PWKFHNNH
4CMHXF7T
9XR4FPKT
RKNCKKKF
L9YP373Y
ERHWRHNY
HCHXC4W3
4YFK7XAX
AF774FNE
N4MX3CPT
FAKFA7F7
NE9WWXLM
9YLTWETE
YL3EXAAM
RNWTRK3N
NNC4HPYY
RKHLNL9K
NCPL4LPX
HAP3YRNH
TAFC3FXR
7LKM3A4C
TWRHRXLA
WCNAM3NN
9AFRM7L3
R4NFLFMA
AM7CLKPN
T9EHFAKM
PHTYWYFE
3NKMCM43
T3KEK44Y
RAL7XLMH
P3FMTLEF
YHWNEALH
NT9FHX9N
YFEYKFAK
E347RYFL
EYECF9PK
4ET9PCRN
PYNPTE99
HNLFTCHC
E7AEETL4
EM7FPARW
XAEFK4KE
R9APAM4H
RYT943YN
XLKPYAX9
WNCHTCHA
R9M4CRXM
TRTM9FYK
M7ATYY4F
KAEL7ELW
4ALRXK39
MEAMLCHL
CNF7XLC3
P7YMYNL4
KAYATP73
FRHN433E
3F3HKFRE
C97NMNX7
X7A7KPH7
WNTMX99T
NLAKM44Y
LHCCKK3Y
37A3LX3P
EEYACNAE
4AL4FCT7
CFCCAMM4
MTLCE343
LL3CNH7N
THWLWK3R
RHXPELRY
XW3MAHPT
WATY4RN9
NFY9MT4E
M7KHFLMW
7K4YRME9
WTKFTYM4
E4YM4PA7
FWXRPF3H
44NHXT7H
AERE3EMN
349RCKY3
9TCTMNTH
3C3F7XC3
4TE344FE
PTRAKLL4
7M44A4FH
H7MH9PAR
C3HYNCW3
4FA7ECAT
WTRWPENW
NMXPCWTH
N3HRAAXX
EX79F9XK
HL93HRMC
9YA34NRM
E3YMC94L
TNYYFYEF
79R9AXKH
XMHLFALM
ALKKP9HY
4M947NR7
CKKY9HRA
P9KWFATM
77Y9MXCR
9HWEN3W3
N4MK7EFW
YMKELFYC
FFHREPA7
HPRTLFPN
CH3THYMP
ALFWRWET
X4MWL3HR
XPWHEKCR
3AWNTPLR
AMXCA7XY
9NY4EA33
CNLMEYNY
KKT3MWHM
39P9YK44
XKCCH9C3
KWCWWF3Y
H74P9XYY
LRRXY9PX
MHLNW7E4
N7MM94LK
XFMXWT4X
3ETEKR9M
F4RFYML3
PTN7YK4C
PCHH7M3L
HN7P3A3L
ALMMEN39
PALHTR3F
L7P4NY3Y
RY9FLF9N
TFANL3ML
NLFMW43W
PMRNMCNT
NTN3TL7W
TE7KW9WT
X39K4T99
A3TN9XKX
LFFXE73T
AYTATM7N
FRTH4RXT
MYFAM73A
M7R4PFMR
MHEMXCRY
K4CEHPLY
ERNX3WMN
4LYA3PYW
4AKN3LHC
4F9Y94YR
KHFCYKAF
MCFAK9T9
WNXAC3LX
N47HFTRH
7KPKPMPE
KFCAYM7W
T3EMRX4Y
P3WTY9TX
CTT7HH3E
EKYC7RHC
XPP3W7FA
MX9MLA37
LCMLKXN9
AH7APM7X
EN7N4HLL
CNHLM3FC
RAAC3PNT
APAYFFWW
YAXK4KAP
XM939C74
YYPWM4A9
3ACXKW3H
CX7CWNPL
K4AXHTPE
EYT4R9FR
LFNXC7MM
WLWYKFYL
ATHEA9M9
9LHFLHCC
NCM9CEHW
L4PHEP3L
7M993PNF
FFAKARY7
CHPPWMKK
KFL4MNLC
CHHKNN4R
LFEKN79P
39TETPNX
AWPP3PLK
FF79NYNE
4HX9WCAL
L9XLTC9Y
KLLH4HFC
EWRM4XXM
KMXMTLRP
CEFLTY4A
ML9ANK7X
7FH3394T
79Y7FNWR
WTH7NRLP
P4W4ECPP
4MEWX39F
RHY33KMW
ECTE33EK
E7MK3WAY
MWRP9XK9
C37M374W
43RMLL4W
NKCHMNWE
ER7MRFMF
7X9AXN9T
LCWWX4RM
XA749MNH
YWP3L9AK
PC7FL3C3
ALR3AREY
3FHXT3AF
W9FC99KL
3YHE444P
KPRM93E4
KFC4EHWA
XYXRNN9W
H9K9FCW4
LCHKFFK4
ATXCE3N4
HK9LPCXR
9MMRPHC4
YKCFXFX3
XLEYKA47
WATRLMC3
C77YPRP7
P7ECNNXY
CR9HM9L3
7EHXE473
LEL49CEM
H7KKWKTM
444AH9R4
F9FYW3PX
P47HHXXT
MKWWTX9Y
RHY94FTH
HLRRYLCL
PFFPH9N4
9P4EPMTL
PXLFRXYR
3E397EFY
FXMFKPKY
H7LC73AL
KRW7EMRL
99R7LAK9
4T7X4Y9P
WN34KHEF
R7F3LAL3
XFN3739L
97KTRKTL
RN3FMENC
H4YRFHKK
N73MYFAK
9PKF9LMC
4XP79FK9
P3TATTHW
FPY4ALM7
TLMXT9PT
KFXXNRXP
EFXRXFE7
RPYMF4KR
W9MXN4MY
TTHRTREM
3MPA3WRN
FNTWAFYW
7EAP9NFT
7FY4NKYH
EXPAY9YL
9499FC4H
ECWK9N9N
EW4WTKK4
PNKWXKA3
XXMFRFXW
MFMEXXCR
3NLK4FEY
F3PAKNMA
C3T49XMN
3MT7WWA3
4MLTM3ET
NRRWEWCH
4EH3YXKN
P97MNHYX
777NKN9N
7EPKNE4Y
KYTLRA9K
LNPE73ML
NALNPKKX
A7PX4KNF
CM7KKMHX
7M4HYRHA
ALMMX9CA
XKCWTPH4
H9P7N7TH
XEKECM3F
NYLWPFYC
PKMWC3WP
HCY3TF4M
TER3RM7H
9WC4RRR4
FKCTK3WP
T3XEWKRM
RLA39PHT
7F4FPYLF
7HAPYRF9
9MNFLCLM
RFFLH49R
WHAX4XNM
MHAH9RWK
R7TYL4CN
CHNANLHK
9CPTPY3M
KKMCXY37
YR7Y7CN7
WEN9MLFC
W7N3NR73
E4RAFNWN
XTKXHXNY
T4PNTMMF
CM7FFXFH
47TCPLF3
HMAWKXFH
4FPCH4EL
99AN3NHE
TNRXPP49
WFHRLMLF
L7AXXXR9
F3FHFNCN
7WLAP3TF
TMWKF9CE
FAXNAHRL
LYNAE3AT
7XPTW9Y3
AYLPK49X
PKYPCFC9
MF93CEAF
MFFWTPF3
A9HHA37P
4RPL7TKP
RECP77L9
ANREKTW7
YWARAWN4
ANWWX4LC
YAA44M7E
MYCXEKWL
MA3MX4PL
CF3M9CHX
LFWFNFM7
3NRK4HA3
P4RFH4NA
XL34LTCY
RTHT9ERY
9Y3TKKLL
ENRYTH33
7K7T74A4
LRWPNLCC
NCAAEAPP
XAYE4Y4M
4RHL3C7F
LLYC7M47
CLLXRTT3
4FHRC9FW
MCY497WW
KAHK4X9E
AHFAHKXW
P4FFHCEX
4MKACTTM
R3PTHHFT
K3AARXHL
RMER34WT
34MWNXLP
CERHELLL
HR74P9WN
WAM4WEHN
3MNP9XP7
XTM79NWW
YWCXXR7A
FKPA77MF
HXR7HH4H
NH4F9PL3
NNL4C4L4
PPKC9L9L
PNF3WLKA
LHTAH3XN
HFWMKM49
NCYMCEME
RWT9P9M9
NLWPWTAE
Y7FNLTTA
Y9L4Y4AE
YHC3YCMM
9FTCX9HL
74K9CPRE
9W4KMHPT
MXL3K4CT
7M4PLLFW
TTPTNRAA
XRP4CTMF
4R4WFLXW
LEATC7TM
NLC94XFE
999H443C
4FYCCALM
LTXCK3EW
Y3HMHFR3
NH47NMWR
WLWAYLLF
EFCWTXEH
KCPA4ECP
ERYYCLKX
TTH7TF3H
44XMRA3W
TFHY3ERT
RYRKP9P3
MRC73FA4
PKCCRCEM
4KXXFPK7
M3ELEK44
M4N4LYAN
YFPKWXWF
KHEREMTT
XC4WMA4M
KNRMYMAE
7WPTKMHC
XTEPNFAN
YH9C4YF3
RC7XRWEK
PFWTRKRT
NT343FXM
PMEAY3CR
KMHEPCCP
FXXL4L49
R4C7PWWX
49K9MA7W
7TPMCF7K
RXYXCTF9
3LNW93FC
ALKF9MYL
4R4HTHFW
YPYFX7A9
7CXNL7KN
TXEYPEX7
7PY7N9RK
9FKP9FYA
X4MRYXFE
XRAELKRR
ARE9XP4F
7M9PFMW9
393EK94N
3CXMCXAN
CRLYEANE
N7NPRXN7
NWMRRX49
YR4HMARX
FNTMKMLL
XAFWFHLA
MHPLLYPT
N7YFT4PE
TE43HMW9
PYMHMHYY
4AMNRYKC
9E9CFRKR
3CK7KLPL
KMCMC3T3
WCCKMWTC
XMT3TTEM
XMW4RMCF
PM7PWYPH
TEP9FT9N
43MWY74H
PMFTFWW9
XNKMRY7K
K3A4WAHF
LR4WYMKE
WKRPLNM3
HRLERFLM
WER4KRE4
A9XCKCTE
3RHRK9MK
HCCHY3NN
ERLAAKET
E4YCY7RM
TLNAY4WL
XWMEAKMA
9XYX7A4E
9MMH3FXF
YPREEFEN
YY39HMF4
K4ECEPRM
EHRAAH4Y
MCWA73KW
RECL4MPT
EPT7RWEP
4NA3RREN
AW79ANYE
PXHWW4HF
MMH9KX33
FMYANEL3
RNMCC7ML
9RR3RMW4
WK9RCYLT
WCPYPWRX
W9F77EKP
TTFNYMRY
WP9FLW4M
NA9YKFPH
RTWPYK7K
XK3XXA4E
9E3PX4W7
C4HM4YLF
3WFE47AN
EK9YXKMR
FPYT7RW3
YN79NNWW
MARTMY7X
KFNN47T9
KXT3YE9F
WPETAXNM
4LCFHEML
H9KCYXPK
4AFR4CK3
KKXCPRNA
4HLP4NYK
F49ACC3P
AR9RT449
XEEY47TA
PWLWRX9E
AL4TK979
AE993PXF
7M9YP3HR
9W3NWCEX
44YPAMEM
KRFFKKN9
WLHXC4HL
P9K3NKYN
9CEKANYR
FY97C7WL
YHYW3CM4
RCMENPXY
4N9M4PKL
XYRRNFNL
YERL33W4
AL4TTW3Y
TAWMTM9H
X4LXN9RF
TFRAFNXK
KT3H9YXX
CLXL99LW
3YCCKCKY
MN9KYKHY
CCLP7CHP
FWWEMX4L
RX7CH4ER
YA47F9NX
4TMPMC4C
FHC4XAPC
4TEPX3XA
CK9MWEKL
HRH7TX37
PXC4PPR4
NCC9AAL4
KL9EEXRW
AM3XKK9W
PXHAKFK4
YMXCFRNM
9MPHP77X
44YPPX33
PXPHNWXF
PCNHKXTL
3TTY7WN9
RL7EWAXX
X4EY4RWR
7FCXL7XN
LWMYEMXA
LKCK93C4
HANWR7HK
KCYWM7TM
HMMAFCKA
9LRPFHLX
AK7NX4TW
ACM7LK9K
NFFW9LFK
PHFPNYW7
RH9WYHAY
KP9T9KHE
AYA3KTHK
RHRKM7CR
Y4XATH7W
RTWMW7HR
MWAE9CXM
XEKN379R
HW4EPR39
ETM3RNAM
L3PALEXP
YRCEYF4X
CRLH4MW3
P7WKT4TA
TRPKAALA
X4FNXR3A
TLHMRLY3
RAHHM9PH
MXHMY4TT
YMLC9L3W
YEF4CX9T
TRLRWR9P
XCTX94LK
TCFTRTM4
7PFKAANN
X4TCX4KN
XY3P9XLH
HA47YNHP
A43N3AAF
3HP3YKHP
3TN747KN
4FLAE3LP
CYKTHRYP
NTERM4EM
NEAR9MHW
ATPHTXMK
7HPHYHWT
R9939T4F
YAWFYKHK
CCRNEMX9
RWXEHAP7
CANFCYY7
AAWT9MAW
9PA7XATN
9MLL7WRF
PMLCNWYK
XYHWAFPF
7WNKW9RE
T4FNXAFC
7Y3N7WKR
KLR7APE4
MTF4WXLL
NH3WXFNF
CCPFM4LK
ARL7KNR4
E7W3YMNY
MPM7H9WH
WNLLKAHK
PCNXF3YR
TPEHN7AX
4LXHC4LK
L7FHEXNE
74FPHAEP
LXAKAK3R
KLY9FHMX
PPEK7THH
T44HA9WX
Y33MY93K
R9PLYFPE
FPN9TCML
AHRH7NYR
F3RL79EY
K73PKMEX
L43X77EA
XYNRFHFX
A4RPN3W4
9EKRXPR7
9CTXFY9W
CT3H9WHN
KPL7X4LH
LTNNY4KR
3FCMTXPE
L3R99TYH
H4YANNM3
RP9MR4CM
FN9Y737A
XL4LAE43
F9LE9RNF
XMRNHK43
9A44ECYT
CMYXRFFR
P3RN9FME
FEEYP3AC
HRXFCNTF
4NWFKMYP
PY4M9MT3
KKC9LPT9
73MKFFRW
MH49WK93
HYNFL9HC
ELMAHLHR
F7RWM9H7
YE3P4CPT
H3LC7L3K
9AEKYYRW
FHHF434P
KFMHLFKA
R7HWTX7T
FC77YA7H
C977M7NM
NKLHPWNN
3K4FMK43
XR39993W
TAFK97RR
E33PFT3W
HAA9C434
AKTXM7WP
WP3N73WN
LAKM4AL4
F3XHKRAF
7LE7TCRT
CHCTM7AM
MFM3RCKE
C3774WA4
MXKNXM4L
97PR9FLP
3LNLAPXE
7HRX7NCL
HLY7CNT3
PPKLPWPK
EEA33ATT
WHN74HXX
MWHPWTWH
7HWPX49F
EC7AH7N4
WHY9NRW3
YHTCKF4M
W74AHP4K
FTXYXTEY
WRKPWALY
RRTAX9AW
E3HM3HPP
WME7WFAR
LLNEEAY3
HWWHKK93
ATCWEN4A
Y7AT9CLA
HNAPP49F
HCTAN39H
3AWLXMNY
4HPN9K73
4CPHCC4L
NF4MX3K9
FXL9RCRP
P9AYT3PC
KR9ARF93
KFT7HXF4
YT7WKAH3
ELR47LMY
XYYMPRNK
9HTAN39C
RTWHYCME
3RCMWXTA
XMMLHHR9
R7ARFMAE
YLHWN3E7
KN9EAF9W
HPACMELN
4W9W9XEM
YY3YXCWX
FAYTMK7W
FXFYHECK
3Y3PRN7N
F47EATRE
X3CYHYTE
4NFCLNT7
3EEKPHYW
3FWNYWT3
PEPCAHCF
YCXKNL3M
WNHL7XNW
K49XWPLN
7AWKEE4H
AN9FF79C
3P4ATHTP
LL94TR7C
39M7X3WY
CKNPEHRM
F9YPPMMY
L3WM3TPK
39F3TW4M
XMXFPRFT
TMHL7XPC
KT4MMK73
FRHA9W3K
LWPEY7EK
AHRXMKMK
XXY9TXMY
MLWWFTTA
YWHNT7F4
49AHFEKM
Y4TEMN9M
9TTRXM44
NP9KP49F
KMFMXXEA
MT43HTY7
4YR4NXCP
H4P3NL4H
47MYNEPR
HXX4TK3M
Y9PCXYCF
WCE4WWF3
KTNY7WL4
RNXTEWH3
4PNW3R7A
L994MCWM
449YEYY3
HX3XT3TE
KFMFHR3T
WLK34MF7
7LPE79FT
XHFFNTP7
XMHK4KAX
MA4K74MA
ENL7MXAE
4YXNLMFP
L9WAPP3E
4CTF3WNF
C4C7TFCH
WLNPPAFY
E3L3EWWX
AXXCRNMC
HHCK3333
YCPW9A47
X4MLXA4W
LRXK33AR
M93K4C4T
RXTCM939
3NCW4AMR
9NAKR3F3
KEHEPHR7
YP9HRKHK
CLKNY9YW
TAHTTYTL
RTPKA3EL
ETPNYWLE
WTCWEXYH
XXY93HHL
37FXNRA4
CWF7HCM3
TCRHR3CF
WTMNEA4W
XHM9TME9
7ATFXFP3
FYWTYXCK
HP4ALX7Y
AFATLRK3
NTNA33FN
4LWKLN9T
Y4NN7PPM
EC493WPH
RFEEHMCM
PFLKXRWA
RARFCFP3
MCTRFNFT
MLEWFYY4
X3LRR3T3
KP4HAA3L
MMLRRTEH
KWXHWTXP
H7LFFPNT
WXPKMY3E
LEKRX4H4
A43RKRFR
LR7CHPCY
47FFA44W
Y7F3NL4A
ARWMMYNM
ANM39XNL
F3WN9WNF
LEKRTRYE
YRNANHC9
NTY33FYT
PLE9H7KT
HKTLCRTM
39W7N7FN
3HWKY9TX
KF9MNY94
CH39A3R3
93K7KTYY
CFWX7AWC
4H9TTNWK
4LE4XX9T
NM9TH7XT
LL4XAAFH
N7TMEKTH
MAEPK7ER
PTTHP3EH
THWKPFTK
CMP3XH7R
NPHAW9XT
NFF9MHAE
EXET74WW
W3AFPCTY
FYXYXFRE
MPW9PXT4
AKXLRETK
YKE3EFE9
M7LLMFY7
TLXMXYM7
P4MHXWHP
TPX3CMCH
YE4A7Y7K
TPH4E9CN
4EMYXYLR
AN9YRW47
NRLKE97P
E4TTPKLP
Y79XAHY4
PWT7KAWX
NCLEPLML
WEKC9HRW
E34L3KWK
4XEPXT3N
YLK43ERX
TLRXAKMA
PETTLFE9
EMYPWHPW
LEAL4N9L
EXENCW79
PH94TH4M
RCFNFMPE
HWTW43KY
F34FLTXM
NXHPFF7P
NCENE9RH
TYTXX73P
K7KNP4NX
YN7AFP3X
R7EWT7TR
LXHXACWC
MLN3WRMH
KRWNAFPT
3PFEYAR7
F34YPY7H
CXXW3W7R
FANWW33E
R9C9MATC
4E739R39
WEPA9NCL
TLC44HMA
NLFTYKRA
77977TTW
KCTPHARF
F4LEP7CW
X4CWAPPL
XL4HFAKL
RFFXPWMP
CREC34YY
33FN4YKY
CAYT3PCT
3ETRMFHC
9HWCLLPR
KE7HXKNF
XE7FKMPF
AT7MER3E
PYCYLE97
XCNMCX3Y
YR4Y7FPH
HKP7HAKE
LPN49KPT
FWH7HE73
XHWM7HLK
HRXW9W99
3H9YWMAY
PNP3YHK9
R3K37XNL
FF73A4XW
KPYKMYXN
K3PPMFRE
37FMEEWY
ACXKYY4L
FK7R4NMC
W7E9ATNK
LXC4EEAC
K7AXP347
LX4N4LF3
EYKR47FP
XR79WW73
CW3Y3MEF
LX44HYR9
WLC4EWW7
E9X9TKR7
CC7KXLPT
C4TFEM9N
4CH7MKLR
PCLLTTA3
9PXEYFNE
HWRTKN7A
9E4PTXN4
LNEM9WXT
CWFARNM9
KFXFF94M
49XMKXTP
XTAMTTTX
MLWY3EFX
KPFM7HXW
L4N7MA4P
N7AHRYPT
EKL9NL3K
M7RRR94A
73YHY777
HMRYME3W
4PARC7WE
RPKRKATX
YNECFLXK
3ETA7F3P
XTNEF9WL
E9F4TW3K
CM9TM9PN
K7WWMA93
T74PFCAK
TNFW9FFC
33EYK43P
WTL37HRT
KMPWN9CY
7MMR7KK4
EL4WM43R
L33MAARK
YERR9C7X
3PYKLYYH
R44E799C
HYKA3YRX
FHXH4TYX
WEYYCNRP
73E4AXMW
LNCFH99Y
4CM7CL4E
WFMTX9TR
MALEXN4N
HWWKCTYM
KHC9TN9F
CPKEEHPM
MPHAKRPR
HTN9HKP4
TCTHAT4R
P3L94LEC
N3PEHWRY
YKWEYA9H
PMWHCCPY
3AMACW4F
MEA3WA9A
KAPK94N9
N9NR7LAX
RY9EKR9A
4F73R7EM
4REHFPP3
MWTER4PF
7K79CA7N
WK4YR79P
KC4HXTNA
4TKRKCNE
XA3RLYTA
CCL3FKER
MRMAPXN3
YY7E7P9F
7ETRYFPR
YFEKKAAA
NCYLKFET
TANR4EAP
NM4L33E4
TTP7LKXT
HMFM4HFC
C73RRACK
FHFHFFA4
HMF3T4TM
9CFEFNCC
A93AP4PF
RP7TPMFX
9LT9PPEM
LNR7A7WL
YKWRA4PW
WWMRNTL4
RLRNRERT
AEN4ATE7
XK3FWLWK
WXYPHPEF
7FPTENPN
F77774CT
MLXFTCYX
RKT3NK49
HFNEMK9F
YRN779MK
4EKMMP3A
C33F4TNL
F437H4WE
CTFXRKLL
7HEPR9FC
LK3WHLHW
PXHH7HKH
9NTC49HP
KFXFCHET
34KMM4WH
W3YHXF9M
FHWA3RKE
MT9MCMNN
9MTWYA7T
KMLXMKW3
LWYWLTNN
XXPNC7PP
3E3NPTMN
7WH9FN9X
RN7APYTN
AKEPW9C3
9ETECYAN
XWECKFX4
ETWKPT4Y
H9WMFA7F
T7AKRACE
XXFRFXW3
H9RLM9EA
R774WTH4
YCK37TEX
HLFYE337
FAMTNYL7
4FEXXTN7
W3N744XP
RYEC4MKN
WW9RMYL3
LNLCNCPW
3WTCL3MR
44ACWRAR
X4PHY9YE
HA7RFMWK
NRNNKT74
CFMLCLYA
M43M77F9
LHLEY4NX
9W3CLRPK
K73WRELF
KMK7CMWF
CNRRENH3
7WLX4WL9
7TNLP7E3
7F3FXLTC
4EMMFH4X
AFWAN79A
MRRRN3YL
HNRKCR3N
3RRNHTTC
39CWALMA
9CNFN7LP
99LRNTKT
NXXHLCLH
X3TFRLLR
HXH4TKFE
K3M3KXPL
PYAWNAAM
ELRFFCR4
XHPWRYTA
WNXFPNAK
M3KTPM3T
XMNFNHWX
7AECL3XX
LYYEP7FW
WC4HH4PC
9WTTKMWC
CNWPAW4Y
FYE3WCPX
YPCTMHEA
PCAM4MRA
7FAN4ER4
TKKHF9AN
XAHKPMTR
NETFXAFL
XTNMPKAY
YK4MWPK4
AHTM47XF
TXYA7CFX
PKAEX3EF
H4FKX3XX
TNKR47W9
PHM99KLP
KAXYYN39
73THK3YY
ETEW47RH
RHC7CANR
L37TCLTE
3PL7NP4N
NA4A44WK
7WYXMPCT
49NPW3EK
ENC9KHTH
ET3LA4FA
KAN9ELYP
XLEYTXWK
NNLWNW7T
TAYL3KN7
EHPMXNMA
93WAMWTA
7X3EKC4R
KR4YKPLR
T77WMMWY
7FYAHAKT
7XW7WETP
WLRLNMPH
MPPALK9K
AEP7TC97
NLMC4XCT
MCARWANY
M7FMREAW
R4A9TAT4
LETN7NRE
TKNEA9K7
KCAK9T3F
YYCRNL7L
3YMRXW9R
MKE9KYXP
MC49NARW
9WTFWH3R
PXAWCCMX
3CEWAK44
EMR4P4KK
YMREHXM4
3CY97LMP
T9T4EYEN
9NAK3N7E
X3EFLHXA
4NA4HHEF
4AKFACKE
FKRXP3N4
MPAEM4PP
NTLXKNNX
TMAYYNTN
XKX7HRLC
NCHYTTNT
XXRRCXHR
WA7NLR9R
LKL99KWY
FAR7H3WA
P4WENWXT
TPHTWEHF
77KWMT7K
4FMP7KFT
KAFYAYHN
4WXYHPM9
3FR9K9KK
W4KPCXTP
3MA3HKL7
A34L3RFT
ELPELKYK
T349FL3N
TXXKPAXW
CTCC3NHK
49EWYF4Y
EMLLL4N4
AY4YPHFY
LYHTCW73
KYKKTMXM
4K99Y7LA
WC4T7XRL
AFFP4FAY
LPT9RLAK
EWAYYCCT
4X9MWWFA
REP4KFAE
CYTFCWTL
ACN3RX9E
R3ECYLHT
H94TNAHN
7Y4KXXA3
K3FWK9EF
FYMYFREE
RM4P4YTH
EKPK9C49
LT944RKN
XYTRNRMY
WFWYM49T
NWWTAPR3
PLP9K99R
CKNWM7LY
CECRW4Y9
9MC4LMMT
F7PHPNME
7NNYF7TA
RT4K499M
CAPKT39Y
97XKTKHA
WXMP3WPR
YTT43TWF
N39PMAN3
ATC4AXEW
HWHFKH7M
EWAMRFFY
X379KNAH
TTX7C43N
3EWCAPEE
MCLNL7ME
Y4RF9X7R
RLKYLT9E
PNA4N3WT
RLTNCLLM
4C39F9PY
YY3YRTCN
4X9M9HXY
F4TY3WEF
NT9R73LE
HWYW94FN
PYLMWHKE
PMPYF3M4
RHEFYWNM
CXRYHNEA
7EMPWKPE
HY3RYY3A
7TMXP7RX
HKCT4WCE
NFEM4KWA
HCNLHHM3
7F4FNNNN
4X93AKKH
T4WECE4L
WHFL3HWT
XPEL9WFN
YYXFHKEC
CLTTHEAX
P9CPE4TM
4MWTWFN3
ALYNFMPR
Y4TKPXAX
M7YHAFRW
RREYACCM
XMHAE49M
7RFAX7YH
RNWE9P7F
MRRCM99A
7TNEYK34
94M43MTH
CHKK9P9H
XRHKK9CF
MLK9LN7Y
NR99LH9C
XCC3WR3H
3WMCAAX4
YXTRFRFC
M3KT9WF4
77TEC4YP
7FXX7NXF
EFKENLNR
WXL3HP7K
HWCLFHA3
EY773K7C
MHLWEFYN
399HF3RC
FRHXH3MT
NNACNACY
TFP3T3LT
WANTPKYA
CKNTY7T4
ARNAR4TX
WFCCER3T
F4HKMAYN
FRMP7F9E
7CTNHNXY
7WKRYFTH
3PN9NPR7
XTPMNXY9
KWHPFMCN
HXPHT4FR
YWFWK3YC
YLPEWAWA
KM479MYW
E9WFE4EY
K7NPCCLY
33KC3YEA
PKNFT9W7
94W4TY9T
P4H3N9X3
4NE4HARN
KENL7HLY
YPF4PMKL
C49CENFN
FLMTHY9K
LXXKNERN
E33X3PRP
NR9L9TT7
39XWMMXN
LKLLTTAH
WRRP7EXL
EA3ETK3H
EPMNRPEA
YWK7FT73
FR37TNK7
4CCKLMXE
AAMTK9FX
3PMHM4TF
KELETC4Y
KFYY3XLL
MNWCATK9
9Y37KRTC
KF9EYLYY
4WC4PXN7
9YMCF3LW
4LRMKTET
TE7YKTFL
M373AH3Y
RXP9X7NY
RKFRL73Y
PLEEFNKF
R4LFM4TF
4HFAKKEM
AT7NWCFC
HHRRHKRT
AFLLXR7A
9MARNRHC
4HNFXHEL
LYXNL774
FTXKTYE3
T4YNNPHM
R97YRMYK
YFLKHALN
LERE99EF
YA3FYRH7
M3WAPLW7
H3HYWHKP
7M9H3XXE
T7EWH9CM
7P9PPMCK
73EALMHM
KR3KAMHW
ALPP3ELF
3LWXKXNW
C4399ARF
LF9HR7AL
3TECWTPP
TFNW37LL
34TP9XM7
7RC3C4XY
K34WYH7L
MWE77YTT
3XTPF3RA
4T3TMTKE
CXWHYRNK
T379KPHL
H9KT7KHM
CATCKAN3
FH7KAKXA
EPPLY44M
TWAWH49F
4KPN44N4
HY3P4XER
K9PR47YE
WXMEHHK3
74FWEWMK
EYAKTPE3
XAMYEE9W
9HH4R3H4
R9YK7PRT
TM9TKEAW
HYRKKNTL
YM7C9PTP
XCNANLHE
E4339LC9
7KEAEWPT
R3A7N4P7
HKLRPPYA
CALKHCMK
EK3KC3LX
HEFP3F3K
3CC7WMC4
R73T3ELT
EX7KEEYM
9XNCML93
AYLK3WAE
TMF7R79T
FHHTEAFR
3EFXLTX9
YLKCENYT
7HAMX33A
T7FK7ML4
447WCE74
ANRETWMH
H7WAL3AC
E4HRATPE
A9PAKW4P
XY4XRYPY
3AH4NFYP
33ACHLK9
HR3MLEWC
3RFH4X7H
RRLF4TKM
LRFA7A7P
97EWWWPW
YP3KN94N
KHT7RHT4
YAWY9MRY
C9A7XLYW
CXWAHWTK
NARNPYXW
HYHKMTT4
XAWYF9NW
CM7RP4RT
FFRWFMPT
9WWEY3LE
L4TLP4PM
37NXFHWY
7RXHANTA
T7NL4FMP
MYCNMRRK
PKA7WNHE
CW3NCPAK
3CKEWAFY
Y9A9FNMW
NC9XNXFH
RRC7KRRA
NCRYNME7
TXNERY74
LA9FMEMW
MTEC7YFM
XANFNR43
K9FKAX3N
AN43AMHT
MMMF9WN3
MLMXPYRK
WPW7M9TC
4LC9P3ER
E7C7KY9F
YTF99L9T
C9FMYXPC
MFXX3HEN
PX444HTP
KYKXRKTL
Y97N3XKW
LKN4NLTF
NN4LWHWH
WHW9XNNN
PT3P47KK
7C9ARTFY
T4E7LYTL
7F7A3KAC
KLAC3ACT
PLTM9YLX
PEL73RK7
HKNWALL7
4MFWPTAT
XCXLMWFM
9PW4RMML
74M7T9NR
MCCP3TXE
ANKYY97C
REX9KECC
EAYCE3RM
XAXYCAW7
LXL4H4E3
TYM7Y37P
TANXCXTP
WMAMCCPC
RE9PTCHT
HRXMPANL
4WXFNRH7
NPWN7XCL
9WRC3ACY
AA3F33ML
KACKHPE3
4CMMCR4E
YMT4ATXY
HATWPFF7
WCAXRNHT
W44YWPHR
373CPN4F
WPNC3W7H
MMMHEXNF
EFTPEAW7
AR7WMNMF
F3FE9F9P
AAFCRXEL
LXNFTR7T
APKWFE39
CA3HNANN
3ANNT9MF
E3A3PLLC
Y7PYLA3P
KKYPCFPW
W9CHKYET
4PR7X4K4
NX4PEPA3
YMW9X73A
WN9Y4KEL
94N9YMYA
HCFL3ERR
7LWE7YLE
ECELENHR
ANC3P3P4
NPTKLAPL
YMNTL9CF
PY934XPK
TLWRWWNH
LPN4RWKE
AHF74M7P
WWHH4YTH
RLWY7WC9
MET37W7F
E7MAXX9C
HEEA97EA
TENKLH7A
HTCYEHH7
T3F9LTPC
WYW37YYW
HCWAHTRN
YELXAHC3
K9TTMK9R
Y434LPFE
79CYYM9A
MYML9M97
K7NFEEFL
NT3MK4NC
AYHNA9KE
HPWPX9AR
H7AMLLMR
7T4AYNL4
MLX9PFWW
L9PLYH9E
99C7R4HP
HYT3FPKW
AN3ELAPR
3NENNEW7
PXRXXXAM
EPNTXWLH
4CHHX7WW
ERYAE9XT
MHAWNP4P
T4E7TELE
7MHTHNXR
TF4RFT4E
XRPLNKWE
NH9LM3XT
HWKE4T9N
NEF7WEKL
LFTMMRMT
M4M94KCK
AHHNAP74
7CWKY7K9
CRX7RYAX
LNCRPT9X
EHPKKAPR
CRAYXFER
AWWWTLR4
XFMNHWKR
WM9E3CTP
PHEFPE99
LTL3XEYR
PWHRPKXE
NAEE7NKE
3AAHHX7Y
LNFLXXLN
FC33WTNF
C43W7MXF
E44CM9P4
EXKEX37L
YKFRCCHW
ATPHY4T3
9R4YMTET
PPYTHNWR
EAFLXNTF
K9AAWRFX
PX39XC43
CCYMCA94
M7ENW77F
WAWYNFWH
YNCA3CH7
TTTLXMN4
4FNHRCPK
MKPCXWPL
4X934FCE
49CFFT3R
3LEHLXLM
Y939P4HY
K3WMAR3F
CW3KMEY7
3XT9RF3W
AL3YRKXN
7CRNLLWA
T3ACT349
NXX7TCLY
AKAEPPK4
CN4FE4M9
P7MY9WPL
MNTEEATX
LE4YYYRP
3CXTWK3Y
MKNKMWEN
NLFFK74R
MAFMFYPM
W73WY4AW
4EK4PAFH
L9YM3AR4
HP4HTET7
NYWX3N3M
LHE4KMY7
4EFLXE3X
NTFFNTFL
FPHXWWFC
CHFRCXMH
EMP33H34
ATMAFCLK
AFLE3H3L
3YKWNCPR
7NALFPRK
4ACNWWWE
9L4R4THT
4NNTKYP7
FRRATXPF
CRLLE73H
TH37PERM
PENFAPYC
34PWK7NN
4LLCHAM7
K4NLPFL4
43HNTAFA
NLRNYL7A
MHWPHHPW
3M47M3FL
C7CXTWR9
FXP473CT
PAPNAC4A
WA3FMPEW
PMPXAWX7
PYRWWMAP
LW7LP37R
4NX7MKC3
9RTYR7EP
H9R7TL9L
E43NPYA3
PMN7RC74
KRLAMYHY
P4N4N7M9
9LTNNWKY
HKW7YKLK
WLNLHRCR
77C7XR9K
99WXH7TL
9MX7XKYL
RNCMA7TK
HYNKCFTN
9KF9HWY7
YEAMKYHR
AF3CY4YP
KXEFKL3E
NCHTAEHY
9K37YAEC
YANKMCXC
PRMEAKFL
NXWTAWTH
43RKN3RL
7TR9F99X
FP33K4NW
3AHR4XLN
377AAWKK
KEHWKPCR
NEEXMKTP
YY3RPPHE
XAL7T33A
7774CWH4
E77CLECF
PPPXNA74
H7WY33F3
A3RMW7EN
FX3FXYLR
3XN39HPN
7TE7WRW4
7YRXFHY7
H4LCYY9T
KKM4C7A7
7XL9X7MX
93LAARFF
44MF3X4X
YN9MFNAK
HWWHTXHF
7PYWN4FR
PN4RNPCK
3CKXR9FP
T7P7FANC
KKLF9K7N
RFL4NNFT
3WFTMARL
4FP4XTHR
HF3YMLFL
PR3PNMXA
YTEKFAT9
A7MXRC99
YRNHF9N3
MRMFKWYE
A4P3WFXL
YPN3TWWA
E4X3RT3E
79RAAT9K
YHNKXXH4
PFRP4P9L
ECFYY4C3
E9NREKM3
EKWYAYKP
KW3ETHF3
FYAWRELT
ETKPNT9T
3THTCKEW
34R4W974
FTMCTFCM
3F49LX4W
H99A4YXY
TRHL43WF
XWM4LT3P
WAEM3NWC
ERNPAY7H
9RPYPY9N
3LTE9MK7
WFTH3HHX
CHTH3A7X
RW4T9LW9
FLEXEHF9
NTWP7LH9
KMWX9C3H
TLAPWXLN
WPARTY74
P94M93XT
KMWWLEEX
377PMEYT
AXRNF3AA
ERCK3MCT
YL7TLA3E
4AAKEYM3
HXMMAFFN
TH34CCXH
YAMX4MCH
WHLWCTTY
AK4XCAHP
79HTEWA9
EPWCKMA3
RNFL794X
KN9ELXAP
3FNX7A43
FRP4PTKF
Y79AM9L4
KKRN3LEW
CR37AKR9
TEEKL44T
NET3CPKC
EHR9FYNE
AX49F3PL
EHHFTHYE
ER3HMHMK
9WRY3WYT
MT7F3LR4
WHNHEFEL
HXT3K7TY
RLAR7NN7
HCMAXCNM
W4FAAYA3
RA4LAP7M
FYFEKHLF
A4F7LPWN
X9PM373F
3N93XKK9
RWTCXM3C
WWXTKP4M
NP3YCREX
NRKWNRRC
PXA7Y74Y
CCF3HY3W
KCR4A73F
PNF7RKAN
HKLXM7YC
F7YWTAPF
WMPELY7E
NWPR3P9A
4PT93C39
MMFF3KWK
TE3H49PP
44LXNX4E
XALMHAXP
HCC3437L
X379NP3L
9MCM7E4Y
NAARMNPK
RM7L79HC
PC4L73AA
N3NTAK7A
4KAFCKWF
PA9PPNWX
CPLRXNE7
LTEALALA
49E33CNF
YM4PRPE3
YCYLM7CX
WF7CRKTW
MCLNHN3P
L9WY3WRT
M7YWCCR4
979TMARW
PECRRFTE
R79RPKKY
LHHC33RX
E7XH9AKY
4E3C9TYT
E3A9PKK7
MWTYMCR9
4TFPRNK9
WKFKPL7P
7KHK7AKM
AKNNYHWR
7HMRFENC
A7NWFPRN
NCK7NKFN
R3E74W4T
PYWK39CN
RTXTRWNX
499LYKCH
XNH4M7MY
7WYMHE3L
YHKW9PXM
LFLRMEEA
4TFPTKEN
TLW4M3KE
REWNKNMM
LHMAFKEX
F3WERTW9
9ER9KLY9
7XPY7TPC
HW9FCWKF
3CYWM7MY
WT47ML7F
RLNNLMP3
YL4RNT9Y
YCLY3XEY
NLHWHXKX
ENLNK4P7
YTAEFR3X
HKEP7XK7
TALTTLXT
NRRAF9EM
K3WAHWEY
PMY7K994
4NRXKAKC
CP3NECHX
EMLLYEEY
7FYTACCR
CTAMCEKK
CPRHPW7L
YCWKY34E
PNCTNW9C
H3T7FC4M
HPAXX49N
9XMYKNPX
4WPCTW3E
KE3XNCRE
EPXAXFLP
RPHHHHPA
NEY774YR
WTEPKMPL
Y3YRTTRM
P4PRFTA4
N4XRHFMY
LY7HEAHC
XNEYPEEA
4ENECKKN
CMCXXTFL
4H43WXCN
LM747C4C
7ACL4HTA
NCCPL7XX
R93X9KA4
M479XTCH
W7RWW4YY
X439K7N7
A7CAYWHL
34KAHYWF
XYYAYWKR
RXTLMNP3
WFY9PWLL
EFFEKYRN
EYWE7YFA
HCHMXLMT
3TALMKLA
3TAP77PE
3KKHEC9T
FMARKENN
RWRNCCXF
XR7NH747
RFRPHKX3
HA7RKPMK
7WXLT44M
LHFAHHCT
HMNNLFFE
HYEYCYH7
7RWRPMNX
34WKM7NE
CHXM4TAT
W9R3AKKP
ELWNPELW
WLHFMKNW
NM4FFYE3
EM9EKLAL
WYEKX33F
XFTMKWT9
WRPEY9RF
RMHPKPRC
YW944AHY
N4EHFWRK
AKMANX44
FAL3LPXC
MPYLHLTP
RRELNEXL
9K3C3FXL
AYP44KRM
9RLRYHCC
39ATRECE
H7MPWEHX
PPLTXLWR
PREN7LC9
LKFXRCF4
R79YYHMH
7WNXLYY3
AN47RFN7
F3MPPLYR
FWE3X4L9
NMMWM7WH
9MKK3HTR
4CYMR9RR
973YN3WA
K9PX494T
MWNP37NL
FKNWFPKH
NWN7HWMC
Y4TYYTMF
XNK4NW9K
7WKH3RHP
TCKTHPLM
KPKAKX94
3AXXLMYA
XMHCNMXW
NNWH9EHA
KYFHKWCT
47WTM97H
3MA9HMN7
4MNPNYAX
3CX7YH7N
MCCF9RAW
PERYNMY3
HEFMACHM
KFC3HMMM
YWKXWH4N
HFEREXKE
4HPRLA9A
KEWAY3TE
TP9N3ENH
CALHTALR
49FFMNE4
TMMALYXY
4XW4EWER
E479FTCA
7AWX44EC
KAAKKH9H
ERE7PRHC
NMYKN9RP
CPPYENXP
ENL4WTRK
MPT9M3N3
7F7RHL9F
KTKFP3LP
R3HXF9AC
9C3CRFWF
7FMLX4AK
PT3YFAKM
FHPNL77T
CNCCTHAL
AL3WAEFW
73HHPEF4
CR9PKXY4
E7W4XXKC
CPAL7HYC
WANRAYWC
YYMRAWCR
CRTELKAH
KNHRKN39
P7M9EYW9
RYYW3TCR
X7MCHH3X
7L3L43P7
NPNAR739
9MA77MKH
WXMYRLMK
XNP9PMFT
LEERNCWL
PWFCL9RM
PCWRWRXP
REEY7MEW
3L7EHMKR
KFWXFRWX
T9MTMWHY
Y4TWWXKM
LWNWT4A7
M4NFT7TL
9ECKMW4M
WTMMHTR7
FFFPH9RT
ERKXACKE
93YALRL3
HLN9HHYA
AMFHHWC9
7MPYC4XC
W7YHNWEC
C4WXHR7X
7CC7RWR9
XFRLE7TC
49XPLNW9
YYA37LR7
PEHNRWNN
3PMHR9KH
KWCEP74A
A3ML9WCM
H4PN3FTW
CTYFYM9P
XWXLCTMW
KH9EP4P9
L9EYAETN
YE393TY9
MM99CFLX
F9434YP3
PCWKTLRE
AAHRTYYF
4YAPNAWP
K9M73AAT
TFPWRCFW
WYEHCRF4
RKC9PT3T
3TF9AM9M
YYAEW9X7
R3CPXA9M
P4A4FLFA
HKLKCPXA
XNPRRTXK
L3N3TH3W
4H7LRMMR
9R9TKLHR
CX3RTCTM
7C3WENRY
RWKKECL7
TN9YLKCC
9PC4ELLF
YKF4YM9H
CM7RN4C7
9P7KPPYE
9APECE4R
RMLXYC4E
X94P7WWK
WMT3CHP4
X3ECML4H
WFHTFRLM
9FAW9EFF
LEECLP9T
P77377EE
3ECPP99P
WLT7HHP4
9ACAMFTP
R7YHHYHW
RWMTK47Y
ERM4MC4L
XHKAE4PW
3W3WH9YN
AAXMPRF9
LWWKFTKN
RTMNC7X7
7WCEFH3N
7LYHYCEN
ETWPWERW
4L9YE7WP
WTMHPTKF
H9NXWYYY
K47MPXMC
PNYH47YY
X7T9WXNM
M7C9PP9M
ETHCC9CN
AW3LMWNR
NH7H7AEP
LK7LY44L
LNR4EPAR
PHEKRAPP
XFKAAPT9
YFMKYWAW
M3KPM7EE
FRLKNWCR
39HTXXWR
W7RRLHLN
H3PMNMYA
XF4NCAM9
CEFKYML4
H4AFYETR
ME4N7P4T
X9RTMMPK
NRW4W4AW
XN97KXPF
M9YRMETM
X3MNT79W
7HLH3KKN
XTF7TTTA
NL93LW7W
HA3AFLLK
KKWRNXP9
CKAF4WPF
HLTRRKCR
NP7YW9PN
WKTRA49E
FLA7FXET
NWRXXKEF
EP7YCCCE
E794CYLY
3F9XCAL3
ACWWNT4K
WLMW9ARH
CKY3WTFT
3KKC7N7T
43Y4HCHY
EYY3LLT7
7PCECY7L
PFLWMCHX
4EHT3K7R
MKA99HLY
3LR73ACL
TE9YRPHL
AWWRX4PC
KE9RAPYC
RWAC7KCC
KKRTPFRA
X7KAYP9R
MAX9HCYK
ARW7C7LF
733XWLRE
RPY47PCA
WNE3A7NW
MLPNRK3K
HXPWRCF4
LMKYAMLP
AKWXXMEP
X34NK4C3
9CPXNHLP
PNPR4MWH
TLE4KNXK
7HWKHPAT
P79WWKR9
PWCCLYXF
P3KWMFP3
KXMYYXT4
KRWCCPRT
YXM9KWKH
Y77EXAMM
P7RMY44M
HPENK49F
LXRC9A7P
9W7WKMR4
74PKEKMK
KFMP9EFL
KNARYYYP
7K3R7C79
CKR34NTE
A3P9RRYW
C7MYNCTR
X9XAMTNM
MHP9YMN7
7PTLMRYK
MLTPTYK9
XT9M4XCN
T77FH944
FAWYHYP9
YWL7NWF7
3YEAWNWE
NNLKKAML
MTHW4CA9
9KCHH9YF
33YLN4WN
9NPKLKRW
9HT9FWNY
KTATPXY7
37WNEAFY
7FMR7FCY
39NTPKTN
R3PKP4N4
ERKC3FKA
NW9RY4H9
H4PCXFY9
CYXNEKHL
ELPRAPNR
LR9RPEKX
RXLE7CLA
N734P4NX
PYHC7TEF
9RLYMLKE
RH99RH99
4EWYT4NL
PFHRM9TK
X744HHXW
X4TFCPP9
MK9RKK7T
XCYM4FN7
FCKNXTH7
TW9H4KL4
XLRYALNW
P9XF9EWF
7CFL7NAF
74TKWTMX
9L73YT93
99W7EEE4
E4KW77PH
A9RWYWF9
PKF7MXEE
W4YFC94H
MA7A9FEX
49TTRN4C
Y99KARHL
WNE7AAW7
H7LFWC34
MF7X43HM
AKAYYMHF
4F4WH7AF
R3XLKLTX
MLK394W7
FKCFXHWA
RHT7ENFH
XFP7WCMM
7TLHNKL4
HY4EWC7H
KPRYR4PL
EYFEL9XR
39FHMFET
WMWWM93E
LTWXLYN3
3W7H9TPY
EYP9RRK7
TEPRHMYP
T9Y43TWL
EKM3FNYC
WXANNPHA
74H3EHT4
MYER9XER
LNKTCTCE
NE7MANCN
K7CFWR7R
XCYYR94W
KNLT3A94
7ARTCNX3
PPY7X7NL
YPNXX3X4
PMTHKRXF
YAY79MF4
PFKHHX33
RHWPH77W
T7HKY3MH
FNWNTPNE
A7KEKK34
H3HHRKRH
7LNP9PRM
CAYLHRTE
RPAMWKEL
RKEC4F3H
WNF3Y3E4
H93F3TNH
WHWWNKWC
CLMMRHC4
H43WN4H7
TA47FHPX
7LX7KW7K
MACYN9YY
FTXC79KL
CCWL7PEY
4NYCK9MX
7KWNCAMA
XCT9HF37
WCEXYPKW
97EHLYHC
7HFMP9TT
RRFP4LAE
YFCXA3PE
RCRCWLNR
P3HXNWPP
E7L379AC
NXEC9M3R
3C4A9M34
WMPXYERE
KFEAL4MW
A94MFK3P
RHXYA9TN
H4N3XFNW
R4LCF9AK
3RK7WHHK
Y9A9HAAT
9KA4TPCY
CAXPCFLY
HW7NXYAR
MXTTET4E
PNATFXKN
4HMWKCMT
LEKTRMYY
H4TK79KL
XHKE7YXA
MKFWF4RL
YYKMFRW7
AW94LLNX
P4MC9CYA
TFHEYWYX
YWCTECHF
YXHM4ECC
WMC4TYHF
FWHENPX9
MYKCFLCA
7WHX34AC
4FPMFX9F
XE4WFMXX
X7LFNRFT
EFTWT9E7
H4YMNLCL
HKRE3KRE
PN9YHF7A
9YLXPKY9
WA43XC99
MNYAMNME
H7X9TL3R
WM7EKA3H
RYXKWERP
TM4KTCP3
4ARN7R9N
W7ETAKYF
CEC3YEMA
MPAWAK3N
RAHK7E9X
XLFMFHPR
WL9RKTHX
7YPA3HNE
XCM7AN7A
XMT34CCN
E7KFAHRE
KAME3FMR
KWLA7KC9
T3YTLR93
FME9ATTE
A39C9FKW
CTER3ATR
HP7MYFNA
C4R37YHF
NWAWY3ER
9H3XFL4F
RFWTWLR4
N3NNH3L9
M9XAAHAP
X97MW47R
PMEF9WEW
YC7LW9F4
NYA99TFC
NYK7KA77
ELCKPKX4
L3HL4WMN
NFRKCLTY
3ARKHMNP
CAX9KYNL
H439LELA
HE73F94T
H47PMPHC
LWTMFAHP
4KWRH3E3
EKKNCPPP
7KWXEHWP
LYEMXYXW
H3AC9E4L
9P3RP4TM
AWPCYXFN
YF43WEPM
TTCXNA4N
FTKK9MFM
47HTYFFN
APHER4FT
KAC7MKR3
KH9LE9HE
33EW3YC3
M3XKNTR7
3LWLAKX3
EXRFKEYF
CFEPT3PW
9EL9YXTL
MY4C9MTR
RXWAXF9N
TEXTKF3C
ALMF3NX7
P77XAEXY
NPAWRNRK
N4MFYX99
4H77EEXT
LC443A4N
K9XWPNPN
49AYNKW7
PRN9XXA3
W3WAX9XL
RHRXT9ER
WXRP97KC
TYC39CKH
L9LY3L7T
X3PLFPWF
ELLFAN4P
4EECX9F9
C3X3WRXX
9EPTEYRK
WRNKRH3R
N4EMHAMM
LRALFMFK
4H3RCLLC
A4WC4AKM
MMP999AE
RKPYNL4C
A4KWP39N
93RYTE4H
T4R34LCL
EAWHWLCK
4RPKTXEE
LL7LP3PN
NFHCHATE
T3LXN379
9HWLW33Y
WF47ANWL
AKPYR4KN
7KELMNW9
RCHPY3NK
TKAT4TFR
AYWPFFFT
PPKATPLP
LKTYNC9W
ARNPYLYK
LKR9HXNF
7AWMYXHT
3MLK97CW
7XKYNKLK
7TPN9C4K
7K3HNR9A
RAHA3MKM
3KKF9EL9
W94CMNRE
4TRWKCLT
NNFXARAY
HTMHCAF3
77CXHX4E
9WFEXN3Y
XWPW4A4E
9AF3N4P3
7AX7M7CM
WMFYLRPC
LYRXX949
ECCXTYFA
HCCKCFCL
XXFCW49E
TFYHAKTK
C47W73AP
TYE7X347
Y9NYYYF4
TK3XPETW
T7CAAX4M
XRHKYYLF
TK4EF3NT
F7M9NKLW
Y34PCRCX
LCCTCANF
YKLTWKCL
WHTWTAFR
NH7TNKHM
WRHLH4YA
YWFH4TM9
W3LWATWL
N3E9A7KW
77LPF793
P7PMTA4A
LECKEFEP
LXR4K7NK
NPF4A9MK
PML9C7PR
FENLLWNM
LHNYCCLX
4RNYMMAN
KEEKFKMC
N7ELHR7N
4WAANLLC
4RMKWLX7
LWPHHTK9
XETENCXR
TTLXH4HM
WTHELTP3
FFMY4FPX
MN3EWMNE
ENCWHRFT
RNFXM4WY
PRMCPCYR
E9XY7P7E
KLYCACT7
PLX9LMMR
CN7LW9MW
P4HTLEH4
FF3379PN
YHL9LNR4
YENHANLF
T9NKPLXY
TMMMCHRM
N3ALWYXW
C4FM79EM
EPLXPW3A
KEPYA4E4
TTFXR4RL
9PFECMTE
FCTRXRM3
FYMCTXW3
X7M3HE3E
KYHNPW73
3F7EWC7L
XECHCTF7
9H7XXHLX
77R9W4P7
LHNKAFLT
PTK4AMCC
WT3NW3NL
EHWA9HFT
HEA7RPFL
9K7HTMA9
A7NHPRNA
APXHF7FR
KFHT9NP3
K44T7PMT
444CXAR3
RX7RHT79
WXMFTRN3
79PACKXY
MYCECHTN
3C7NCCFC
LWTXF34T
4ECM4XHY
FKTYC3E7
E3N9EACH
RENPT73Y
KC7CXWNM
YKF37R49
CL9ART37
YATECCRP
XP9EPKAY
PHFKYKXY
PT4RXTKX
ML9L3XM7
XATFNNCE
74ENY934
CH34RCF9
KXAKNKK4
4TC79TMP
RN7PTLNH
LEHY9FK4
7HYXA4TK
7T9N9WPF
L93YLPTC
7HWETCR3
3FEYYEEA
WHMHR9EM
K4K4AMK7
PXLTEKP9
CPT3M9XA
7CR4L7TX
P3R97LFH
9TMKEL94
WXKMPCL9
LXN9YX3N
HKKMMNNC
NHXRRTAM
R9HEM4TM
WEWLHYME
XARHCHCA
9KHEPKW3
TFHCERCY
3MW3Y7WT
XYXWHMHH
EMNACTAY
MF9WWWHW
A39C3KH7
HRYFHXTA
FELPPEFC
AKX9HCWF
P7AY9L7H
3TEYP9E3
A4YAHCXE
T4LY9TC7
RFCL9A4W
KPHCFN7M
LEH9YLAF
7L7MTCNW
7NYM937X
7HLHTNKC
XTLY9F4L
KH9ANL4K
KTW37FPX
4ER979TR
E9ETCHPC
P4FFATYP
4LT97PKL
H9NNRM3N
RR7PRTC4
9A3LN3FY
MF3YF44A
ECMYP7TT
HKRT9FKY
RPYNL444
LAWRKFXH
RWT793FW
W7H4A4ML
YFA7K4LY
CXLXYMYT
TTTAM4P4
EAHWEEY7
KNFLH3NM
PH37AH4L
FHL3WYPC
F3Y4YY37
HE7CH499
XAAR7TAF
3RA4EFKA
3WTXMPXR
3W9NFRE3
RPRL44FE
LETCFEAA
RY7H7PAC
CFK4RWYF
WXYLCMY4
XHCXW7AN
HCCNEEPR
R7ETYKP9
A47WEK4F
RWEFLCEW
7CE7TANW
ENEHFK9M
M4PFMK4K
LLPA7E4F
MLHHEPN9
Y3AFL9R7
KPMNNYLR
WTP3HNNE
PF4NXXMW
7YMWR4WK
EEXETAYR
4FCPFN3A
4394A33X
CKMTP4PA
LEYT3HRW
RFCKKPEY
PCREWT4A
XKHW4T7W
KFXT9X39
NT4RCXCA
HLY7XHRF
ERL3ATW7
HNT3R9H4
KPKRT3E7
FP9PPK7W
ATCL4FPC
AHA3KAA7
L7F7MY9A
3F4XFTAW
APMXCM9E
AYNE7KAA
9TKFYFWL
LNAHFLN9
M9KYTYEP
H4F9YMWY
RMKFY7K3
MRE47ERM
PXLMFKXP
Y9EMR3E9
CPT49YAE
7L9N7KF9
MYY4LM4F
4RHNWMCY
A49YCFNK
LMCEX9FT
MNPLKNEM
TNYFHXR3
LF9EPLT7
9P3XEKKY
YX4RWYC9
WMYL3KE7
RTKYFHTN
94HWXRC3
WRNNX4CK
T3E37XAL
EF4M3AT9
PEEAYW4N
4FML7W7P
9HNKCP4N
CW4XFAPC
EKLFXL4W
RKC44KFT
9WYNAY4P
NL3AWXF9
N9M7W79E
4FRYTTA9
WF97MLWC
RWYX4NLK
9C9NCCRC
EKWY7NNT
4XAHW3F9
4F3TW9LA
WY97939L
MC3AFYH9
XPH3LRWL
NWC3TRCE
AXAKEYKP
C4FR4LCM
PTP4CKRX
4M47YELA
WLF4HMR3
4733XKXN
7PMKHEYE
WK3CCCRL
YAXEPKYP
3E4HT4EE
YLMY3L9R
RTX9WRH7
MMCPTNPW
RKHKL3WC
ELYACYPR
7H3XPERR
ERCT4ALF
CF3T4C9M
7EHLF4CR
MN9474F4
ATEANPET
3MX97MLX
R7LP7YYE
AN7HF7M4
HKX9Y39N
MY4NP77K
MYXYXRWY
FPTM3TK7
KE99RPRH
7TRMWE77
4TCFRLFR
MELXN9ER
FNTA7RNF
93REMPM4
CTN4MRCP
LTFRL3H9
E3WLREKL
RKAN4AFC
RKL7LH9X
W9NMHH9Y
WTTHE3KA
4NRPN4PY
3WX4CFEL
7LXA3N33
FL4CC3WL
A7MWLHKF
CHF4FWHC
XL4NFXKH
WNYNYXNN
39AAN7FM
3KPHEAN9
7XWNRKRM
3P99PXFM
XW4TXH3Y
KYM3RLT9
LYAMT73H
KYEY33RA
MM4HT9M9
LEW4A7KF
T9T3E3HC
9M7HC3TL
MXHPLLT9
PLK7CHN7
X49FC7TX
XP9MRE44
X3PYPAEF
4TFHPT9E
FRAAP4RR
EFWT9W3F
AXMNN34Y
AYNP7WAM
TN9AELLH
AWKRK7FY
PLCMLFFM
PFPPALYF
CT3YKECP
XN9H473C
XPP3FHKT
MYEFPP3K
FXRWCRNX
NTTHLAAP
PR4N3PMA
7LRE4ALT
YPM9HC4M
4Y34MP3F
TFCNHMEF
37LNMR7F
CL4XAC7M
M7KNNRPW
9LK4F7N4
4WXL4H4E
MM4HF4YY
RCM9N9YX
YLMC9XNA
KLXLCYNH
9WH4FKHE
L449L4RE
7H7ERFNL
9NFL44CH
YHEWXEMP
YL7FR4MC
YF3MPFE4
P7WE9HL7
CTN9FW3T
WHXP3AXM
A3RNYKNF
RCAACKCM
E9E97HNK
WFYHRXR3
RWXTXPHR
NATE7X4C
XXCKAE7C
X97YTFHN
RAKFCM4E
WTPWTEF3
YP4WH9LM
7PWEK3HK
C4TTNN9X
37C7KAR4
PTKLXC3N
M3X9RXFY
R4E7MXCY
MNXAK33H
PHX3M3PP
RAPNP9EE
XN7PCX3L
HRTKYRWP
MPRYFREK
XRMRLXNK
37CEPWKM
MC4W7N3R
4PA9AKRN
37WH3NFK
RTP3LCWP
HPELCHA3
7T9KA9HA
EPRWK3X9
NXK477T4
NWTNWHFF
4PHMWF7C
EH93YM7K
LXPHKTER
YPHP9TPX
EP4CLPLE
4ALPMX4K
4K7Y9MFR
KWHALPXT
ACR34M73
NF7EHRRH
Y9KLLMC4
YRNKMCWA
WLCA7MPT
F9W3LY43
439ML47C
E3KKHRYW
HENHPXF4
WHMKXYHX
EKXCNTH3
EMYRPKLN
4LFYFNXK
WMXX7ARH
LTEM4LAF
NMLXKN3N
XLM99LYF
FWMCM9C4
KERWXYHN
YLKEMNWN
ENFPYYHE
MALE4NCM
7LW9LH7A
4MTCXYKN
3EWRXXLN
3XM93MK4
KKC3AXKC
W97PWRK4
KY73FARW
PXN7NHEL
9RE4PY3R
HRN7YT4H
HN77HMHH
LP39KCYT
ATRXRPHE
EY7433LH
LTYPX43R
99W4W3CF
YY4H7PFX
PNFHE4A3
F4XC7LAW
AK73TW9H
9EHK9FLF
XMC4WAXR
7M9N4H9Y
PMYX4KTA
CP4YRPEE
4AXPTAWX
EWMKCR3K
A37H4KRH
3HPWT3AA
E4LHALPW
XN33KERK
CLTHKKH3
KAXHXXTP
MXNFA3TW
3PMW3RNN
Y9XRYN7F
EXAN79XN
CXMEY4M4
47HKHL4E
KT7MFTH9
7W3K73RE
KCEAFWTL
YPNACKXY
FHFTWEPM
TWWA3TFT
EFMERKAP
C7F7YRTK
ACRMNHLA
AWX97P9P
WP47C9EE
CYP9RH4A
4EYAH9PX
HXYCH4MP
FCRN7AN7
NFXK4XT4
NWKNNKFC
9M97FEYT
NYMT3PEH
NFRXP4L3
3XH9NTRM
ANLYH7WR
H44CKLTW
WFRTH9TK
YAX4KH73
NRACAFXF
K7PXRNTF
YTPLK4X7
9FAXNFH3
4MHFM9FF
C7YCH73W
E3TC3KLT
MFR4N3RP
NE97WXRY
NM9MP4AE
YKPEFLNC
CPKNTKTR
FHL3E7TK
XXXHXNK7
RTENPPRX
XWEX7777
KY4XMTN7
MWN4LNRE
TRPXPFRP
TX7TETMC
YX43HMH9
9WTRX4KA
Y9FXXXHH
7HE4F937
YHRFMAYM
WTXKTXWK
CKPPKF3W
CXPH7PKA
XWCMMPF3
3LXXCRTN
34HE3EHN
EE9FY974
WRHP4XNX
3T3WPENC
39TYY3XT
XYCRERYP
4XTHAP4P
HEMEEAMC
A477RELR
W3KY3ECF
9YTFTPFF
FK7YYYXC
3WRXETML
9LH4KMH3
R4YCL7PM
CEFLYYCF
4K9YX94E
NHCEAPLH
WX3KKT7L
WKNL9AWT
FYR4AMTX
FEEL4RPW
XCYW43KM
ETRW94EW
PMCFLFHH
YAW7HL9Y
MLXX9LHL
NWK3CCH9
44LCTWN4
3W94XEK3
7WEYYWHH
74XF97PP
MFRMH39N
PTAXN7AA
K4LHNNEF
TW9W43WC
RXW33FMT
7K3PYKCN
WM99EMCN
FT3WTXF4
REEPWRCN
KE7RFWWY
Y3FN7E47
7LNXFE9K
TWCPNHH3
3HAKX9KF
3CT4W9EP
3YK4RL7A
WF3FAAFX
34XTYYKW
NCEKHLY9
KEEM4MTH
FECTNWHH
YM4KXMLK
RE9CAW9E
EWMCW9N4
WT9HKCRM
CEE7YHPF
9KKNMNAR
K334NREM
NKNTCNNH
YFKNCET4
YCR7YCC9
9LETC3A3
RLFFMLP4
7EF3MCPP
K4ALRLXK
KET34TRL
RRM9WXY4
FYPKCWMK
RTWKMX44
A3PW9NF3
9M4FRY7Y
FLA93FYM
X7R44N3M
R43PP99T
R3YTNCT3
LWERA3C4
RMMKX3HH
ECYWTMR3
XL3WRYNT
79WMHL7W
CWPTWPTF
AEW4XLNE
RMM7NHF9
NRHT7F3K
XNYKYM7F
M9TWH77M
4NMNW7A9
EELC9RKX
XMLLXHNP
XHR4MXXM
A7LRR4MR
YXYTMWCT
YF9YNYRN
H7KWKKXK
AXRFAYWY
TFW3FTMM
L7793ANM
4XRAF9RW
RXTAK9TT
KF39RANY
PEHCNR9K
XERTK97T
XWA9YPYH
TKMWFE7A
NXFLLNC7
EY94YPTK
LPMLYMWK
WR3TLP4A
C9TTPM43
N4A7KMKR
LXC7F3PM
WCY93CCA
C9XPWWLM
7CR9HE3F
EK3C9KYA
RP3H9RTR
73N4Y97F
WEN4MLPP
E9X4WC37
7LLH33KC
4P3YHEYL
77AXEATX
N9HCLMR9
Y99E3MF7
F3XCTYFF
YPRHAC7P
A4MRXWWP
A7NNW434
HC7HKK3F
3MLAMRCX
YCNMMP4A
HKHNTAMK
KKPFK4C4
3RKPFEPE
XPX3P3EX
HRYA7MHM
99CNT4LA
4YX99MR3
39K4YWCL
EACTWCHL
9KEARPEE
E3EFYMRT
79E9LCAH
3HPTN7Y4
7YLFT39F
3E7MC3AC
WRL9WKXK
Y9MEALM3
FF3XM3PC
PF9FATWH
N9ECNHCP
FX3MMYYW
XM9EW3KC
AK4RKMYR
9HPNRARM
HKLH9YNC
P97CNACP
93YWAMNX
WHM3W9YA
TFTCEWNR
FNPCE3EE
T99T7A4F
TY9KL49W
E44FH34P
9TTH9ELA
EMCEAAX4
PRMHP3HX
NTTE7AHL
TX3AR43C
CTYCRKFK
WEMFPLPM
7N4FTY4A
47RKMLHL
4CWTEXKP
MMPLL74K
K9N3YM3E
YA9YPMN3
9LX3RM4Y
73A9KPCN
TRLLKMMT
PL4PY39F
39WL97KH
FXC77KKN
P9M7LYX9
CH4YMLRE
WMH7TAFL
PX9YHFRT
A3KHPTNM
4C9NMTNE
LYFFTK7C
EH7RTMPW
7KNM73A3
3MWXWFNN
49PPWELC
NMN47PYK
TKCTMKR4
FNA37AAA
3HHEN3AR
7H4ALHP9
3PEXNL39
9KYMMYYL
XXE4XMXF
XK3HMKNM
CPPHWRKF
4WWYWXXE
4FXRCP4Y
PT3CFHEP
FP4F3XXK
LKHFFFEE
3L74KRPE
9XEXRA7T
W7HHLYC4
R9K7YYEY
RP7E4W3F
Y7L9LTCK
9MH9WLCR
MHNTK3MA
PAKNCX7H
FNE3TMH9
LKE9YMCP
NHPTWRNA
LTT3TKNR
34HPPPXX
CPNNK4CE
99AEYAHL
97CAMAH7
XAP4NXX7
XEACXTTX
WWNWH7F4
XRKMMCHT
PPXHEXLE
KPNHC9RP
CPNRNWNM
EMKMCPM9
349ATF7X
TREMW9HC
WK7LMYEH
MFF7PYRT
FNXTTMRT
7FPMM739
EWYEEH9A
L9ERCXXC
XEK7PHYF
4T9Y4NHT
H7XAY7WK
WX99YWAT
ERR4H4NX
MPRT9C4M
RRXATNAE
H7NHWEX9
K34M97NT
RKKFXN3H
N9RPWNK4
9X77HFXT
FMM33X3K
MYMEH4N9
MFEMPMH4
4FEXNEWH
MC7PMXPT
HNAN3TEX
HRCRCH77
X734XR9R
YHA33AFF
CFYEARFN
NXECA9LA
NNPR9FWR
EPHMMCPE
NLALYN4X
94RPHKXL
9YYLTX7N
CPF4TXAP
4MYPCH7A
H7MN3TH7
XRXC749M
M9LCKC7F
NWMKR9MH
NCRLNE7M
ANYHL4HL
FCMY3WTA
34NRYN43
HKWLERCY
7A7XNYCF
4MRR4K43
34EHXXX7
9P4N43PL
CCX37NNE
LH7LCE9M
CEPPYPWM
WCK7TMNM
XATLAY9N
EMWC73LF
H39AEMYY
NFY3FR34
7P7K9CHK
N7C9ARTC
43R34YRP
RY4T949N
TCPFENMC
HM33LPKN
XPNEMRXL
X3KKFHEW
9EKKLEKR
CNY49F3Y
TM7N7LRK
LE7W97C9
XH4RMX4N
9LW37MEK
RENC4E9N
EMK3H7K4
H3MEEA7C
7TETEE4A
AHA4MEWN
AWNAYE3A
P4E3XHFR
FMNMMHYT
4339RFNH
LEPCL4KF
KA94PEPM
F7XKHATH
TMLFFH3T
HNHCRHC4
N7LH9YHN
EXFW9KRL
C9RKHT9E
M3MML3YT
NN7K9TT7
WCALMFL9
WNM9RNEE
FXNLF3CR
9CHL7TKX
NT4WAYE3
XXM7KHC7
TWKNMM3F
WNKNEHF7
9NTTWTKY
CXENHFNH
YXR3HFYX
LPTWWH4X
YYYKL3KK
NNP7THR4
KHWNWXMN
EMNPK7A7
A3W9X79N
NHC7MP7K
33MNNWF4
WRKECCRX
9TAPX3P4
TKTKYTP4
YFH4R3HH
MPTNEXNP
3XWFWP94
XW47WRPT
REAREMHK
RMTKXKKX
L4PLT97L
W4LNA3A4
9EEAY7EK
LN943XHF
MTWWC79Y
N3WXW7ML
HFMLPLT9
TPNP9EP9
LR347NEK
AH7X97W3
YN9HRTWX
NR3LWWL7
WY4TRNPL
LKYKNFRF
RLM7RLWT
YAPFHX4T
XM77CWWP
MRFP3NRM
L73YMW4X
4HYNPC7W
EPT7MC4K
F4KCE4MF
WLRPR9MC
FYLPK3MC
XWRPN9X7
W3XLMW9T
77AXXRN3
4CM3EYXL
NTK3F9PH
NETWRHWK
LFYARR4K
K3NLLN49
NFMKTKYM
CXNPWR3L
9LR9XE3W
3NR37XAL
MMH97H4E
AA74FCWY
HXYT9ETF
9MWEAMY4
LLKMMTNM
FRCXMARK
CRKRFMTK
PARKNH94
TELYKP4M
M4LK3W3F
WLY4NRF3
4X4N39PK
33M9MCCN
4K337RRN
LLFC4TCT
74AY7TW7
YRFKL44T
WPMLWWML
9KEM9LA4
L9PPKA3N
3KHEYANT
MYLE3TF4
R9ELTTC3
FX4R7PPN
WETNX94X
PKT4K4LK
7CCKF7KP
97X34FXX
NHF9N7FC
Y7RCWRAP
LMLPMWXE
YE3KMNKK
AL3EWRTX
3E7PREEF
LXXYFTML
9NMN4LPM
F39CL77X
T7LKKK3R
CRKY3RWW
KAWN749E
HRHFNFHH
7HEH7MRE
KXPNWYHP
NXHWCPNP
4HEYFFCH
CHE9KYE9
4PER49CY
4C7MAE93
TEKCX33X
44KMATM9
T4CTTYEW
CWNHNWCR
MTKKEEX7
L9RPP7X4
AKWY3LMN
HCWKEYCX
CL4MCHEA
M3AHE77T
9CKNF7W9
K37TXLXK
9WEXCTKN
LCWTYRCH
NAM3XXNN
WT37YATE
7X97YNWM
TC34YAYF
FEM7PWAF
7MMC3EAY
7LR7EMXH
LFWEFYNY
743K4M3F
RR79CH7Y
YPXLXCMR
P4F93L4E
NNTNNN39
PKMCFWWM
HKLAE97E
FLTYPK97
ECH7H4XY
3NKWTW4W
74734W7P
RXHACAXN
MT3TF7CE
RRNAXFL3
RT3KC97R
ERLNR4MK
F4CKRNCM
3K39HPHM
MXC74RX4
NRHMTW3L
WLKY4LLY
F9TMLECR
CNCXEX4M
RE9RR3FM
FEXK79LR
PH7WTY7H
ET9M9TPE
MC97CEYY
FKHLA9CH
C37LYTC7
3CFPF9LM
NAEEXCEY
ERCRKXEM
L4C4994E
7K93MKT4
Y44RMXLK
7RE43EPX
WPEKLE3C
KPCCC4CK
C4NPYPWW
PXNK7L7N
37NE9ERT
A3WYH7LY
T7A4XAXR
ELRXTANF
NH7XTYAP
9HKATYCM
MWPLFRKF
PP73KLKM
3E3ARANM
KPTRALTK
4WTNWNT3
RHF3YLM4
ML4ACWEK
CAK4C3NE
HNRWATAX
YMFX4PMH
7MTEN3AF
PECW9LH3
F7HNLTA9
KXRKR49H
9NNNL37A
TFRHLY9F
TE7NCL3F
CMNRALTF
P79WM97E
MNPHMLRT
KYPAM7XN
3KXXHTC9
RWW4LH34
AWY974XN
TFMYKWWA
RA3E7PYT
YTNNEPY7
E4LPFNTA
APWCHNWK
MYFRKA3P
93YRHC7E
44CENF37
RY7RELYF
K34TYCN7
TKYHY7MP
3EH9RPCR
HREHNWFX
C79MHM9F
W3RMLH4X
HMR7NR43
WFFYW3YY
YWWCLWRC
TEPKHH7L
9EM3Y4PK
44LCM7F7
3TRAHXTL
FWPL3RTA
97KREA77
AR497XWX
PPN774FY
MHEPTP3H
M7HNPYPW
RWFNX7LH
PMYAWPFE
EAC4K473
ENKFKFXR
347YXANX
YYWRCRAF
9HX7KLNA
3NKKTMT4
N7NHLMK3
4FNRKW7L
YW3CH43T
A7YF3PKX
LA9HK3LA
NCWK4Y7N
M3XEYFRC
R3W3N3TC
XYFR39N4
A9EL794M
9TCKNPW7
ENKNLW9H
KHYWX7XK
9WXA7AHA
93P3APHT
PEPLM373
WMN9MP3C
3RF4P4CE
YHH3ARLE
XRLNH43X
7TW4MTAW
A9TRKAKR
PP3P3NCP
CN3EAFYA
4A3E43TY
XKERRHFW
T3RTXK43
PAKLYXHL
MAYRAY4P
KCLHTXPA
9YEXPXTH
WK3CN4XL
KA3Y9FCT
MHKM3NHP
KMW4PYY9
FMNC7THA
7CY49F33
AWWLRRCF
KA33NMMW
Y3MER9L4
XEN3TXF4
AYM9WYWX
H9T4Y7KK
PK9YXP4K
LEFMAKTY
ALECWKEL
HWC4P73H
4YKXH7HP
XYLNKT3A
4WE7XM7M
KTHNXP49
TCFFFC93
TFM4HFNN
L3MKL3EF
XCEYP7CM
C94LAAXP
F97R44NY
4R9RR77P
CAN77P3A
LTPM7AHL
WE4EYCLL
T9NMY3KW
AMMYNHYP
4F4R3L7F
F4H9ACL9
A99HY7WH
KTTYKHT7
WA9A94EP
TAT4EANT
NKWHXYK9
CRRLAXXF
FCKFXYFA
99XNRH3C
4P3H4X3X
TXFWNM9C
NNNLLTKP
WF43E4RK
YE7EFKK4
LACPC4TK
FL9M3HLR
W7RPR3XR
4KYYKFR7
733YERLM
TEAA4FKR
EMLA734H
ATYLWTLM
3CRA9RAM
79YE7FR4
NC3THTWP
K9CF49T9
YHL77C9T
RL7H7RP4
T4KTMKA9
N4T3PYHL
4MA3XM97
NHC7Y4P4
RLCY3HXR
NTNE9YXW
AM9KK4LM
CAA9FWT3
7FW4YKXR
PFX7MEAY
R9KM7Y93
ANLR7AFM
W79LN9LL
77WA4LLL
LTFAHTMX
K99HPPWF
RHTTM4RN
Y3P73WFN
EHFETMNA
NLNAN79M
9YWF7M9X
N9MHCNCT
CN4PNALH
YEMEPNHY
XFEMN3M7
HHNHHMCP
EM4393F4
94A47XNR
93NCR9MT
F97FK9MH
W9PF4CWR
X4ERELNX
4EANPM4N
YR374M9W
MC3LK7T9
KWHPEF3H
C4LNXYYC
CWEWWTRL
AAFR7TFK
LKE4FY9K
3M9N4PK7
99L3FXWE
RF3PAYAP
YXYXWH7L
E34TKCXM
RT9E9C7P
F93RKPML
NKTYH99M
NRTNHC33
9YFK7T39
WFFTNHCA
THPWNY79
HMYWFR9C
NAM7CKKY
AFTPWTYM
HH77FY34
3XR4KNPE
CNTFYFYT
RFXP4N7C
TRYYFAPF
FYRC9K4T
XXF9WHLA
C3EPYTHR
9CXFW7W3
3PY9KXHL
93KXPHPC
RYYHYHEF
K4HCNN7H
9Y7F733N
MCHLKHM3
RRPHTE7W
TEHMCN9C
FXWPLNX4
A7XHPYHC
77EYRHLP
CTNFY47F
YKPCCK9Y
FYXCYH74
Y3TYP4HY
Y4PW4AFF
FCLHTKPX
KMREYWPN
9M4EYFFF
KXHTE37F
E7W33F9W
7HPCCNRE
CNTMYMC7
HMXH4EPY
THHC4K7R
FH9KCYMK
9T74AKXT
NRYX479L
TAHK3MFX
CF9E7EKA
YHPN4XKC
7FFRWXWN
C3H4TTCL
KPXRNLRE
9RNX7REN
4WTNFLXH
7RLTA439
YMAAMP4E
Y7REPXA3
WYHTEH7X
YHHLRRF9
N7ELNNMM
RRWT94PR
W7LXAWKM
KTAXEP7F
M7YKMR7F
FFARNAAC
M4P49M4H
Y9TATNTX
EM4M7RHT
H3YP7T7Y
WF4LKYW9
4NLAYRHF
M9WETNLH
N74PPKFX
XEMTNRAY
CRYEPW94
P3R3KNMT
MMKY9X7C
93HY7ATH
R4FYFLEE
MXP773RF
4HXWKP7P
EHCX4MYR
RK9HYLWX
NHT4R3MM
H4H94HRR
9LR3HCTY
4NP74MYK
43CNWT3M
3H9YK3T4
9Y93ALXE
XLRLXHNR
9PF9734L
RE7AMMKA
FWRWERRA
MCXERNLF
A3AYXEFW
7E7NXTPT
R9WK4R94
YNTMCYAH
TKE3FFR9
NCR79HT3
P7MXLLHH
TTP7A4AF
HRYPMKMH
EXWRTARY
CYYKM94E
3HTPPEH7
CFXMCLKC
ATCPTHYT
WL74XXXR
ATFHWW9W
TTK977FE
KMN4AXKC
TA9XXFHF
9HT3Y7YH
XYKLAYLL
7PHFE7AX
R994PMR4
WR3K4CCA
C9XTHL7P
FFTE99M7
KY7TFPKK
FCH4WKP3
3XNHANWK
WYFTLYY3
PWNK7KP3
KE9EEFXP
TY3MT94P
R94ETLMX
RY49YE37
XANTPKCW
MHL7ENMK
T44E3AEX
33ERT4LY
TLTNTMFA
HLLCFMXT
3L3TYPHP
XP9EECHT
49XTWRN4
EFM7KW3H
NPXHM7YM
99R3YTXE
4TREWNR4
LKFR4F3F
X9FRCX4F
M4FLHYL3
XKK9TX33
FWAWYN7X
PTX3A3TP
HWWPANYF
93933WTX
NMCK7T43
N9AXN3XM
4KCWALKX
3FTYM9YT
A9A99NEP
PWRCRTPK
TC797NXW
YM37R3XR
HCTLW73F
CPFLTYE3
474XPLT4
93HETFXH
7TL3KYEL
LFENTFE9
RTAHXFWC
7X3NX4PF
NPXKTEW7
CPKY9KHE
XYYYXT9M
9WMRERYM
FYTY7P47
F479XK9T
HCXN3T9T
WXTTA47R
FLWX77CH
4AXCLHL3
LWFT4PA7
K7W3RYYC
NRR3A4X7
MLMHKFYY
PKA9NECX
RE9EF793
W74AXH4H
CMHF4MEC
3YHKWHPY
C7K7CAAT
RX4LNFT4
MCWXCN93
3YCK3N77
9WTNTPWL
TY43WKHL
XE97RPPW
LRRK34KH
M4HWHKPT
3XN7N37R
TTYE39CP
CMHLC7PR
7A7YXPM9
H7HXKHRC
WKCKF3TN
P3YYAECF
7FHW37FP
7C793MAL
PW4YTR3P
Y7YX9EPN
9FAX77FN
H7MRXXT7
CLTFMY3X
TNTPHANK
3ACKNHRH
9AMNAYEL
AMELCWAC
CHACARFX
FP9ECCYK
F4HFYFFA
XYEPYPPA
3YPPHCT9
4EPKE7WF
NCKWK9NA
3WY99X3X
EXRFM7AM
EC47WWTH
FC7LTHAH
YCH9MHT4
YLPCETHW
PAN9HLX4
3PT4LRC7
7A79K3PM
HHR3KA9F
MWMH3WFC
RFKATLTT
7RHMYXYT
KTYXP79F
TMHPNWFT
PPPLTFLT
477FLF3Y
79XA3KFN
ETEKPXAF
WMMY7N3N
T4APY9RE
FKH7RHMP
CTFME9WP
HRYTTFM3
7KWHFFWH
9KR7PMTA
WHKLPCNY
3PYCRYMC
MF3WTRPP
YXH99YWX
MRAY9WFY
3AACL7AR
W4PYRX3M
43ATLRYN
TXY7PHPF
LF7KE9YN
TNFH749K
49M9E9NM
AE3MNR4W
YKECWAFL
THHNX9LH
LFN4YRRK
W7TMXM4P
RHMH7FN4
4RNLN4A7
NRAHAP99
FKCNRKXA
MNW3T7P7
A4W4XA9N
TEHWR4E3
RMPAP7WM
EXKR3KFT
Y9TT4WLH
4EX9NXM3
74XXHRR7
PYCLACRX
H4WFW9C3
RNY7XWF4
YW9E7L9L
YXR4KEPT
4WAYE7CE
NMFWCYXY
M3EWXR9H
7EC4EFCF
4NCAR9TT
HM9Y74LC
CTW7MFFL
EWRPAE79
NAE9RHAA
R9WPRCX3
M3NX4RTN
FYNH9HHH
7XMXK4NR
E9KE7LML
HAWFW7TA
KELP47MR
MYAYHPXY
H73WXWKM
Y7P9YMNN
3XCWKPRK
9RX9K7A3
EXC34L9Y
M43YXKEN
NCCYXTML
FN7NAN4R
99H9WE79
4PXNEK9L
YTR3XWXM
YKHYRYWL
XLLCNX3E
LRAPWHTP
MCXE43MY
3F337NL3
MXMRCTYW
EYXETR97
XM7ER3C3
XX39KXMM
R7WYFNWE
C3L3MTE4
YELWH9LY
3FNXPHW7
PTNTNLTN
CRMP3TMN
PR3P4XWT
NKFMW7MK
T4YN9M9E
NCXWMR4P
KPFRH9WW
K3M4P33N
NNFN9FCL
YWPMAKF9
94W73P7Y
LK7L3KEE
HKN7NANK
NACLTLFY
P7CAA47P
KXRHTWHW
TRTK7EKW
RMRXYX9K
4WFM77HP
PE9EWPA3
NPTTHLHM
HYNKCHNY
HHPWRWFA
EEPL3TKA
4TY9ETXC
PMYPXYNF
YHWWWHRM
4NW44TTH
L4M33THK
FE7H4YLX
7KTA9CPA
PWTR3NFW
FLCAKAE7
CNERWEFW
7H9YERM7
W9MLWKPY
3HRXTE3K
TKWMLCRP
P44FFXWP
CHCCNALE
9L4CMPR3
YM4PR79C
9HAWXEFP
L7NNMN74
MX4XYCPN
R3Y4477A
P9L9ME4P
AHPMTY7Y
4TXPCXR9
MEMWY9HK
744LFXNL
NXA94KMN
CXKYCEEA
RHHEARR7
E7N9MP37
A9CYXK9N
WLWHHYNR
AM3F93MM
LX7CAHH9
3EXETEWW
YATRFA3M
7HK9AN9P
M4AHRECN
L3CRXHCF
KAL4PRX9
WHRPCT7R
HEPLFMEP
4NXERF3T
XRT7YTNK
HHHEY9MW
74CC9KXE
L4H9RWXK
93KHNFNK
HWRTA9PF
NW3K7LKC
7WCPN9YT
ER3X9TCT
YPXLWYCF
KRNXTKHA
PYEXE9RX
Y4X3CEC9
WPPXP4RL
49TF4FX4
LNNRWK4C
YELKT3PR
C4H3XYKT
RCLFT4YN
4P34PWE7
4C4YLAMH
FEK7LCEY
7REK3Y4T
NRFAACY7
AK7AAMRF
M9YLR4M3
777RA99C
7YT9NXF4
R9YELF3P
9CHMEK3C
CNTPN4KY
LLRCRTXW
ATXYEKKM
LX94HHWP
YX7TPXER
4733TCAX
XA4L49RP
3R7ECA7T
TFMC3TXT
YRMRMAF9
YLHAKX7R
XHXM77FX
TXAREXCY
WPM9PFK9
FMWEMCPF
NNLRNWEM
K4C43MA3
H7L7RRHW
RYNWYFYH
N4CK4RC4
XNWR3Y9E
E3E4E7RL
W7PHKM43
LLCTPTCH
EKMLRRHR
LWXFXF97
AEWYFX43
N4FTC7MX
XEY4XTPK
L97TFCW4
9H33AWH7
97TX4PML
LML394MT
79XT4LEE
4PCKKTAP
4XL3YMRX
CRT9L4LE
NAPNX3WX
TKWNAM7P
PHC3YCRH
PLYYA4YN
YT77KYR7
C9XHKWFE
MA79KPHL
9WPFM4EH
WLX7YALL
TNWWCPRL
9RNWR7LL
AMR9PKLR
XPFR47PR
MAYAH7HH
LK79LF3W
ML3LNELW
RNH3KMKN
3MFH3XHH
WNM43LT9
H9CCAT3X
RXXCH3C3
KNYRHNHX
94FNK993
NWPP49EH
WFYFYPCC
MNAEPYEA
9P49943W
PCCN97EN
HFE3R37E
4T44TX9X
EF3XK7WH
WH4PXX47
XKWMR7KX
EWL9CRXL
FWMPH4AM
ERAYA4PL
KTX73AWC
EX97WT77
4334AYF3
MHAA34LY
PWNLFAAN
YHL77KX3
KFLRPNTC
P3P4XWYF
TPHCKCFE
4LN34NCR
4N3CCKLC
F3ELWM9E
PFTFXKX7
PPHXP4TR
NNXWA9P9
7WRWTN9T
KH9LNM7N
W3P997TE
CMYKM4KL
WKR4TX3P
9AC9CPW4
KT44MWMA
HACRCWPN
CMXCCLHM
3XNLLHRN
YW3THX3Y
EC7FANY4
FHXMRMFF
E3CPMFWK
MW9P74RT
KHPNEL47
3MKL34PP
LT7YE9MC
R9MYW4AC
TAHTWR7W
9WACWET3
YRMT3KWC
W3EA9MHT
4N3K3MAK
P9MYHRRF
LMK739YT
YFTEKRYP
ACRPW7FE
CA7CNYCF
PNKE3WLF
393NMT7E
9FWFNW3C
E3TTYFH4
H3LKXEPK
E3W7H9CR
9AEC34KL
WAXFTANR
LCYH4RW3
C34CYMR7
WX9FTYM7
AC4M4FFW
WHP4WKMP
4C73CMMT
NNL47PXC
3T3RA7YA
4PK9E7MK
TANCY97T
9NYXRCLW
3WE3TNW9
3NYY9749
PMEYP7AA
YYELC74W
WPCKF99A
P4MR9RWH
PNC7FRHT
4EHNP4PE
9HFFKHCK
3ENPKC3W
XF7AKAER
CCTT3RE4
FLWPCEFP
WNXN9HK7
YCKPK7MF
7Y7THK7F
XA47LNPY
7Y7LP943
RKNET97X
AR3MMTC3
LLA4XYKR
CHFHKWFF
PKLATAFC
LYWXLXXN
PLNXKK3K
NKMWWYKT
NMTK3LHL
TP94PCT9
A7EC4K9C
P7F3HHK4
7FLECEYY
A9A3E3H4
LKKYTRAW
T9P4MXTN
HK9ETCA9
YFWNHHYA
EWFNMAM9
FMA4FHRW
XMALNTWX
YPARWYPX
9FWWFHFP
R4FKPYKX
F3HWN9AC
PT4NNYYK
PKWECXAC
TNCE9REE
A9AWA7PN
WXKA4PXH
L3HFKW3E
F4YRTK49
T94A9FK9
7RKK9NKW
E4YXNWWA
AANE3PEF
MRAYRWYN
MXPKF9XR
Y4KY9MXE
MMNELYFF
3KEXFMTK
ATLHRLL7
MHFNALLF
XLNWFP4A
NTH39TR3
LELEEFFT
H77R4AAW
HAHKMT3M
9XLLYAKT
YKM9R9MA
4XCTMC3T
ALKF4NMM
PAHMFNF3
HWNMW4PK
TKRKNMET
YM9NPHC4
WPRK4KAC
YRWNTPMY
H4AWWATC
FLFTELYH
C9XPRYTW
CE4RN3XY
TRFFRTWL
WFFH9FMM
K7MRRL4L
MWE79TET
FEAEYM7T
PCPMHYHP
E3ERRYAR
NLXEAYT9
474YTPE3
7C3KAPMP
EHKCMFEX
RYRPNHPX
YC3KTRNH
9M3Y7AF4
XL77MF4H
H99TWTE7
RNWNMYAL
XY944CRC
KPMEWEMN
XY4WHXEE
RT3TXRWW
FC3XLCXW
FN9RL9AR
A7FE39FL
XWLEMFXH
KN4HALER
HHWXXPL9
KAP9WA9Y
TXEXPXKA
TTF7KH3L
4TN4N3N7
AYMAYTM4
FFLCWPAA
A3WXXFE3
NXAETXXE
HTELRERA
WTECAYWN
ANMFX4LL
WPKWMP3C
7LPFAXEM
C94XAARR
FYK4FRYN
4ETRHAML
RKCYALLT
3C9MALR3
YWM973HN
YXCMYRT9
LPMRXENT
9KAFMRNP
73A797YN
34CKP73F
CXHC94CN
3HAEANL9
7W3KFEPE
L9RNTNTA
NE7MC3XT
PP4AHKCE
PK9ARW94
NMHKYKT3
YRY4E4L7
LWFEYHTC
7R3TXYMP
N7XEATMN
CLM7CA9N
9WTL3LYN
4HEYKRXH
HYHA77NM
E94TF4CW
4MYKTLNW
77XFNYR9
T9K3EWCY
RX4H4WMY
AT797XWC
AKT9T7Y7
MLMMY7TC
LW3PXFTF
9L74XCEX
NX3RHCCY
TYCWH99M
3CF9RWWY
AEFL9R39
W4E4HLXN
R7FNKEM9
TELFHTYN
EMPYPMCP
4YLKAXF9
LHTYRKN9
F99NH34F
AKWHYPKF
RR3T7CTP
R9YYC9ML
RAXPTYTT
HF7MYNPW
MEKFP99W
7WT9MPY4
TATE7XKE
AAEYXCFR
HC7NT9Y7
MFHCHLNW
NFLRE34X
EMXK37KC
WFAALE4M
A7KC3TYR
TRFCWAFN
NLCRW4EY
AXHMRAX3
CHKY7FWK
T9PYK4XP
3TETYA3A
AWACY7XN
TL7RW3TM
3NXY7N33
H4W7MXYK
AXMF7L3P
37AP7CKL
TRXTAFLY
NLW7LW7T
7L9CTTWF
E7CLPMLF
E43MC4TL
FTR4WAP9
WHE3RKPW
CYW93EEM
NCTPCHT7
H4PK3NEN
FCMEMYMY
XEM3HCYC
PC7CPTFH
NPM94MPW
FE4KPLR9
3NFCW9FW
TTNRY43Y
9TFA3LRH
NFHWF9WF
X7TKELY4
9477MXM4
9H9YRYEX
YWC3EEC7
LRH3CMYP
NT3WAN4A
P9ARXMAC
RRTWCA4T
A7PF3TRP
WFNTHEMX
CYCCMAXF
W39RNYW4
WEP3H4PP
EFRHNPAM
394AK3XE
39FMKCCC
3CKMFH4L
RNANCXTH
ENXNF4WR
MHHHXRCY
ALYWT9PH
WP39XMM3
ATLNC7RL
EPAKFF9H
AW43CEF7
XR9A9KKY
77WCRMEM
FE9WATWL
EW9RN7RP
4KXA9WAF
MAL3ENFW
RFNEM43L
K4MEXRE4
4R4HAMCA
AREWY3R4
HFLCLMW3
NWHCPHCF
CXKYRRTT
MF9944NR
PE397N44
ARMY3XY9
KXEFMAN3
NFWA3PCL
P739E4ER
MRXCKRXM
LR39N3AY
PLCA3HAK
LREE7YYP
CHFP9WAT
4KFM4LP3
N9XWYANE
XYXMAMRM
CRMYLC7T
YMK4XYNA
EYLTKXME
NEK379CA
HK3P7HC3
E4K3AFPM
TWMRKNRA
WRAH9R37
RNEFTNRY
4ECY3PM3
TYC47NEK
H9CWWTWY
TAATYNWY
3ML9AHWH
3RYHHNXM
E4FE74WK
XXR9YWRL
RWX7ML9W
CXHRWCK7
TTM3HH47
ELAY4FXW
7T4MCWFL
WTEEPRAX
TMWCPP47
7NTKE7CN
M9YRXRCY
WPEFEH9Y
C9LL34N9
CXN3CNMW
NPTANCAN
YHLEAW3C
TK9CAYAR
HMNPNTTK
FNRPAHM3
9AAAYN9F
WNL7ACXK
YEL4KACT
YLRAE3A3
NPT4AFME
EK4CWYKM
YL7L7MNX
HWNHYT3K
K4CPKKTC
NCYLCHWF
KELPHN9K
HMNEPALH
EEA7CLK9
7NEPX3CX
RMFHPRLH
LLRARR9M
4FR7XKAR
HRKFAXHK
PXM97WC4
NLNXH3YR
RWCETLTP
H7FT4A7A
9PC349EY
HLWNWXCF
PAANKWKR
MKATTWRC
TE3EYLL4
LEFTC7NP
A3LL43KY
3RKC3PYE
X4NTLCNA
7K4AL4XY
TLNF3W97
MELHWPPH
WR3T4F4W
YMRF4L7A
XRNCNWYR
YL79YC7L
FYHNT43L
EYC9TCKA
XMCLMKP4
WPWAMELW
MXC4RW3W
CFECH4TH
P3HRX7KY
HH7C7P3P
XFRLRCN4
MC7WHC4R
KE7E9E3A
4NYCPWF7
AHHYHPYT
4R74NLCP
XPRECLLM
MY3PH33P
T77XCRHW
XR7NKPTH
E3LLWYRC
A7PWYNMN
RN4PP7RP
ME3LYYL7
FFMPRTHA
T3MKCT4L
Y7TRYLAM
R3EH7MNE
HYAAXTPA
KACXRKL4
WRTRYLYT
M4R4ENXR
LXC4YCRY
R3EXMCME
AMNY3PXH
3HK3LLAK
NAYA4H7M
CFFKFMAL
YYWY3NLE
XYKHLM4W
YRERNKRK
KNY3TTNX
4LMPHLWT
F74ARC3P
R44ETAMP
NMRFRMKH
CEWKAR4A
RMCA9ATN
FL4RTMKY
ARY4LH4T
WP43A49Y
APMEN3KT
3HA9FLPC
P7R3LECL
FLFC4X3H
XAKF7CRY
MPWWFC9N
Y9FPAXMK
9KL9WWFH
7PFHWLP3
37P7KYFE
T7XMFN33
AWHCHH9X
H7X77MT3
AHYPAXY3
RATWAC9P
RWF3FNE9
EKLRRY49
MWNEAMYY
C7PCH7YF
WCYLEL3H
9WPWM9KM
3N4X94EF
THHLMLHL
HPLPYPRN
PYHR3FRK
HLFPETTM
YP4HY94F
MNEWTXN9
LRHXFFAA
MWENNXYH
4PTANKAR
4M9PAL47
NXNLY7C9
TH7R9YPN
ARFACA4M
WWXEXLEX
C3YNX3TK
KE3EMNTR
N7P94TPC
YWTWYLPX
4W4LTTWY
CFM7PRAT
9P9RFFTE
3RMNLAR3
LHC7WAEW
4R7A3PFL
RF3MW99X
PP37WCLH
93HA9TKR
MTF7PC9R
RLXRMK3R
TPK9XMEN
TY74HW3H
73KPWY3T
ME3YC9K9
74EW3AH7
747NAKKC
NAL7MFTA
T97TRRHC
H3ELYXFM
WH9PELRM
YLNETNMK
AYT7ENE3
TRR4CRLN
AEFYFXLL
Y99FRY9W
733H4RCN
7CLCTTEN
3H3TW4AR
FX9MMHR3
RRXEYAX9
9E4CC9M9
3WC7TFKC
FRXMCNRN
PTX4LMCE
CTMWFHHW
P74K7FAN
FP7RWCYA
ECX3NE7H
FLF9AKHR
WFLCF3WK
P3KAEYMA
AE9FW7LA
L3L3XRH3
N3PTX4CP
7FHNKANC
MFHNHYXH
NENRPT7Y
793XKEM9
KXYYCNL9
EHXFPY7Y
NHF9CYNM
AAFNWPWL
MATE4YFX
ERRT3WXP
CAAYTNTX
CKRERLWR
M9TWEA4M
3E74H7RE
M3E9YWHY
9T9YPFPX
97YXLCHC
YAYLNKNA
7YKE3LP4
TNFX3K4E
4744XH4E
RP7FKWFT
CLMKPNAL
NEAKK3N9
3H3PY3T3
PMP4EAME
7WT9RHXT
AFCHEYX3
3M3LLCHP
EFCTLPNL
FCEXAT33
XK9X79AA
7PTRPRK3
FLY3TMX3
EMCXKFFH
9L9TYFPK
93FLER4L
MRRRCAK9
9HNRPK37
3NAF3XRT
4NCXCYR7
LPN9KRN4
CWL7P9LC
XHYKWF3X
979WNLWL
YEKK4HNM
HW9F7EMN
EPXHYWF3
PTMT43YC
3TCKCFCN
KXHMYFXW
AEK7R4A9
MT4H9CN9
RCHW9N3Y
3LY9WMAR
M7CWPN7P
LEAATA4N
97YXE4E7
WNHMWA9N
79C94KXF
CNTFLWRR
3M3HMKLM
4MLK3YCR
MA3FMWLY
94WN9HXF
3EYW74W4
C4C493CP
CMKFK9XT
4LN4LH4F
TNX73RNF
MAMCHPYT
4K3TN3A9
R9YACNRM
934ARFX7
733PNHHL
KMXP4K9H
HKNP9E77
YAFY774T
X7W7AXNA
RPLAKAWX
7XEE4AKH
CKT4P3FW
P4PTNXLE
4XRPK7KC
XACRKY3C
FE9Y9CF3
MHF49AYH
3WLPFNEM
KXKPEEF4
A7CTHNEH
Y4H9PYN4
7YW7XHL4
XEMNEEWL
NPR9HR3R
L74NTW3M
H4E99RNW
7FYMEKXP
9HFRKYN9
HMXCNWHT
LMA994P9
3KHYK3MA
AWH977FE
37MFLCPE
CPLPFKX3
NHKTMPPY
TXKXCHH4
XKW4LWNX
YM74FCMF
ECAMKYYE
AE3LEPFF
W3AFXFY9
K9FMPAXY
KWEEKEAR
YXC9WPEE
4T3MA73N
7LCNLYA9
N9K3W4KW
WETLHPAN
94EAYLWL
TAA7TALK
FALAHACP
9TP3NE9W
K43TF94W
YRX4H3P9
9MAL4ML7
3TKECX47
3KPLLCMW
7L7MMRPN
F3MWA4WY
H73Y3X7H
AN9TL9MX
ACM79TXK
AY4PPAXC
3E43K9LR
YW3T4FLE
LW497PC9
AWKAF77R
CERHC7RT
9WXET3WY
T4AFC4LL
9AWE3HLE
TAXY3MEN
XPHLTA7T
WXRMLK4H
4EW7LLXW
CWR4RKMY
99KLPXAW
EHW9NTHT
MTF9FRXN
3WFK7CEN
PF7FCETP
XYWYLFXH
NXNWANRN
FNXKM9FA
K44N7AWN
XFHMFETH
HY3FTTMR
CTTK34CE
94WFLY4X
TEMH4TT4
3MALKRKK
L4E39RKN
P3HRXNLA
XH4F93WC
AMNK93YF
7LRYMFHW
4MKL77YM
FYENNHNF
K49YN4A3
HMETTWYA
7ALWWFHX
NPKWE9W7
NFHHFKNK
9YN94L97
FHPYA39H
9E3HECCY
4YFH7FMF
YENHEXAH
CMPAK3MY
FYHP3R7K
LLLKXCP4
NNPHYLNK
RNHMRA3L
W43CMRPE
7PW3LMXC
W9FELHNW
ERRCRAFF
PHKC37TN
A34RY7KR
7PRWKTL4
NNMEPELE
4CMLWPM7
NCTLN9YP
EW7FRE7P
PP7HYHWR
4TMK4CTR
A9F7PYP4
MHPYPEFC
CWY3NHT7
FYR3LNMY
CKFXNPC3
REWXYNAC
R7LL749E
XCMLAR4A
KWRK7L33
RA9E47T3
AFLH3LE3
9RM3HKAP
NEYMYAKW
ERLM9C7W
WAXXEAH4
RATR3RLY
F7NRYARF
9T3CFK4X
R3ALLWHF
WHFRYFNN
7KPPFYAF
LWCCAXMH
M4EK77TX
HXX9CNMN
P7FXH7FA
FYP43F44
T3NTWKK3
K4RNF9ER
33HMEME7
LM7HLT99
PHNET4FY
Y3RL4EMN
MWKTXYFE
L4E3EAHP
K97YR4YW
NARPHWEM
NRNHXTTM
MX7PCYNM
9A39YH3E
EEP9X49T
E4PKTRLC
PYKL7YCH
EHANCNC9
7FAHKCCK
AKNNXXXW
4CH7HP93
4FNXKAA4
ETAMRKWA
N4X7M43X
XARREYK3
A4399LKN
3F4CKWAX
FXHM3PW4
FR4MXXXA
AYKKTHRM
P474XLFW
99L99M9W
RMMP3YKW
K9WPH749
949LRCXR
W3KMHWFK
AERX3EKE
F9FXNLWW
7AACP7TM
W9TLKLAY
NERTXMK9
FPAX9N7A
YX4CKHE9
A9WW3NEY
ERCACRXP
XRXTPELE
CHLN499H
CNCP9ENH
7WEC9HMT
MTY9WM4H
TEHT3377
KYHLRMRM
WMA43RXL
PAEMA9XK
FFKCA7P7
P9A34EL7
CXMX9TMA
7YELRT7E
TLTH7R3F
XF4NHAMM
P4PFCFHX
LL9CEAW7
X4P4CKRX
HKRTAFMR
PHMMEM47
LEY4CCMM
73TWL4C3
L74A4LEY
F7FKYANK
KPL7Y9WX
PE97AFHN
RTRYLMMP
9MCRPWNA
LHALCCF3
4MT4YRF9
LRFP994T
NXWRMM34
CTHCFPXK
T9T7AKAL
9KNCMPRT
FK7XC7XH
NRWCXMMC
7W3RW3KR
39FA4WWR
LT47L3NM
AM3YCMHX
3P7YFHTY
TKYC3LKM
KTKMFFHY
C4NKAY9N
4L4C77W4
NMMRWW4Y
EM9CCPML
FMEY4C9K
4TFNXEXM
HL3R9PNC
9T3ML7KN
YRCCKLMR
H7H7LA34
RLACY7YC
H4FPCEKM
9RA7EAT9
MPX44KYN
NCH9L34Y
YFRFCE4C
CC3WEYPM
CKHEEF4M
9MW7HCLK
ARLP9FY4
3XCRWTAL
TNLW39CA
93M3LWMY
4YK4E44R
WAYFCEMN
WNCW7FLN
HMK4H3PE
FAKP7CYC
9ANPNYPC
7CHXNHN3
EMFCACRX
WP7RFN3L
K7YENA9T
99EHTHXW
T9EEMHFN
P9PKC4Y4
MMHAKYYW
HFRW4KWC
TNRXPTAR
3TYC9XHW
KL3TKLPT
3H4NFYP9
P4NTYPXC
WKWWKPXA
L94EWA4K
NNRME3LH
94X4ALCR
E9ELWFHR
3HNXALK4
CKL49NWP
NR4RLHFR
P77LLKPM
MH3FH7EL
93N9EC77
PR4HWXE9
ERLCEEHH
X4WKHH7E
L774P4PL
94PAARWX
NM9HH33H
K3NRWLYT
W9XPCHRA
PCNRWR9A
N4ARNAH3
PALM94MW
4L3R7LRM
7W43X74E
E4RLMPR9
PFENNNT4
MPANAL4W
MR7KETNY
THMFXKYL
AW4FEPTC
TKN9LC44
XKT4WC34
EHP4MWPC
TMFAREY4
3MTY3YRR
4RH4YT99
77WRKKNN
LRA4A7XK
YLXTALC7
4YLL9WKX
TATM3Y4N
KWXHXMLM
FHT4CFC3
34MARRWT
HTR3RPY7
YY37R9H9
3WYWRRFL
AWL9ANN4
K349EA4T
WHPPA3H7
TAEMLYHT
KKX9C7AP
NXAC9TLN
WCTKAYAK
E7AEPCFM
A7CCLWYL
CMCXRKCP
LK4CXHWL
HTXR3PXP
YMLNTNHE
RC7339EH
9AEMYEYR
7KEX9H7F
F7EYMY74
NHANXELR
7CLKRA3T
97WEMW3M
A3MYNX3A
HCY33PN3
73MR94KH
RWKY4AT9
L4M9YMYY
YNKFHTCE
ECYYMK9T
TWFAARMA
YNEX7RN4
TR3LHFAN
PMN7TM9R
RXWH3RHN
3C3PA4K4
Y7FFR4XY
THHH7L9X
993YHCCA
A77KLPWN
WWWC47YR
3LF9YAPF
CWK4KRYH
XTEHCKAC
AXTK937F
MPYA9PT3
YKMFHTFN
9TP4XMTN
7L47NH3Y
4799FTRK
TPA4FM9K
XA3WR37F
WRKFHEMR
KAW4L37T
HLRLAMX9
AHXXT3T4
MHLYHNWT
MT94LCMF
7XMKTCKW
ATKKRKEX
CCHLREXH
ARLFHNLK
P4CEFF37
WTWW7LFW
EX7PA3AP
HXCM9X4W
CXAA3L4M
NYA73EH9
MWXCWA4E
74RXA7TC
EPTHPPFN
3XL9LP7R
94EPHYMW
9EC4YCFC
7TMMWCMM
93LETNA9
9YCCT4C4
7PCAKFCL
37NKWA9W
4TXKPLCN
WCNK9H7H
AK4YCHWC
PFACP7TH
4L3XTWPT
KPA94FXY
MLM3FYKP
7L7NFRHR
CKKCNK7C
R4XATTMF
YMNKW37C
7ARR9K39
NFFMERWX
LKWXTYYM
PTFYPNKA
3793NN7E
C7XWLT3N
XYKKEKWR
XRXXFM3A
W7APXCHL
CRXC9WL7
Y9WL34NF
7L3RECYW
LKATFKLW
7PPLMXYX
RYKYYWPW
X3WRLNWA
9AHMY9RM
KYX9XCFM
L3HAANTE
LAP3HMYT
Y3LH7TH9
FYEMREER
YKX3M7TL
KC37FR9R
LN4XW99E
K9ERRK3R
44AERL3A
FTN3PXPT
PNFEF79C
NRW4NEXL
RTYK7FNP
LT3K3TYW
FFYACH3K
3YKXAENA
3NTNERYT
9HLCWNFK
NFXFAMCC
AFCC3YYY
H7TK4E3T
4K7LKEPL
Y7749PT3
FFXLCCN7
KTMF999P
PN79ATRL
NAHCKN7L
XE3YRPEN
RFMHLNK3
7TMELPHH
9WRX3YLW
XMNAKHET
XTLT4FET
9XLNKHFT
4H7LAKYT
C7MKEF3W
9TMKAF4L
N7TXCCEP
7TLF39NP
MWAW7C7X
9KXLFR7A
ARERMFRH
NH77KC9K
HFR7RCPH
PRRHA3MX
YMNACCPK
X9LFALFF
X7CTTPRL
YR7AACMT
RMN9RCYR
LNEYKLPW
N3PKA4NW
797FACT3
TKAKRKXR
7MT3CMAF
F3WPTMLR
MHACXMP3
XANFKTTT
3RFWWYLA
9C7NNTYR
RHAKTR9K
ARMFX7NA
YKX7PKTN
7CYW4X4A
KKHMNNNT
CRFTMXAM
MH9CEPMX
FKTTRAYT
TWEMKHNT
WN9PCP4R
L3EEXRXF
NWW9NWK9
TWY44XCC
F9MM4W7X
747MATY4
PEX4APP3
A7RH9N3L
A3PL3FP4
NTEAHWCY
CMX99KYW
MXECCCLW
N4WRKLW9
KWCYLWFN
RKERKLPP
NHFPK39N
CHARATTL
47HTRAEL
K97YKCNL
74YXF3TX
4HCWFE3R
FYKKKNTL
97MLLKEL
KHKM7K4Y
9HMKXLRW
YRHPM3TM
MEHP4M4L
9M4H4RHA
NKKRWCMX
KEKWAW44
NYWW37HP
AY3CETRR
NMXH7TTT
TY3LHNWN
KKETEXP9
EYTXW3LN
39TTAHM9
Y4M9NEMN
3AMXW3N4
AAXH7HXH
HFNFN7MH
PMAA774L
EXRKHN7W
WEELEXFH
3PXX3KNM
H3449AXE
K7HCETEA
FR4TKFFW
NN3MKKMW
NNEXMAKN
CR3EPH4F
MN3YFFTH
RECN34KX
WYYWRXA9
FXAK7E33
RTKALF7H
R9YHAEPF
AY73HCMX
RW3497RP
4KYWEML4
RXE9KXPF
3PHPTTAA
P3W7YTMN
4FR7HYPA
499HNXXT
7NRTFNKN
ANC4CT7C
FY4RC9T7
WFHRRXH7
NL7MTNRC
Y3YLFMLN
KKMTLHN9
CRXHM7KX
A3MLHCEL
TPXYT43Y
4FFWK7F3
TYY9E7HX
KHXEK77H
3TMERC7P
X4NYWWF4
MPH3PXYE
3XNCET7P
MEARCK3N
T9T3CCCF
K99HKFCR
434C9APN
KTAX7KP4
ARW7TXKR
EPNF7P4T
4Y3377WY
XP4NXMPM
MYMT4MER
HFYRL7TW
XEENLE73
MTFTCFNW
L93EAPR7
WMRY4KNK
74TE9377
RT3RHCRM
4TECLRTR
CT7YAFE4
PC3YCC7H
MK4CXLRW
TNFCX3HF
T4TMLKMT
4TNE79L9
3MHLMC4M
9NFLHRLK
7Y4TFP37
NHYL7TAR
EH4NLM39
7YLN4TH7
H4WPLHPH
MK9KCHRC
M3KYHM44
4MRYM7HX
9HMYMYF9
N9THC44N
NNEH44AW
HWAWNCHM
KWM7FLHW
7TH9YMRA
TFWA3F3H
3NRN47XC
RRLMEE97
WRAT79AC
P4L4RH73
9NXNHT9X
4HMACEYX
3HPEHETM
ARMHHWFA
9F9AY97H
FEARKHWY
CEYLMN9F
XH79PR7R
MCFFKEYA
TNHEEWF7
MTL73CHE
Y33PKEXN
FCLA9LLA
PCFCKKNT
3H3YANCW
WE4793EE
9KNXRNNF
RHPYFMRM
XAKCP3CK
FEWLLNWH
PKKKP3PC
9NRNFT43
T3WRKW9W
L9PWXYAY
4R34NAHM
F7PW9R9F
C9MRM9KH
MFAYRMAF
TYE9F7LM
RR7KANXM
R37XWREH
4XF3CLKF
MH4KKLKX
AXL4Y7TL
RR4X7AM9
3R4ENLYA
WYCTFW3F
3R34TLP3
443MRH4A
9YLNAM34
3HLLPPEW
YENXL47N
F4M3ANA4
AK4PXF7W
W77A7AMA
4LARHPXA
LPRMCKCN
FCXPK3YK
9FECT4KR
MXWAKATX
EL9X4MRT
TMLN7WH4
MXA9NW9L
7HYN7FEK
PWTE7PKE
99L4AW7P
WPEKECFL
K39TM4LL
CWNWK4AY
EKYPTPW4
CKWCHXAM
RXCCYL4H
PNLWEYCA
HMWEKWPH
M7HEAM3C
ELKXKNP3
FNLCC9WH
MKENXY4W
EFCMK4PE
WXT4M4LL
MTMFYP7X
7HP9KEH4
K3N77YEX
T37LLL4H
XCRC4AKN
4WLKYF9W
797HEMKK
NPHR7RKN
4N3LKLX4
C93K37NM
XFNECC7H
MF33M97A
3M9HNW7W
34RLWRTH
AX3NWXNF
7YAYX797
C4AR73W4
9FK33FWP
73MYF4F4
44TE4E7A
RCPPALYA
PHRHTK9R
9RNKXT4L
PRMYTENM
C3T3H3LC
3LY3TTT3
YTRHKW3P
NHN4MMMW
L9AK74PN
33MHWCXT
KC7L4434
PR3TT97L
LAK9LETF
74WMAXCY
R3LYMRN3
C9WN3MCW
337NKX7C
37MC47L4
44F7KYA9
CRTM9FCY
L9H9XMFW
HX3RMFWY
CWCNYKM7
CFAFHY93
9YPLPWPK
YPLC7PN4
CCKY4773
HARPPFX7
37YFKALW
PCYYRWPA
NR7TY4XW
93MXK4YF
LCLLTNY9
W334F3N7
9KX4K3C9
MTELW7LL
3WL9TYH9
PL3CPNRN
MAC3M4LW
FEKPXFLH
AM94MYA3
97RP79FL
P3MAR33A
4HM7YLW3
PACNCFHT
TCCCE7TN
97RWNRN9
YAY9WTYL
YYLTKEE3
F4RT3HE9
74CMN9MR
3F3FNLFC
FX9XWFCH
HY4YCAK9
PWCAMHYK
WT3PR7R9
MEFWEEYR
LNLMRT7A
TT34CA7M
HKW939WE
3TPFLH9X
T4FHNF9E
TFR4W3EE
FLTFM74Y
XLNAEC9H
ALMKRAFC
PL4M7F3X
NMPXAH47
XK33YHFC
4PTNMCHP
LPEAAFN7
AFMA3YL4
WAKMEY4C
L7XA94MC
F9CM94X9
Y9AYMYL3
K7MPLHAK
HLNRT9TT
RLRYMCMN
7R4RXYXH
LAEE9MFK
3TX3YPAX
TWWMYWT7
TKY3ACFA
H9TH74RP
THRRTLWK
XYEF7KAP
4NAMRCNC
4PECCEW4
7RCTH3NP
MHTM9MPE
3TXA7TLY
A9NH7WFT
RP7LA3H4
NLWYHAFM
KWFEXXNH
HM9FKTLR
KWCPH7AK
HRWCEN4N
9H4WYK4A
9CRREMY3
7HKX33EK
4EFXLKKE
YYRMM4CW
Y47HAX3P
NH3AYLEH
47NRKLPR
CM4PPWNH
YKPLTN3R
F3CEKA4H
WY7LWHWM
CY97CW73
RLW97F9E
9KEPAWWL
A7EPX4NY
WXCTAR7C
RH3XKR9F
AM3RRWTN
M3X94MKM
YRMPMN93
XXLK7AMR
LEKXTTHA
9YRLK9Y3
N47AM7EP
3REXE44E
KHNR3LLY
7T3MXYEA
C43FLXPM
FYWCXW4E
TTNMFC33
LCF47YA4
XPTHFMTF
9WFMXWPR
4EX3T3PA
7KMWAFYK
XPTXPWHK
4KCX9TNH
4FPEHTRP
WM9CNE4T
NXH77AXX
NHYNNMKN
RHTWKXH4
LM3NN4R4
H7MAT4HT
P9CLKNYP
KXF3E73P
WNAAXCEC
TPXL33AR
R4PR39AE
PKCHYNCC
4K7PK3WR
PNTWWWHP
NNTTPMET
4NTYAAKP
WFHKXY4E
MTYWHW4E
ALEXL9LR
KCMCFE93
WLXTN9PX
AXNKPT7P
H9THWCLT
LNNHMLLE
3KAA7439
YCHA7NEC
YWC4YHTK
R9NMTARE
H3KF7R7R
XAXHTMRC
WFYKNM9A
CNP3AMNC
4LK479XA
7NKXXEMT
EP9YMT7E
FAMR4FAH
3PWCLTFY
LCRKX9EA
FCK9TRCR
73NHCARK
FFT4XWC9
4T3PN7PN
KMELNLKT
FTF7EWFP
HY7YAPPR
NPNALTM9
CMTM7AFC
M9YRTATX
FAARXEYL
KTR7HL77
E7YXREHC
WM7TC7AK
LMCTRKKE
TMFWHLPF
KC4PM7LM
WKYA3W3W
79TEY7XA
A7KNXMLK
Y94AHPR9
RR33YPKL
YWAEYH97
3CREFLAW
7RPTFW4L
7NE94LPY
LM7PPXYK
H7TK3MP4
YYHAK7HL
WMMHK4HF
TYRY437L
4WMMC9AA
HX4PP3WR
LRWAXRTL
9A9KPPKL
7L7NMYHK
49RCRLLP
AXNFKR9A
NERHYH4Y
NFAA9C9P
WXAL9CL4
YE7TK7MA
XFAYLMAK
FNPARHKL
AMCPMNNP
PXLW77FP
TKF7NKMC
RWWNK7FH
AE37RX74
ECTHRAK7
XL7MHK3P
HAPMCNH4
CTRN77XP
YF7LFK94
HMHLAPXN
MN97YRF9
4HRPWAXC
C3K47NRR
NH3CKCL9
A7TCYKTN
KRHN7KPH
4LXPL4CL
9RPM47NK
3CWFLRM4
MA9NLLH7
3TPPKCPP
NMM4LC4T
7TA7E4X3
NTNKPNH3
EH4HCNNW
TAKAECH9
7FTKHHPE
KXK3ECKE
HM9XPHAF
CMKKF9XM
KRRE9C3F
E4TMWW3R
LM94PFCL
R99T7NTX
4M34WYAX
WW7TPH3C
7CEH79PH
XE3KMHCA
CYXNP7FE
LYA977XN
WEYTRLTX
ELXYF7M4
H43L337N
NYECYXAK
LF9RKPY3
4PKC7LXM
MLLFPYPA
X4AA4LPH
4FCYYTYL
74XTHCY7
ELX94FHN
K7EAXKWR
THMHC9HE
NK3PWXWM
77Y7HMNF
N9HYF93K
K3H4W3NY
KPT33KHK
9NLKREPM
9WLNKE7R
YAY4XHWT
CL7M4YNP
HFAWNW7N
3FEEYFF4
RH7HLH9R
F7R439ET
LL7XTYPC
CH4FCC34
YY3NCN3W
WRW74AXF
KCMPXHHL
A7M7X7AK
HYPNE7W7
M9M44XYM
Y9X4TWPT
K3HHCWF3
7KKRXFL7
FKLF7TCN
RFMMPFF4
M9RR4RYE
7YCWNYN9
N49HR3RW
K4NKN4TK
PRFHCPLL
HFNYXYNF
A4R49WXK
A7NN3TLT
R3NEX33K
ECNR7NXA
KAEEKT4H
M3A3WLPE
N3APNEKY
FMKF4FAA
ACKYYRX4
AATEPNCH
WKRARMPY
ENWY4YE7
KKLX34HT
FAK4REKE
W93AYMNT
C733EL7T
4WXL4L47
WPEKYWA7
79XK47M9
44RF939P
LNKT47KA
PWNPK4T7
9CMEWNPN
KYRMECYL
FTX9LEN9
AEPHFA7F
NTEMFFML
YXHCCNFM
3374CEAR
9Y7C7AKE
RPC4HYA9
9CKELA3L
7CTKFFEY
9RAYCRXE
TAHN7E37
E9FMPRP7
C43XH37X
YLW73AAK
3RYKRFET
7FEMYLNT
CERLWNFK
H3XXXC3R
HNYRCPHE
T3W7PRCX
XEHXNNPM
9XWNNMLX
C3M3EH77
EM4FMPTP
CYKYKRTY
W479WRPK
9XMMA9RN
TH7PFLYY
RM4KERKK
ARWPLATH
MTHH73R4
XL3KKHKH
PXWLKCHP
9ALTER9P
MPWAWCPF
E7T7AWXX
ERMAE7RE
YCERRYH9
A4HXRWAF
99HR9LE4
NKM3WP73
9HYLM9WH
FN9MLPEY
NXFE9ELM
LTTTYTW4
N4PWX7MF
NYKLF793
PPMANKHE
NYCRPEMN
WTHMWP3W
WR9L7F7P
HXFRNH4L
PFECFKM9
YCTTCXKW
MWKCFLPA
3K9MXELK
NHPLE4N3
FTFMKRMW
MMPHXP7L
FTKLMAYY
CAKCEY7W
9XTFXNPM
9PREKN9A
77A9L4AL
PFA7ENLN
NFNYPFEH
CNKLRTKP
AEKXLWCE
W9KPM4XE
ARENTMKL
AYC3A7K7
XFAEPPTH
ENAM4MRK
7WNNT3L3
FWFP43KK
TYYP39YF
TTFMCXFW
WAMF7F4L
33MCTTTY
X3AKKWE3
4AFXXALL
CPMXCW9H
WEEAEFCM
C49WLMM9
PYTPYLTE
P9NAMKXA
PW977XHX
H9LXP9WF
AWKTWL4E
MWMH3XCM
NAYR49WL
NMYACL43
N3FYEY7E
TRPL4KCF
KN9XE9CW
XYRK4KEF
ELWFP9HE
EFCMFL9X
PFANHHMK
39WA3XRA
XW4H7NMC
3TF3L9EC
EYC3MN7F
PWMLR4LM
ALNATXYM
HHPYCYMC
T3AWMAAW
XWCPW4FL
PEC4T4KT
MHNMPAWH
K3CT739X
KALREE9F
3KFFR9RA
PLXXKHEH
NMPT3HH9
EFTHXLCN
KPHEP9WE
P3K7Y949
7LKT4XP3
HRWMXPXT
W3MNT3WY
AFA9KY3K
N9RAAMXN
MWPREEWF
9MAXARLP
YW3RW77C
3PK3HYEC
47W4NHPF
NKMMW7C7
EWY97LRY
WEE4FKYX
NRHMW49L
KRPA39MY
A9EF34HY
LLRWARTN
PTREKRXC
MPXNNPPX
PFCMEFLA
R9HCCWFM
HWC733WL
L9AF9RAH
RKAKPKTH
7YYECRFR
HC3XPAYM
XCCHETRX
CRTFMA7T
RAYXALRH
7RXMAH9L
C34NTP9W
ELYN9XPY
A9FM74K3
YF7XLA7A
FCM9TNMX
WPHHP4EE
XF4MYY99
CEN4P9XW
43TYA4EP
CNREEHA4
NLRFACMF
C4LWTMRT
AP9RPY9M
NHA4CRAF
AXPEYRXN
LT7H77TH
4TY77RKH
LR4ML7NF
LLRF79TH
CHHCE3NA
RMAR49W3
RP4PXKWP
PARNYYEN
Y9FMRHWW
A4EREHKC
PRX43AL9
7KN347XF
49NTYH7C
YEYEYL4C
THN4LKXY
CRLMLKYN
NKXT3YM4
MTK9MPA4
NHFXX9RA
X94WMNCX
4FAKLCMA
MH3KK33R
WFA3HF74
E9NWFAAC
7LW3MXLT
EFLTFCM9
LCCHYHC3
AHTTHE4T
LRLY3XEX
LXTLFANF
EWE3H3YC
L99N4M3E
MF3MNXCN
M99WPT7K
XTLL4MWP
9PTNLH73
P9KNLEYT
4RX94E7R
4LNMCF3K
CTNT97EK
RK4E3W3A
MXNNAMHP
WEPFYPWW
4FNYM9CP
CFXKAYW7
K4WMAEL3
XTNPTTML
YY9CHXYT
XNXMNLAH
FMLAWK4C
WW3LX3FM
X4EPWLMR
9C3AM7A3
P9L4CPHY
AAAMLPMR
HMYYENAA
WCHPTL44
CX4YNFTY
CPT777WN
XHMP3LRF
37PNNLNA
TFH7KNRE
KL4WYYEP
LRLEWK74
L747AEKE
AM4A9RTW
KLEMMKFL
PALCTWM9
9RKPCYXK
Y7WXX47X
P9ALRLNT
34ALW9WF
3MWLWXPH
F7K9CR4A
P7HXHNNC
PTW9TRAT
P9EWXHKK
4CAPNL3P
FWHANXP9
PARKMTX3
XTP33K4E
E7WEE9NF
N4RKNKFY
3PC3K7XR
L3FCFF9N
HCCREXE3
HYARTHPE
XTL4FH7K
TA7R7TYC
KFR3XP3L
N3H9A4C4
WKNRFATM
FM94WPRW
YFYTY37P
AAHNENCN
FNLCRHRF
7A9ATPYA
FKHL99TT
RFWLEMEW
RP9CH9WW
FNXWC9FL
TAFPXNLC
7HCWR7WM
PWAXEA4Y
FWRWRHAP
7RHHAPRR
77C47KRL
HRCL9CFA
YRNW379C
LEY99AWL
7XETN3EL
WCEAHKNH
CTHR7HRR
YR7LTYPW
LY3Y3WHH
Y94KMMKC
N7YWYW7E
XN7KAC94
NFL4ACA7
MLW3P39T
KKR9M7ME
A97R3MA7
NCPC3AP4
E3NC3C7T
KXPRTRYH
WHTAAWYY
EFKRNC4P
7CMCRT9C
TTNA439Y
WXC4ACWX
TTY7AC9N
LKL7AEPL
M9MWFE9K
HCK4YRE9
THW7FKHW
EACKKRAN
RAMH4ANW
3MFXWNL4
44KA7PMH
TX93N4WR
7NX9PCM7
C7APP99P
P3M4WT74
4TXMXWWT
RNTY9E47
HFYEYRMC
HLRWYKHE
9949CYP4
AK7RMFPP
WLPYNNAF
M3MRL9HM
NNPWRTHW
RFLYW39P
WKXMWTEN
XKX9W7EC
EPH7CKXR
PA9XWCYL
3NHMLXW9
YPAKL4CM
MAC9P4KA
EKRPP7CC
TFHXXP9W
ARMFYRLC
33ACL3PM
H43EWANA
47MTLW9L
PWYNP9KP
Y9779FK4
KCTFPFC7
4HFK497W
FKH9AMAX
MF44A4YM
E7XPPXMR
NLWM7XXL
9H9FTCCW
93NKHKCL
RN9LFFAX
AF3MEN99
RXNYKYAC
3KLHFTPR
HTY4WT4X
4H34CMR4
HPLN3K4L
YRW7XEXA
CTMCRNWC
YTFHFFP7
NXY3H9XP
KNMCL4MN
73T4CP4K
7TWLREFA
R3HLKR9P
MRMMFCP7
ALAKKHPR
4YNHLNLM
7CMT7TF9
HLCL334P
YXX97HHY
7YWP9C79
9FF9YACW
TXLXL4CY
M3ELEKNP
P9CR3AKC
CK33Y9P9
NWLCNWNR
P33WM4W4
C3TWLERW
AWHWC7L7
CYWNWWAP
TRX4ARYP
N9FTP33F
44YHTN79
ANYKMAHH
LANR3LEH
MKNLFLAL
CHM44CTF
NN7WXPXL
WRTKHCC3
CL7T39WP
XT7P9Y9W
APPTXMHN
NHWXYLFX
AKYNHLCP
43PYMP34
THLXNLTR
F9M43KFT
LTK39CLR
3FYF3Y3F
MTMAYHXM
9RE4NEXK
RYA93KHF
WCMPWM3P
REMYHWY7
YCRN3MWT
RRRPKR97
CTE3KYPA
FP4XAR3L
4LH39MY4
3YMNKFMC
9RTR3NFL
4Y9MWLYE
KCM77W4M
CAK9P73H
3PRRFYR4
FENKEEAC
4YEPRTYM
7RM9A3H4
A9ACXREE
K9KCYLL4
E3EYN4TM
73CCFL9Y
9YLXWPH3
9KXC7CTM
AKA9YWER
KFNCLLPY
MRPKKEN4
NP77T44F
NXWYH3HA
CWMXCNXA
FYWC9RNR
LF734PTW
W7Y9F4CF
YHX7ALFA
AWHMAFX9
CE4NL94T
YLFEHKAT
PAPCY9MA
RHMNTN39
9KT393K7
X9WH99FX
9TNECFRC
NW39FFAA
YAWCMKR9
F49M7EMY
WKXPKMET
4YPAMRFM
L73XN4WM
79KET3YM
937NNMRW
WMHKTY4F
9HKTERKF
ELY97CMW
LPFHAXKE
3MWMEXNT
44XAFKME
3LNFFT4H
AYFKXXN7
YPEHAAAF
3HCXNWPH
9LRHPAPC
YFC9WKLA
R7Y7RTTA
794MEEKH
PLY3EXAP
EEMCN9XC
AYFWRKER
RRF347PE
YTXAPR44
RK3LALRN
ARW4X9N7
TC7AKEFK
KC7KM44X
YYLEWNMT
4FE9MH4F
HNNKHLLH
FKXR9WK4
MAHTCKX7
4CKFTK33
3CEEM49X
RA9XXTRX
MYL37C9R
3CCWTN9Y
WEWLAFH3
LYWW9LR4
A9RPHLME
L3XMYMFN
WAENLK3C
7RKL7YER
KLH4YNWK
MAY3CMPK
9XF4NT47
M9RLTYAN
XNTNMPXE
W7KHCRTY
RA4E3MA7
AEK9CETP
M7LMLLNL
XKMKYFHX
CNMXWRL9
KPLMXYPE
NWYWYNA3
C99KWFE3
N43XCLYM
WAYEC9C9
LH99HMF3
F94T79XW
TLKR7AH7
MRM9RWKX
NHL9PWFY
R34WMA7K
YK7EPHWR
RHCWKF3E
C4T3RCYH
E7WHXTLC
KTC7Y4XA
ENPAR4ER
RP7A797N
MW4XERAM
EWHPEPLP
RK7WXEAL
XMNE3MNT
3YPXK9CR
4PFHTPNH
3EW4PARM
C34YCR43
WMWFTH9Y
K3NARHKA
NEFN3FM3
CYXEFM74
HWHA9M9N
TY3AFRH9
YXLXPWWA
ELYLCATY
RKNK7H4K
ARYYCYTM
CM7FA3LF
WMNPE9YF
7EMM7T9F
AC4YY3MC
XAP7N7TW
MCFC3PTW
CWFLCMAA
MPWW4Y74
HPCEYNA9
E7HKT9AP
EW9AAAKR
WFY3LAHF
EECXLMXL
TMNAN43K
CWLE93C3
MHALCE9C
REKRN779
7PCHP7TP
3CE7KML7
KYHAYTHM
WX73CKW4
N4KXN9F9
KCR9FMY7
F4A4CHNX
YWRAN7XE
ET7WM4HN
CWXXCLF9
PLC7NECH
ANACLRAM
9L7X94EL
7L3FHR4N
RAKEPTFC
4AYHR9TL
KMHFAAH7
4WPPCFN3
4NKLLFPH
YNX4F9KC
HATFTYR9
PEKPNKT3
PXYMTAE4
HEKEMXKK
7W7FYRH7
HMPRHAKM
7RAHXRLC
CWW47R4H
4L7YWHTW
CA7EHPHK
M479LCH4
XLYCMCLX
HKX3NAL3
F43X3E3E
CH73CA9W
TX7LPTXM
4N9PTPWY
L44L3CCK
A9LFEHYA
497FTCRF
3CLPY9HP
HF4NRLR9
WKT3NENH
NNE3KA9A
773LH3NN
YCYYEATR
Y3MNFPTR
YMY3YTP4
3XXLMAFL
KLNATCKH
E3NKL3FA
3447RTFN
NFC4HNTL
RMR9EAPN
3AFH4WEX
NN9FETC3
C7TMKPHR
9N9W4MLH
AFT3RHAA
LMCEFMYW
PMNKTHAC
9RH9HCRH
YM9WR4HR
WWFKCTC9
T9CFF9NA
LWCPKAKE
7MKRP4XX
3EYMME9F
P4EEK7KY
TNHW4CK3
797E9TYR
XRACXY4R
AC7W4MLX
KPE73W9N
MXCKYFER
73CMCXHC
3ATEP7MA
FECXH3R7
K3YHNECY
TKMLRWAP
NCCEXYP7
XLMPFX43
WKCPHP4W
7K4MTEYM
X7KLWXYP
9F34YN9C
HANKEP3K
LLTWHWRF
434XMK7X
XMNL3XFL
RARTLWTW
MCL4FFYH
34FKFEWM
RC4XLRXH
KLCYPFPC
NTYEEW9T
EHRPCTEF
7EA9XPAA
P3KHCKXW
PLKXLP9W
734TWAFH
39X7N4PM
973FTE33
YPM3WMKK
CLELEERT
MH3FTWYX
3YMN3HC3
YP7LL7RC
PPLCA4EA
7XK7XC9P
P4AR7MWX
9K3LW77Y
YRF4ERA4
AY9RN3KR
L4F3LYHP
4HEKX4HY
FN9ERAAP
RTFREWNR
C4XMY7XM
HFAHN3YK
KRFEAMLW
7WPRTHAK
A4KKTLYL
XWNNW4AF
CAELANNC
LRT9X4X4
L43W73PE
RNKCRPAF
PPAA3T3W
9TKYCKCL
9Y7ELTPM
47PXYA4T
CTP47KLK
FYYCE4KE
4PH3AP43
TREWCYPE
CMHF4LW7
PYHFLE7W
4X9NLTLR
3HMTPACP
KKYPTLX4
AXFF7W9A
N3P7KYCP
LPEKLWA9
FT33CKMH
9TCMX93A
AEXRNAHY
34XM7WTN
WF3XXKNF
EEY9RTA4
KTNHKA3K
CRLMAAAM
YA73LTMM
CHR4TRLT
K9AP3CKX
HPT4E79N
AHHTNXNY
LY49NM3M
WYETNCP4
N79A4MN9
FEFAWR9A
Y4CHM9LY
7LYLN3AC
TW7E7TN3
FH4PFW47
Y9WXWAF4
4ALT374W
LPCWWPR3
TAENFAAM
3TKMNM7Y
FYTR3FC7
MFF3T7XL
EKX77NFA
AAFEK33C
7XHPCREK
HEE4Y9LL
MFA9F79K
4WE99W3C
MTKWALKF
YCFL7HC4
ARAT7LTW
A7XN9L3N
KRK3YMMT
3CEHT9RN
LCEYTMRM
P4Y9HHXN
KF4HLAMR
4YCXL97T
NNEWEAY4
WEMNNANF
TN3FMXCA
RCKRPWT4
CT737H74
743N3RC3
LKCYNFRP
NXMHMC33
FY37RPPE
LPAH9T4A
WNELCFCY
KKMFAKWE
EM7XEXX3
9K9XYEPN
3YXKXCPT
CPXX44TN
TMEMPTYL
M7L7XFPX
P7MLXELX
XPYWXR7Y
9R9WNPHK
EC3RFF9Y
7EWCA9H4
NYFLXNPL
H3XWL3CC
CYW9TYMF
P7C3ETRH
PTHPMN3F
FANRTWWP
LCKX4AN3
YTHA9ECR
WY4F3Y9Y
9YKHRT97
T3397KLK
Y39KNPNT
HPA9C4RF
999WXLKE
LR3EC4EX
X4PF3AMN
7E9LRNA9
EXWHTYN4
PFMKFEK7
TK3TL3KR
RPCXM3HN
MM7CKCEK
YLMEKN3Y
7437KACA
C399KTY4
WALRA3N9
9P3ETYP7
9CA7FLYT
EX4P7FNL
KMMWYPMA
NMR4CAFX
L3EXWNPE
KKLCY439
HAKMETLE
FPEM3ATP
WKXPA77X
7EMMWRM7
79XPHWMH
WME4X94M
7NKL449K
WT3MAHLH
3LRAXALN
YCAFWCKF
NP3YHTPY
YMWYLXRM
PR7WYRPY
3FPLMHLR
WX7YMYHL
XXNWFRT9
NAF9THAP
FA9N4RAF
73XPPLCK
CAXTXWA3
P73WRTWK
7E3WREWM
FXATWHTT
YRT7LEM3
YFKMNW7Y
PANELCR7
3XAYKTX4
NRFC4KH3
RRMH9K77
CMTWYKKL
YT7TP3FM
C73N3L4R
7HEYF3WX
REE4WYYL
AMXKWPTW
CFE79CWE
HWK7KXL3
AR7HCM4M
FXLRP9CH
YY9CMEWX
L99AT9F9
L49N3PH4
7C947PWY
C3TAKWKC
NHTEKXCY
7YEXLA4L
MM4CPYFR
PXYKTMHW
7ETXR4XF
9W3EL4PT
MMT3MWEC
FTLTR4CT
34KC47EA
MMCHLT4T
ANYMC7ET
7ERKTXYY
C9YY4CCK
4AH7CMWP
CCTYEXFH
L993AAKX
PMKHAF49
3LTEWXNY
K9K4M393
CLNMYFHL
XNEETHF7
3ARCR7NT
7WNL4YEP
ERLXWE9H
ENMHKARC
3NN47PAP
XXM3P4KR
9PMMRCRC
3N77H4XK
WWTR9MN9
HPAE49FY
TXFENLAX
3MER4ET3
APHEEY9Y
N4C9L7MN
X3WR7KMY
AT4YW3H9
W9WKTWEW
FPKEYHCH
3CNYPCNC
MCYRNNAK
CH9WPYN9
YKCM4WM3
RRAKLKY4
P7WFXFNC
M9RC3CAF
4F4AHNT4
9MRYYW7W
AMTKARXK
YN4KXTLM
FN7497FT
TF3HEYTM
LKATCC4P
E943KCM4
RHX3MYCE
EP3E4TNE
C3NN9K9C
XEAN47PW
KW3TTMW9
EYKMNMMC
FTLMXTPT
43MWNMAA
4ERPRWP9
3P37N4NX
L47LXHNC
CRWX9YKL
7NPNKNAX
HAKRAEFX
4F9KPH4C
NPRAKNX3
4PYCYY7Y
MNXCCCA9
9WERAA3Y
A9MTRPYC
99N7NETA
H7KEHFXE
4NLHNC4W
P7LHLCYH
YFP7TEW7
HCWYANRA
RKXPAK4H
RE79APT7
9AMAFMHR
E79HA37L
WMC4LKYR
MWF3WA4K
EHWWM9XM
K7YFH9LF
34A739AK
WT7P3LKK
RNMHAF7K
PE7AYMWN
CCKATT7R
CNFKHF9W
CRYMFTLP
PPMH7YNP
3WX4PR3R
T9L9LCPT
PN3FYHAH
YYNLLWAN
YHWW47RR
LKXETECX
KFYETPCX
HMPPTLWK
4EXPTKMH
C4AHFT9C
ATA3P9KL
HCNWNT9A
FNFAC4WT
9H97L43L
TMCHW79F
4TCF4AYY
ERAPFLPW
LRN3YWNR
XWR379FE
EL999LLF
4A4YWPKR
MTKC4PWF
M9FCKX4A
LAR3XLLY
RWCA7CEE
EHLKK4EF
XHTHWEMF
TN797TA3
WPKA7R7P
CMAENTHP
RNCRNFPX
3KFE9N4X
9MW3YCLH
9XMNLC4K
NNY979A9
EMC7T3W3
4APRH3HP
NWL4X9X7
HEH9Y7CK
NNMNMC9P
KMMWLEH7
XYR7XW7E
XLKKF3EW
TR7PELFL
NYF9HTY4
EKTMKHW3
HL4E3C47
3XMYN3RR
4AYMLPEC
Y9YXPTKT
LLFP7NAE
47YHAK4K
MN94PRTF
XH4E9RPY
4H9TC3L7
73PKXYTM
XNWX37R4
CRHWWXN3
4C7YXTLA
49NC7MRC
F34EACYF
L7M3WCLC
Y9RYLLYK
7744P4LP
R4A7WRYF
Y9HRRYYX
CFL7REFH
HFHKWT9K
W4XHMNXW
T3WP3ECM
NAFFK7HN
T4NPTMLM
9WX7N33K
LTT7H7XX
HL3CL37F
HC3NCA3P
FCLMAATN
YNLRTTTA
AXLWWX49
7TFN3LHX
493EP3X7
3X9KAPHL
4XWHRF4W
3KPK3FN4
X37PC9XA
WHT7LKE9
HTWMMFPH
497KETRX
9CRALTHM
TCFAFM77
N7H3RE7F
3RYYEEAW
CP9N97HX
9PT9KPKM
7PHEXEHR
77NXL3KK
ACHXMRMH
NRKAPMXL
MFA4A93F
P3CRY9K4
E9AAMMML
AEFYRWXK
ECCCTPYA
3HCEE3CW
YCLPLKKT
9MPFPPEN
PC77PNAT
7HEARAR4
MN9H3W9E
MNLRNCWW
KPYKTC34
RXHNNFYL
AMMYPXXM
LF4TMCHP
F9CM494X
NFPNYXLM
MK7YEC9X
HNTH43RA
EAMXCN4C
7FKXRCPM
HEPPLWX4
4L9PNKXE
HX3YCX73
LFALTCNE
NPACXCET
NFCR9AAR
XCAHXTH3
4XAAC9XM
XFLYNFPY
ENEMH4WX
FYNTWHEW
YKMLPMRL
FWX9RRAF
WE3LW7MX
HWKNT3KH
ACWLTR3A
ACTN994K
L4H3M79W
YE3KLRCA
TN3CLTXA
NLFCMEM3
MECXWTAR
H4WK4WLF
KHETNXKF
TLKAFC3P
EFH493RN
RFCMPNET
MLNWENRK
NC44PETE
TXY4CWMW
N47YEXCH
ECLXC4EL
KWX47RLT
7CX9FK33
NKR73LKF
AX4MY7LN
FWP9WAFY
7HR33EHX
WPPY4ARY
9T33A97W
RC99KECY
9ATFT7AT
TAHXA33C
9H73ACMY
LX3HRYPT
3EY44MNC
YKX9NA34
RRLAHWTC
M4P7LLEN
3A4P737F
7HYY4FP4
EYC3TR4H
74RY7CWM
PFXEF4FN
9K3CHE9N
R93YMRC3
CKX9R3T4
49AAP7W7
N4LTEPKF
TETEXF4T
CYMYFYFT
9N4RKLYC
AELMEKW9
N3MTNXY9
FP9KER4L
NLHXNM4X
94TF43H9
4W7RKYF3
PM3AW3KH
XYECKTE4
NY4WHA3L
ETPE4NM9
LECWWRLH
RYCLWFYR
ELEEMTNP
TTLPEPRA
W3KFTN7P
WLEWPXYW
7REERPWK
NKPE73PR
C9477F3X
7WLX7KFE
RPFWR4H3
HY3RW4AP
CAENTX9N
AYAK3MF3
LFE97CN4
R77HKMT9
LFEA7C3E
93NE4YWK
499H4MFA
WT7WEAKH
3XHNFWXL
9P9EEWLX
AF7RHAKE
CYCEEAEC
HC9LLNPR
944AXNLC
YLLXWTAE
ET474EXA
NRM97HKW
7W73ARLY
7XPWRR94
CN7HF47L
Y4PPM4WR
WAAAHFHK
T37EPNHL
H9C77WEP
N3X4HH3H
A99NAYWR
C3YLRYKW
FE4PH977
XLKW3WLC
XAN4KWPN
X9LK3KXH
F9WC3HYM
PNREA7E7
HWW4FLNR
E77XXPPN
K43AFTHK
37TC7CHP
YKM94A4M
3AT49R3R
F7WCXHRC
XMYTHMMW
N9CYNYHK
HT79CREH
PKHLP43X
TRAN7PYM
PFNFRXHL
LW4YYWKT
FTM943AN
TF9PY4FN
9TC4FC99
HCEKRWNE
PTP7ECRL
TRT377RM
HXK94HMF
TPYCTXA9
XRLENRHM
LWXWANXW
HY4WWLTX
7NKYK7KP
WXTNKPCT
7NCPM49X
4TWAHKKC
4LXW49MW
4TFLX4X7
WCTLPFYL
H4ALENTK
4WXXKPL7
T4TAWCEX
CCPNYERY
PRX7MYXE
R3HHLMLX
MHTWXKCH
HMPHFT7X
WMMYE44Y
3YA3P9XL
HHXLPCWE
TPMWCHMY
YRNC937M
N7MLYFY9
4WRLNLC3
3WC7HLER
XHC3KTXW
HN9T9LLH
TETARMNM
CHCWRYN3
NWPHPYPE
CYXXYEPL
PLLMEYT3
RXWTPFTX
EX3W3HWR
KXNFP7EP
9RFH3KKH
CW733PRP
97YRPNWP
EFTW4MHK
FAW9ALXX
N9HKW9PR
XEF9YYMK
9AFTYXMW
EFANYLKW
74L3T793
P99H9T4N
PA4W3L9F
TPTAC3K3
7TCHK9FX
AWRKKLME
X97KYAEF
FC7RFPTK
CYK9YXEN
7HHX9LMH
XXPRKWPC
FCTPE4T9
MTHNX9FH
73RXYPMX
WLT9CMPY
NRMTHF74
YT39AH4M
CK94KEYL
XR4YL34K
49MC4MEL
LKHY4LNA
E7H43EW4
MPNRPYYM
N7KMP9WC
FM43W3PT
WCFEY4NK
XW3ERALN
F3WW4CHK
PKFKLRM9
W39KWPAF
RT733P33
FMME9M33
LA99MTYL
MFYEKCL4
XCW3YC79
4X3PXL9H
XRCNPL7T
993MN7E9
LPELFNXM
WPHPX7WY
7ENTXYNM
L3FRTYYX
MMHPW7TH
KTWHR3FK
Y3PHLE93
4KHCKXTX
YEYENRYN
A4YARH47
94AWNXCH
7X3XE3TM
A7M3XCHM
49CPRMNN
EN33XMY4
FXPRPT49
F3TTLP7L
WFFKHA99
LXMHRAM3
9P3FRWPA
KM4RTX7N
KAR9HTHK
KYA3CRTE
CR3ETXAY
XK4AC4MX
4AXR7CTF
Y7AXA93L
3MEA3MAN
CAXFY9WH
PCFP3NXP
H9EX7APA
RWRCAL4M
FCR34WKC
KFRKL77W
AHWKPY4Y
WP7R4RTA
99PC3L4Y
KAXY4P44
F7AKLEP3
YAXER9WC
MTNK3THT
KTTEN7YL
7EEC7KXY
LNN7Y3FP
LRCPENCT
KCXNW9HP
MTF44WR3
NRFWFMT4
XK4WHKFP
MXARFHNA
TNXCM9KE
F7FEH7RF
NARECR3W
49EAKF7E
FWRRNTW4
XATWF733
E7KKP4LE
7PW7X3FY
N7CKAXHR
F4NT3XCE
7ERCN77W
CK39MWYF
N3L3LE7E
F4MP74W9
EF4CLHWC
4WEMATH9
3X9KLF4Y
KMYEPTCR
MCNE799T
LFX3NLEF
L9X397MT
HK99FC3Y
CHHRR4MT
WCTCPNPL
RCFXHM73
PMMPFNEC
Y9MMWA7W
A47WRKC7
7NK4KFCK
ETPYEC4K
R9RMEMXX
PPECY33W
4CM33P9M
4HENEA9H
WTTRFLL4
ETCPAW4E
NL4CAEFY
73LCTHXL
XYPFN4HE
HKEXT3FT
KXN3XNXH
XHMC4KHK
4AMWA7CH
XLAHEKTC
X7X7TMEH
NEH9LYFX
YMEWAN4C
EA7EKRRC
LLEHFLMA
9FMW3ETR
ALRRRKFA
344W9WY9
XH4MPK3F
TRW94XFW
CR9CAPKP
LM77NPT9
X4T7P9KF
RP9X7CYP
3T3AWCWM
HXLMA9HT
9YM7FYP7
TRCPTXWF
LT7NPM4K
HY34LN4A
4LHKXAC4
NFFW9KHK
ANKWAATR
FML4KPFM
YLRKHHFR
77CAPWEE
XCPMLH7P
FHW9KLEW
E4C9HHK9
C7TNYNHW
7NHWXFHC
LAP33KWM
RN7F7AMK
9E3WC79X
LMTRKYWC
HKMAWR7X
439RHAX9
7P33EXCL
3EH9P93R
3FCEFTLN
KF433H7A
MNLY7X7A
3CPMRX3L
47XTY3XP
KX37W4KT
KTPAMM7F
CLN4YATT
HEHAFYH4
9T7XH9W9
ELFMTNKN
TRLWX7M4
APW47K9H
NP9RKLA7
LAXMM3C9
9M44REF4
EWXHKFLT
T7THTPXW
WN9KMA3E
RLHAAET9
ERAMLLX9
AXYPMTYY
PHXHCLFY
97H37MXE
EHYREKAF
WYCCXLLP
CY9KMYPW
NTCY97MX
PM3FXK7P
WNLPAWAN
TM7YAXPL
FPHXEPWY
WMM9TKKN
RFWE7AYY
E7FY3TFF
A9FMXRNW
WATTX9TY
T7RF7XXY
TAWEYHFM
HCPA7KH9
LTMPFR9N
W3MN3HYT
HH4KECRW
3HHNKTMT
CWWP9CPY
RC9WFCH7
P9MTALCM
CTTA9NTP
TNMN9FYC
PWTPPXP7
LY9XT4KP
NKPYKXYY
P3YLPXWF
WALK4LTK
TW9N7CWW
CEXMX7MN
P7M7XW3L
7EPW3LXC
KL9RTTWX
HYLY9LPP
F4ET9FH7
9X7LEEM4
TMRPFCL4
E3XPTH47
4ECKFKHP
XWAXWNHW
9TLT4T44
EXA7FRLA
HX49TM7R
PXRXEXRP
YR7ELAWN
EWLK7TLF
RKLFPCY3
3FNLHRRF
7M39E3L3
LFYFHTLL
3XPMEEXR
PPAH4ALY
YKH9W7LA
NRL44CLW
7RLYW3P4
KFYCKFHE
XAHWMLL7
79YLLWHF
AF3RTETH
EN39WFLE
37E3AHHA
RWNNN9F4
LH3MTHCF
4PHFNHMX
NRNPCMLN
7XYH4FRY
AE3333KX
HPL7H44K
YMHMLWHY
MLYL4RAP
7XTTYYKH
A4NY7WPL
4YKM97TP
AMNP7YHA
FEN9F3HK
T9EPMPH4
PCY9FE4N
PEKKA7AL
7LK7XCKC
7H7KA7A7
7LEXKFN7
RX3K3RWR
L9EEWNCH
EWMREFHH
74HX7F33
9HCNE7RC
E7M4YNEP
R93WN7AN
MCNTYYF7
KF4TX7XM
CREMCH7T
C3AY44C3
9HLWCTNH
L7RWY3NH
RAYXFKWK
YCN37E3M
39CHF4PH
H9M7NCA3
MLKTCXAT
74X4RYK3
NH3YEFWY
XRKFFR7C
K4TPX9MN
737Y77F9
C9P3NWLF
WK33Y49W
AA7WKF97
P9XYW7K3
NTAXRMCN
H4NE4MEH
YCKCNW93
WKK7FEKE
MEXH3HRX
KEL3KLHX
7KKE79YH
7AXLCW3Y
MHPT3YPA
43APYAAF
KARF3WME
439KNNKW
AKLWRWNF
L3YAWEAX
7X9XX4AF
34KTPKLE
39WM77KL
4W7PXMLY
Y99E49HM
XHEWTCXP
TFKMCKCT
PM7REMC9
TTNRR397
439XKYYY
4CMFMTRA
33H4YRM4
CLFMALPR
LM4HY44R
47L9HKWK
KT939TF7
LHN4KRPW
9K4FYLCE
M4FWTKNK
PF9LWRHR
REM97FTR
MEKL93XC
93YEXCPA
TW933A7H
ET3YW3WL
HNEA9N9N
3477XALE
M4WWTCP3
CEKKT4N7
HMNRNEAL
LW7PYEMX
YELCE394
AXCY44RW
CAHHL3TY
P4CAKEF9
RA473WTK
4FW9L7MN
9F74WKC4
HRLR79PF
LC3MKYT9
9MHLLCMP
7WCN4RYY
FMX4TYEC
W7THNKKY
LK4LLCAY
9YH3PYMR
X493AR99
YTX4MCAK
PM9WY3HA
HWFLHYWH
WM9NCT94
49N4HHTP
7E3CNWAM
NT3C9RCX
4C7RELRR
PERC3WA7
M9X4AY9L
LAXNNA33
EFTAWW9H
YYNCFNXY
C4HAYE9R
4FEKPFTA
LA3NEAWL
99A9W7P3
TYCETFAN
7MC9NXLX
7FXHRE4P
7EE9ACPN
74RX4YEN
7LW3N7NM
MPRYPMKP
MMTM37RL
HYLARCET
Y7W7P43W
RN4NMXC9
P4PEMFFN
PWLE3KAK
C47NME3W
NCNKLX7R
WR7NNFCC
E9KWP9T7
YTAFAP9L
KFFPERFL
H7T9E4HN
4R4NCALK
43MF9L3P
TNNK79CC
RMPR4R33
EPR7R4NX
CP9PWWCP
TPK7RN9H
9R9K3CEA
A7MWKXTX
NTXYMY3T
P49LHN7H
MTFCWRPR
77WEK7C3
THMY7CXW
XR3RFTTK
NHC7K4KT
LMN9CM9C
RMP3CKH9
WHRE7R7T
KMMNPXKN
LL9AMWHN
LKY39HA4
NKPFPRWN
FX99KPTN
7K33K9X9
PWCRKRXT
P73KF7MA
M73FY39Y
W9PRCET9
AC9AATYT
TMAC4TNY
YXE9AFFP
KP4EXH7Y
CMKLK4LE
LLRNAM99
YF7X7L7A
799FWXYM
XREK49RA
NXPF3KXW
M9WKRYWF
W7F7LRP9
XPWYAXCT
4R3NTP9W
ATYK93AR
NX4HX3W4
EML7HY9A
9WM9LLN9
XKCPPRW3
CLWAXEX3
CW7477H9
3EWXHCEN
774R3XLL
A9NHNWMR
RH7NCKKL
9CLKRNC7
K4TRCLXT
7CPN3RWK
L9T7WRTL
KYM3M3K4
AM49TK7C
TXTH7HNP
X7RCPCMP
WHYNY9H9
T9LY4MNN
TCR993CT
MEYMKAKN
RYWKRR7F
FRREY4P9
4KF4NRL3
T3CAA7AY
T7FTEMAY
7MFYCLLA
AWWXKEME
C4W3K9FC
73APYXKC
YTAPA4X3
YLCW39AN
EH94XHHW
CLTWR9KA
NNPECYEW
T4NATALK
A3PRAAPC
MN77EE7M
9RR7XHR9
PF9RA47X
P4KYXMXT
3LEMK4MF
RYNE473Y
KM4TAT37
PTYY4EWE
47FT9EXP
4YWHLTTW
PN3Y34AA
LXPTAWTL
X9RNXPF7
TT73WMMT
NHECEPFK
MXNK3NRC
WWKMLX7K
L7F4NMTR
FCHYM3HX
KMKMX43N
XTPK4C4Y
4HCPCTP7
HAAL9AHT
XPNPNERN
LRMFMMYN
YE44WTFY
HRWWRHXR
7YTAPHKN
9TFAY7LK
LM3KLWAR
3WPCWXMR
CLAPTREC
CFNRXTNC
W9HCYNFC
34YXR3K9
R9FMAL4A
K7Y7PXY3
CRTCX4YA
XKETFHWT
AKNAEEAE
NPKPWRWT
CRNFFA7T
KFP7MXAA
3CPTATH9
LKTPNMWY
FNNPW7YF
ET3LLL4F
YEAWFRH7
YTFALR4H
9FN3FK3X
L949Y394
RNWT3KX7
KK7T7XMY
C799E49T
A3XW43R9
4RELRC93
W43YE9RF
N4FL473P
KEPCHRTH
RHXH44WA
MLMCEPHY
X4ETXTW3
MCH9RXAF
HLFHT34Y
X9TWFR7W
EYXNCPR9
K37CAPWC
FWEKCMMM
7FPR3EYC
CYT3FFET
CCXXY9KH
4WKAXT7P
4W37RXRA
9LAE7P4F
NKCMKR9L
MWPTRK9Y
4HKMRCP4
4EPE3KKT
MFWCYYWR
A7MH7YCH
ERCFW744
9N4W4CXC
4LTHCNWT
N7TEP4ET
744KNEW4
LYMYTX49
EKXTRLKH
MYYANRWX
93M7RCXR
WHEFLLNW
LFK7FW44
HHAMLEAY
EAER93PA
3HHMHKAK
PX394CWK
MMLE7YFX
4X47KWWX
HHYAXE7H
LFHFCY7A
7WW9NNLH
A3RH4LCT
RTETW94W
3R77TYRF
RM9RXHFW
KFR4X7HX
TPNYMKFM
W4K3KCHM
EKMRFP3M
HLRYCXM9
4YT7KX4F
LFXTL3ML
W9FFYF9M
AWPWRAR4
YWXECREW
7RAYFTH3
ME9YKYK3
MFPFKC3M
KMKHXNK9
WWMRR9T9
APAN3LR4
HCFAT374
W4C49P9Y
LPNMFYEY
WNF93C7M
7LTWP9HX
FHATAAA9
LA9XLXYR
9TNHCF9E
RHM3YN9K
73NT49EE
AENC9H3X
LPX44EFY
PWKNFAFM
F4FPCYEM
N3EXEFXR
N7LX7ATC
4HLCKKC9
43LCLEKC
YPP4WNTA
EAWFRC99
M3MX7Y4K
N44PM4AW
RHX4Y9W3
MFLKHPCW
4X77EMWR
RL7C3XF9
ENXX7HRR
TTMLTK4P
MP7LTWCE
CK3EYEHA
C7CWNMAE
T4PYAXH9
AE7XECCH
YH74Y3NL
XL93LKFN
RTKM9CMC
N3MRW3PR
L47FECLF
4CHREPXA
W3L3WWHE
4NWX7FTM
RYMMN4XF
4A4PWRPL
A4N7ETP7
3P4T73LK
KM3RC7TT
KXF4XFYT
YKF39Y7Y
A4F4N799
9RW4F4Y7
YRHXCNT7
NML9439P
YN4TCRAL
37WPWNPY
4YFXMAPY
XC4TFYEX
HARATP9W
9ELYTRKC
CX7934CN
LC97A37F
HRACNFFH
YT4PETC4
3YF4P7YM
AKMPRW7T
9HLX99FY
Y9A9WHE9
PC94LT4E
LCATR4AT
WKC9A7MP
R4RXWAML
4CP7XLAH
YMWEL9NY
HY994NHC
74T3T47E
9MELNKA9
L7PHLPH3
KH4N4FFC
4WTPNL9K
LTEFCLCE
PC4PWKWC
A3ELEANC
R7M3XRWA
MME7KCLM
FF3H9NEW
RFWPPNKY
47CELCXT
7XXWEHHR
AKR4CYC9
NE79HAKA
7AMT3XEW
CHWTYHFX
NPN4779L
E3KPYTYE
E4KYRKC4
XA7T3MEA
LL7FCFLM
FEWFTLRE
EAXLAN3X
WEYYLXRK
YCWXKWAF
LCTW7AFM
MWEPFNL9
H379NTYR
YMA3CTK3
7RW9RNPE
7WPWTNP9
LARY9Y7K
4T4KHY47
XR7PW7MA
MKKMCTE7
733WRYMC
NACPFH9N
F74M9YE4
P3FAPHHL
TM9W4YMY
TKXXCHAA
3YATRAPT
4F4WCPPM
KXYAWX7W
RRRTNEH4
MM3X43LR
9HLWPCTN
M3XL7H9X
K33M4KTX
TNWFREA4
ERCMHAKF
PLKP7APN
9ALWWKMC
LXKMWY9F
W4AX3FTN
P4LPWPYM
7T4FNF3Y
C9YHFAE7
MN9XHYMK
HLEE3YRR
XR7YLMPX
ELMFPTNE
MRRXLA34
Y43YRFEA
LL47YMAX
CPETMTCA
KTE3R4LH
HK3HM449
7W73FLAE
4L9TPRRW
T9YM4L4E
TY733LA3
YN4P7RFL
WNW4MWAE
PXNKNLRT
AXMPNC9M
KKH7K79X
T9NHYMFY
L79NNE39
MPFCRN4X
NKET4XAR
LAH7AEHF
PRMLYL4H
MWTLTEM7
TK3M3KYC
YXYWCT9C
97TKPKKY
LW44TA4F
WYMEMMTF
MECP9CFP
C4A4WXHF
FCWT9C9H
P4LTYRM4
EYLEW9NY
PKF4LEWX
KE4XTHXT
M9LLWTX9
49PEW9CY
F3YLXWCC
XEPFY33T
WMFKHHTF
HRAYM9X4
TNLTHA9P
AH4CC43A
C79N3RAT
MNPRFLP3
WCETPYHE
KNHLWFY4
PA4P7WCK
KA4CRTLF
R3F9RW9H
FE47AAKE
WAETH97E
H4AENY3M
EEPMMXFL
HNRR3KET
LWAF9H7X
R4TLT4FL
YHCRHYRE
WW4TTNKP
WWR439EF
NAETK9CE
CCTRFLHA
7XC4LRNL
EWA4M9NR
TH3XKLFM
Y3KMCCYF
WAMYNA47
AYKCFWWC
R39WKAXW
TYM7EFCE
FPL77KWM
RLKM3RXX
3WN3EAFC
AYCNKFTE
WKY9EN77
99L44EC9
PEFYMCL9
KK4PYRNW
C3T9N9TN
MNMNEK3K
ERK47T7Y
YKKAF7EF
R3KP7PTL
TR79XMYW
L9AKP39H
P4YFHMFW
CF4R9PC9
KF947P7P
PKTEWPTC
7XCCW3KR
R9XLKL4N
L4YAWPXH
NAAL9MKY
KL3P7E3K
CANPXHXA
AFXYPE9R
MLCM9MPY
PEYMXLTM
T9HCXRWL
7FPNT99C
ERA9FFYP
RLYYYFPE
LNYYX7LT
73LNKXAN
WEC37NFA
4PX3NFPW
9WH9A9R3
M7TF7TAH
T3LLWY7Y
WYCECMKL
7R9ARKET
P7KHR7RW
44H3RPRA
RYPN77W7
KKM4AYAH
XTCA3CYH
ANTAY3LN
WEMT3CP4
ARN34HER
FPKF7XLC
LAMNYWRC
FA9XXCA7
7R4WWPPK
FAW9RAKH
XAY9LAWH
393KP43F
LXY7WE3R
YWM4A374
FL7Y4PHY
LYXXXHRE
ARR79TY7
AL93TRWN
AYLX9NTK
RCWLW7XC
YWAHYLYA
MCN4KMEA
FNT4LMN3
ECRCNEAM
KP9TEPM3
3FHTAKRN
MKWXLPEP
3TPRR4K9
EKLHMHNY
3CYNXHN3
FE7X3PAH
LNFPPKMN
P9CAP9YP
FRHPFPWN
KFLRRR3Y
Y4CL4L73
CYKR7R39
LFTXXTLC
E7F47AHY
HEFY9NX4
HC4PFLC4
NXX79XP3
3WEM4PR3
NNAKN39L
3X3MEN7Y
PW9CLNMC
Y77XC4FP
34NTP3EN
4YHLPCFW
KEPFKTK7
PC7AKHHE
WLFH7KFK
L39WWYAR
LEYC7N7A
R9F3CPMM
EP7ECWH4
PCALWMRF
T7KMC473
4N4MWPHP
4NAFYTPH
XRRYWX9K
4X9PACXY
3CRYEA3X
ANPXXP9Y
7RR4C7TT
MHM4CELE
LFTKX3FC
3YAC7CW7
9YKR4XHE
WLYWM4RT
M944CTPF
KRN9YXX4
KL7X79KC
YKCW773F
T3CCTEXA
RYH7H3A3
M3NECAAE
EALXYCWW
MRCHX9X4
MKXLMXRK
KXF3LYAP
RYY79PWY
ELPWFYHP
4C939N3C
H4TRMPK4
MX7KLPHE
P9RE9NKC
KPEWLT9P
TKER4P7W
HN4REPKW
XHHC9AMR
HY4NKW4E
3LYERX4P
KEEKELHW
X9TXEMCH
KE9C99CC
LKN4N7XP
TCY4Y497
CHL973KL
9HYLRXT4
X7E7F7WP
WC9YNMWM
TENANLL9
97PLXLRN
F4CAKN33
P3NTNT9M
NA4MTHKY
LKRWC9R4
M3ET3MR4
47C4F3YF
PRTPH4WL
H9KF4A4E
R7YNCYPT
3APR94HM
CCKAEMXT
9EN7XCRY
A7KLNAP7
WC3LF9EC
KHWT4LX4
4M7AL4WR
KMNL4PRX
M99RPLMY
W4YCYATW
3FRTR937
N9H9YXHN
H3P99KKM
3WHRL3RT
97YYRWLM
A73XEYHC
FEYE9YE9
74A9R3EK
RYRYLE3C
RPKHAL3F
NNWP7WLM
HXLMFK9X
Y99NCE9H
XCRXERLR
4YMLHC3P
FLW33YF9
3KANTYNE
HP3Y7AFL
PPHFLTTH
XFX9AYN4
PLPXHHPP
YFWFYE4T
PACN3MA3
KMRHFAX7
HHK73PHE
TWLF9WPM
A3HELAL3
3XNFW799
9LTCFP7C
EAMN3P4A
XWCNPKTM
XEWLRKEK
CF7PFMA4
RCM7KLEW
HRY9YNH4
HN9CWK7T
CAKF7H3L
4ANYXTEF
KXPA3NYE
XT4E3FCA
TF9YKL9A
EAH74YKX
ATXLEFC7
LX3KRMNE
NKNPETYR
FK97KE7A
TKACT9EF
49Y3CX4N
MX7NCRYR
7KAPHNH9
ALAWFKP9
FE7WA7C7
MRLHRX7R
EKTAREFW
HAEKA9HY
ANEYHP7C
FY4L4EXX
794WFR9X
X3NK4FMH
WNPCRRNY
LTRMFY4A
M7WHRHCW
9MPRRCHF
RWNWPTKR
NLXKNALH
WCTYTW4C
NMAYHMEP
NCRALW9E
34X7L3AX
CXEKRP3F
TKPRKWLH
PXFKMTAR
PR4CKYC4
39FW3NCL
3KFXFNLH
P3MCPEHL
R3W3N3EH
TA3PNYNC
YL3LHLR4
NHKN4RMW
XM4WXXCE
4FTLNM3E
3L7HLLHF
TX7NTKPL
XRXHWWEH
KYMP9RPX
4RLTYMMM
TA9MXX39
TE79MWCK
E9ART3MC
TP7R4YPA
FMCTWYEM
7R7ERY7W
MXX7CX9E
E99XR7LN
RWARK4AY
HW7K4LPC
ACHH4WN4
RYEP99WE
YC7R7XA9
TWWKPHKC
LE3AKMP9
FL9EAHMF
PFW7XAR4
TXTHYRFY
7MW49ENH
HFFXKWF9
7PXFX37P
3P7KEWAR
W379MX9L
CKTK7KL3
PXY3TPKH
AK4W94EN
MPLTPFLX
A4NELKTK
NLT9YELN
73WAWTPF
PNHA434H
AYKYLA9Y
AWKEWX4H
X97MXYXR
ELHMTRCN
7K3CTF4F
YYT7PKNT
FLAWHT94
RWHHCTTF
HR3LT7C4
L4FXPCER
PFWYMYXH
AKPPLN7R
T374TELX
YTE73K77
4RY3NKWL
WXTRL9YM
RWLH4PLC
LFEKRW4H
YMPTAMEC
4YAF7TEC
4FFYHAWK
TN3WYNWW
93PKHT4H
4W39PPNX
HWW7PYMN
KP4ETLPF
MRYKXNEN
7MWPXAWN
P44CRCPX
LXHLNXE4
FCW3LTHE
T3YK7LL9
KHT7F4LN
RWHMMNNA
MCPPKAFL
7MRP7CC9
AHMHFNLF
CYWYMCC7
MYYXLEY7
TMEPYN9W
Y7YKKNPW
3XTXCACN
7EW7YT4L
EAFWAXCW
43THXRR7
3L73MAYR
X7WHT3FC
NEWPNLCT
TLCEKXTM
AFTP7C7Y
FMHLXLEN
CCERTLY4
RNCANKEF
3E7A47TY
TPW43TEP
PNET7RA9
XLFF7WRC
YXM3KXFM
NH3NYNW7
FP3FPFC3
Y37RNXPX
MRF9HEXK
KP3C794Y
C7APYRH4
CLRRKXN4
4EHF4PKL
7FKN97LW
TXC3H9C9
MMEXX4AH
AER7LYKK
WHAH9F4M
HCRH3HMY
FY3RKWXT
ALCM9CTC
Y3RRAEWT
WWE9MW3F
EY7PKAE9
PH94CA9P
F79CKCL9
MMNETFXE
7YMLTT34
WE4NNPA7
LPRMWRLC
EE7T7NNK
ECALLKK4
4WMXETAT
WYCYM9TT
FM9EXWAE
M7NMW3AL
L9FCHEML
9CME94AW
P3R4KCWM
LRX3RNWL
93L4FKKL
97F3WANP
9KHNM7L4
PFHP37MX
4TFCPPX7
KXLAX9FF
LHERRW3W
KF74PKMY
NPTXFHCK
MTWAFMA7
Y4A3WANF
TFWNYEKE
YX3XTEXP
LPK7LE93
LLPM3EAX
E4WPK3FP
YEF3WFNH
EMYHEEWM
H44R9LX4
KAYCA4YX
RM3ATH3A
PCHLFNCM
FFCMNYTF
4WK9XREH
3YY37F7K
F4KK3W9H
KPE7RKRF
PPHFPHFY
3PT4H9P7
3L7XL977
R9ALK4YM
N99NKTEN
HCXLWERT
MFEKY7AR
3ERTRXLM
KW9NR339
KMNAWNTA
9T39HF9M
YN4T7CWR
9MRTPYY7
H94ERMWT
3NWATMKE
WCN4YLWP
FT9WXAMY
Y4F9LH4X
XTWCYPXW
MK9347P3
FF4H3MHK
NE4WR4EW
EXRCWLXX
NYKKTRRL
K73443MR
H3MPACFH
EANEEXR9
RYWMHHFK
PFHY9WCM
NNTRKA73
MTFPRCYE
PE7PP9YA
4KPMR73F
CC7CARM9
4YWP9PXC
AXARNFXE
YKYRMYCT
NMNFW7C3
RCN4WA37
AEFA4PCX
F9PC3Y4L
EKNCCW7L
K7KP34XW
CKKCR4K9
9N4WPRYN
AYRAW9NC
YPW94RXN
K49E4ML9
TM3TCEWN
NWPXMPK3
9LNARHT4
KYYT9394
YARF7HMT
HKHFFRRX
FHP4X9YL
4WRAAPLF
FY3M33CM
NALWLEMY
P4WY3PX9
FNTKPNHA
MMEKTFA7
TWCCK9WP
HXC7K49N
C7X9RXXE
LNPAR7MP
C3X3PHL4
9CYR3PCK
EPECL4WN
LT7TEN44
CMYFCFWX
9TNLPH43
3RFXTYHK
EFNRFXL9
PPHKKTNX
3N97XY9N
PCNA4FEF
3FRLRHFL
H3FNFAR4
CEAER39L
WFAAL9PA
YWWHWKNM
MFWXMFAH
CEAM439M
CLKNN7WM
7NLHKCAL
7W9AFYFP
YANW3HKK
TH43AATL
KFRAL9AL
A4FW4YXL
FRFE7MCX
9FLE9NLA
Y39XFLM4
9XNAFTAC
7MHNCC4N
WPE3LLN3
LYNCW7WC
RYHK9493
P7WXHWFW
MR43AHNL
77MT93TR
74KRMFT7
MPFPM7AF
43PA7PRL
RYTP3FCC
FAYPRK9L
RRTLFER7
E9MTWERK
X3C7RHEN
Y9PX3CRM
33T3L77C
3LETM4K7
HR9NCELE
MHTMHWFH
N33FYRWW
LL7LCKW7
XTNH43XX
TER4TKAN
LALY4NCP
WKX4WN43
774NH3NE
47F37XYA
PP4PWXPM
3NRYLXWR
TAX9TAFX
CTHWATML
LH3A7W3L
3MXEWHWH
T3L734CT
NXHPFLYX
7WWLAX9T
XNRL939W
WTL3K7LX
3PWWP79N
FH7E4ELE
XNWMRN4F
MP7KCY79
KMY3F4HF
PPW7EA9M
LX9FYK7K
M99WTXL9
9TYRTTT3
FFK9XTAK
7TEMK9NK
7E93YA97
9AX7TYNY
CNX9LFL7
HMEAXWEN
EAN9C9CR
WY3PAKCF
TX7WCNTP
MMACKK74
K9MP43FA
RNCETY3P
9NWERL4N
3RHXPW3M
THY4AHA4
47ARWH44
LKM9T3AM
CEYNXYXW
CKNXWCNY
HL7CXRCE
9MPNAC37
7TWKREKN
PHNAEPCH
3ECCE73W
CYE3EC3E
39PFCFN3
YTL7N7KN
4XWTNEY7
TCKH9TFC
TF7NRERL
M77CPP93
LA9KPYPL
NKYELH4F
NN9KYLPH
RTR797LT
H9WMY9A7
PMNAMPLP
M9FEKCF3
F93RNXXN
9K7N4FFP
MRKREH37
4XH39R3E
C3RMK3YT
MWT44CK4
FLCE7XEM
LMC9TCCL
FYR4REL4
H9RE3E7H
CEL43EP7
Y4FCXFPF
9YHYTAFH
WL49KTPK
NPEHTMH4
FT4EANNP
4TRPRKLR
WE7XHMCF
HR9PXL9R
44TXR9TW
LTC99KE9
77RWM9HN
CHYMFTMW
NXMYC43F
LLPK3P93
CATW7YYK
X3WL49HA
FNTCAH3M
Y3XAWX3X
TXRM9YAY
WWHPL47X
9E9REPRL
HFNW4LYY
9KFTRAH3
3XLWHLCK
TPKEPRHP
XRPWRNA9
KH3YMER9
WR3PX9RF
CMFFF9KN
NMKXC4FC
H9LNKWHL
XR3CWYKH
X9FXAFHH
FKMLCTP9
TPY4CKWL
YKLHENLN
4KLNLPTC
3A9FHHE9
RXWNRP4H
M4NPYMW4
KWE7RKPX
AKN4AL3W
NCXKYE7A
R44A494C
PEC4HYMY
MCLRTKN9
E9C4TPRL
LXWR7C44
CPNPL9YX
4W3FAFRM
KMXN7FFM
KWWRX3CN
YKWALCAA
MAHW49TY
AKTWFEXT
FMC3L3AP
YXM7A34E
Y4THFNNL
ANLYCTLP
WAMFXEPL
ARNA4FKC
MLFAHFWN
4RALF93A
LXPRN3KP
R4LW34RH
XP74RLH7
MNA9KYXY
MKFLWPNC
79X3NKPT
NRE9PP3R
TP7FKMT4
M9443YAH
PW9TKA9Y
3NT3NTLK
TPACXXLF
34FREPCY
FEARP3MP
FFNALWPW
3XK3KWAA
RYKPYAKT
FC9K7HEM
4WKKFEWW
MLYL9PC7
KXWCKECP
MRWE9RKM
AA93EHK7
7Y9M3RLH
KTYYYXEC
9RLLXKAW
HKT3NNAP
KHWR3ERT
FL74F3CK
CC4ECHKT
H9NA47RW
CKMWL7HC
RPXW9PAY
FKTHXHWP
K4Y49AHF
YPHEX4TT
XXFH3RYL
NMPPPWRT
FFXWF7RR
WFYNC3CT
TEKCL9EN
KTLLP4AC
KFL33XFW
X3XANR4L
RRYEHE3T
TCWFKXT3
N9ALPKL4
K9PNKWYX
XCXLK9LY
LH9WTPM3
APLX77PR
LCYA7NHA
CRMNYRTW
C449LLKY
CNEE74NA
Y4NREWFP
FLPKPKCX
R7NKH9T9
TEEWMW9N
LHHAA3XP
KCXFRMY9
9PFY3KER
ANFW3HT4
7C3WF9EE
FWEL4X3A
9LEWKHEK
AYREAKLH
LWTPWPEM
WPEWCK7F
RFC7PMFM
EEWXC7PH
9FRCHAYH
CNE7F7HY
EK9F79XW
N9N4FHYC
KL479RFW
XPAYC4LE
HCHX4HEN
RRX33EHP
HX7RTCAN
N4LELNLW
HEWA4MPL
KPR34L4L
HFFR9E9F
MHHN7MLP
9AHWXHRH
AWENWT37
9Y3YFNCN
NWYAAEAK
AR4EYWLC
F94F9KE4
F9KRPYPK
A43HYRXW
49FK4RCR
NYR77FMH
4TYA9WHR
9RKKXYHN
KCHMPEML
XWWKRFC3
MXMLMCPP
YE77HEN7
3NFN7XFT
HNMNYKKA
X7YX43TM
T9E44RFX
REYPRXFW
XHKP4NEX
H7CFRRHY
3RHME3LE
PP77P9MN
PAPKYN79
4LTYTNXP
NPX9XKHK
HNEAYP9P
F3T4KHYK
Y9LKLYLM
XKMWFECL
9TTWCTYH
EHT7AEYE
NH9AY744
74LLHF3Y
TPP9YTF9
WH7TT9LW
AMPFCWTR
LXP7WHXP
F3M7L4W3
XRHNLY9T
XRWKWCCX
ALWPLEMH
TPY7HXNC
TFPRNPNF
ECEA3FFX
YLKWY93W
MKTKW9LA
RWWX33K4
FWCMTKCE
3A7HNLPR
P4TMRN7X
PH73TTKK
99N7RL4R
AFWA733E
RNNRL7MH
4HWNN9EX
WLEFRWAT
KFXN4EEW
FCLR474E
7EFRPFWC
97XAP7EH
YC7HKXTF
FAM7F3KC
LNYF3HWK
X3WHWHRC
CMNT9ARY
7LWMKRR9
YPYEPY9N
4T93YCWM
APPN7XCX
FHFA7RH9
PYA9PXEC
ACHA3FW4
CFEXPRTP
YRLM7WMN
PTECH7P7
WRRMMH7K
4CCXEKHW
N4NEEK4N
W4WA999P
HPN79HE4
9NY3LME4
ANX7FLM3
KNPCKRNE
AX7YKH4K
T9L3YTFX
7PPKRAYH
CRLXNCTL
FCNT7A4K
PAWYFXWX
W3LNLC3T
347MA4YF
AHKCLAXY
THTNYXMT
KXFWNTPF
XEFNWHR7
P3E3PWCY
YXM4YXLA
LAWCXYE4
HRMTP4TF
C47HXNXC
NE9Y797P
FMXLFYHW
TT9XWKC7
Y4HTHF7C
PHLE77A7
W3PR3NWP
KX3E9C4X
3Y4RRLLT
34TP44YK
XTFX43EC
KLNYMR47
XPLTKLP7
NTW9P73Y
PEXKCMEA
Y3XMN7FC
LWN3R7LK
Y4MHL77H
P9REAPAF
3P4WMH3C
XCXRH73C
X7YM9CFP
H9AXXFTY
XTP3T9HX
KY9R3FF9
WEKA3Y3W
LYNTMXPW
ATTR9C7P
P4KNY43W
97KCL4XH
KTCPTKYX
NNCFM9FT
FYF9PX44
7HMNYX9H
EXCL7PEA
ANXKNLTR
C34H3EWK
YKLT934E
3ARNWRMA
YYNH4XPM
HCCLTYRM
RKYMANRH
MMENLWAN
RETTFHHE
R3PH9EPX
3CE7FLXE
H9CRM3W4
YXY7HFHE
PR9P7R3L
EHYTFERA
E7FK37T4
NCXXPPET
XK9TCNAL
HYYRWFLP
NCET7NLL
PX3M4HR7
RNKA93LK
CY7HCMTA
HNP9RNL4
CRRERYR3
EEF4TMRF
HTT4XPTC
3KRLAKFF
9TTX33R4
XMAA3C93
AMX7XTAF
9YMT4YXA
XEWFW9P3
KNHPNEL7
KW3TCCMN
MTM9CH9H
PKWERTAH
RTHRMHE3
FHMEHAKL
497FHXNE
43WHCTCY
WPXTT9HE
PEN4PWT3
4XTCMMAA
N479FMNP
WYM9PCCH
YE79TPLL
KYHAP7EY
9FM9CYTX
YYHTCCRM
K43NACNT
HF4NMA9T
7REHTE9K
MXE3P4A7
HYPXXN3R
MP3XCNYC
NPPPR4HA
43477NTX
RHX97M7F
RTMP9YRN
TFW7RKAN
MACTEEKC
CYETXNCN
9WCPY9LL
LATARWX3
E7TLLYH3
KEAAEYCT
CPK7P77T
XRK3YLPC
PXN44A7Y
4EKEMA4K
AARNCAPW
4H44YCM4
7MLKTW4H
NXRFN9AX
4LNRTFCY
EFCTM9PH
PPPWLC9H
MWXAN9F3
FLFWREYX
3X3FL3RA
NMAEKWP7
X9WY9MCP
HPNCHNTP
Y3T4L9XP
RFK4HM43
HATMFFTR
XYHW3MWF
4PFYXYER
R799ELAE
EYTNYXM9
XXK7WAA9
RMFCCMKN
A347AY9W
7A7FETWL
RPAA7ACM
LLH9CLYN
FEX3KKLR
MC4AY9HR
K9MFYHP4
F3EWMTPR
HXYLWF94
C9FXK9HK
KWLLN4CR
AN9RPMLH
NTAHWNMR
4NR4RLFT
7HTAMA7N
H4XWWAX3
HMCKLHNY
TR7HC7C7
NWR4M3H4
WWNHPLFF
9TKTPL93
LYR7H9EW
KTAPXFLE
WP4CFCWN
CTEP9347
RY3TCWY3
3AXAWY9H
PYEHNRL4
KMH73FAH
KRF4ECPR
EYWKMX37
K7CWRLML
YRC9EPTC
CP3R7W77
YAPLLL74
YLLE7XEE
MWML4H33
M3R3E3A4
LXM439P7
LW9KYNMP
3PN3ATEA
3X3NHTKN
LK7TTYK7
MCFCNNEN
E3YEEYWP
HLFANLFA
FAN44EYC
XCFM7YY4
TLF9N7CL
K9WNE7LY
TWXAC9RL
XFF9ETYC
TFFXY373
PA4AP4KM
XYTWRC94
R3L7EHHC
KLWN3KMP
KEPYP4LA
W4MNWNCT
9TLRYFYM
CF7HNEYM
TMLTH9YR
3MENCRNF
L7AWPCT9
3YL77FYN
NN4CAFR4
N4KWCFAC
YXWCPL47
RKHYW3H3
W74PHFXN
PHYP7E39
4RPK4R4N
Y4CHRKTT
3YK7XYPX
47H4AP9X
9XHPPNKC
9C3C4TX4
RC37TKM7
XLF9NTKM
7H7FWLXE
CNTMRYP4
X3NFTCXH
XF9FWP99
4HECXPTR
WPY4AXY9
PRMRLYTP
CK9RCFYY
FKYNXNXY
43FHNXE4
EHMFTAWF
YNYMT4EK
WKAT9RXE
WPNF9XR9
CE43NHWH
PMNLKPEP
EK4MAHC4
7WX3HNLM
NYHEPMKW
M43KXHKC
YMKFXLW7
HKN3NL3C
XNC9RAEH
HRYA7WRP
RMYKPMCP
N7737FAE
YMCXHN3P
LWWYPXHW
7WP3LFCM
4AF3WFFA
4CHFNN7R
3CAEYPWL
4T7KWMHW
TNPNCPPL
A4XFMA3K
E4YT7M49
RYYLW947
T3MWAXHX
LAAEWKML
XLWXYF4M
49MMCXK4
YEXLH7AF
PFPF99AY
TWMTXY3F
N73LYCEL
XKYHNCNN
EMT7RNMN
NNAHP4R4
X7KP9AE3
9C94W3Y7
MPCTNNYW
P9FCWYCP
9LEKR9F7
9EM47PYP
EXHW9TRC
F94MNA47
WFAFTHHC
4A4FTEFP
74AWAW93
WRHXECEA
YH9NXXRA
FLWWXLTW
FYC7X7HW
7W4TXCXW
XNF97MTH
YLTPLNTF
MT9C3E44
9EXNCHEX
797LPMKN
L7W73NY9
4NAHFKXT
XLCHPWCE
77NRRRWE
NKYP4YF4
WYMNWFLK
E4CKWMKE
NXXAERNA
KHCK44YY
4M34RPTY
7FMANWHL
7X4L4M4F
LFFMYLPF
FP4PWXHH
TNXWLXKA
YNTWERN3
YKKATTNE
HCMRM377
9MATWFNT
AYEREMKP
MNMFH3PF
ECPR9FKX
3Y7FXRHA
XPCMCM3L
NFEWTMAN
H9AAERWA
NKHAWXRX
YRKTKEPH
CRNACEHH
XA39AXC7
TFFCNTFM
LRLPTK9A
XWTN7FNP
R77MEKR3
39HFPW3R
YCTN744C
E9WM9MLT
N7MHR7XY
WCP4739N
4MM4E439
HK34FEKW
A3XHRX9F
LN9C734H
PAC7LH3M
AKR3HXFR
AH4HFELN
WX97YEMR
FCXPLCKR
NYTT7THT
EXLNY4FC
4MPR9ACA
RA49APYA
FFWTM4X9
YPCENXFL
EH43RLCX
TCXEH7KX
CX7LPRX7
7WTFAE3X
EPYPA379
AHA7RTCK
99XFX9EP
3F74XWMM
9FX7XMNW
L7EWWKFR
4NEKH9RM
HTTXPYPF
YRTXRYHY
K7X3MCXY
RRX7AK34
NKXNPRCF
LMAETLNL
EMR3WEPW
YFMKTYNR
FC9AY9ME
PAHPMH9T
MNAC77CA
TXL3E4HK
MNCRATMT
KRFT94TY
NLTM3TW7
F74YE7WW
YWTELKT9
CXP4YNF4
MHEC437L
7KYRMWKH
A444RRFX
XKF4XNFP
K4EPX7KX
HWXACRP3
K3LPL3AY
PCXYRYK7
RKC4T3YK
YCPALNPR
YXMHYEWE
97TK4PPA
Y9F7P9KY
9XXXMMRK
ETKPAW97
PMRFMYM3
MTXFXLMT
3PE4YMXX
NYWECFWL
KN97AF3C
FWREFCW7
WXCTC9TY
NKXKFLTE
4P3K3NKW
NE4LHTKC
3EMREPX4
HKLN3LE3
PKPT9FLL
TXYY7AWY
R99ALTA9
KPNMFK3H
497XNYCK
RF99TECK
YFCNF4AC
EEX9HWM3
RHLEPXYR
WAMRYMMN
C7PPKKMA
WCK7KMLN
94R443R9
3A7ECKTP
LRME9CNF
3HPRMEKW
93NPF3EK
ERCPRXXT
MCLFWRMA
RWMLK7TR
RR4K4TL7
E7FPLAWM
EFP4AL9H
PETY9CKX
3ETPNA3H
49R3NM7Y
XW3CL9R3
K9WMX7WH
C7XXLE43
9NF94RL4
HYMXCWLH
XNPMPMMN
THHEKAAY
EYCHKACK
KRWAT7RT
4739HCPR
YCYNR39E
RR7L49M9
ETW9WMRK
MR7WPM3A
FW3LRLXF
7HEX7RHT
N49YHM3W
KNEAMR4P
9H7EH7KK
WXTWCWKE
XTYELMFP
4NNTTNX4
4KWCM9Y9
RW9EH9FR
XANCAR47
LY9MEMM9
MHPN9HNA
K4CAA43Y
Y9TCT4YP
W73NN9LK
PL77CLT7
WEYPMNRC
RMTMALCX
RAWK9EHP
3KE7XW7K
XFAH3N3F
7CAX7Y7H
AYAAH7F7
HFK4FHWE
3TA47LRE
7E3KLNHK
4XY44TPF
47CTA9FE
L3PTHPYE
YLKHMXHR
W9XRK7WP
XXRTMMEX
FR4TYMLK
3FC73HXN
HXAN337E
MWWKWP3T
R4NXYMMF
WTWFKW7P
YEHCLPWA
CKF47X97
C9KL7L97
747WKLNP
NNAT3MC9
KRYRAN37
LCLLLNKL
FKPKT97M
WTC799LN
434L3X77
LFA4YCYE
MCAXMFHF
H4HTWHFN
P73LH3TP
PAMNEL3X
KK73CCE9
NWR9MMYA
C3XXHXKP
WFM9XC3H
ALWAW9NP
PW4XFAMF
WLCLMTTH
P494XKFF
MW74C3KA
N9PKRARM
7RC9RET7
E79KTLCE
P4THYCEP
H97FWT7N
FRWXFY44
7TE39YF9
EAY4F44N
3HCPLERF
WKNL79WW
YETL3RNF
RF7HWHFN
9A3YA4HY
WR7PM347
KYA44ENA
AK4AATWM
9N4N799C
94PH7LMH
N3YR4PA3
Y4FXRYRY
ER9K3RFK
YP4X93LX
PLTLRTY9
LFMXPYM7
94TK4M3T
XKMLR9A9
A77NWMLN
AEHYETMA
T74NA4AN
K7REYTTH
3Y4YXXCE
NMEMR3R4
YLFEFMPK
MTLMCRMK
KKFRNE9N
HHEKMYNE
TLFKRFCN
X997NYPC
FXP49T9F
Y9XMLAAF
HH9RTNCA
TC7ATYWM
H4KFXPKR
3L99AK4R
YXNNCAA7
9MPPMPWT
P7HFX9TN
9EHHYLPF
A3H9XF49
TKNXLRAM
4RM7YLYM
FKRXCFN4
4ERPA9MY
7TMRXERT
4EMAXCTW
YXCFPRFF
L3CRYWAC
9X3HW39X
4CEFCL4Y
FNHYW3YC
3RXF7C73
T9XWF3FN
PAHC9HLF
KMFFNN3R
R4FNTALL
ETPL3EPX
KFRTMM9L
N43NREWX
7PHMNNKX
FRNARWYP
Y4WMR7P9
YE3HE7MY
F7K4LEH4
YTYWFNR7
RNX97WLT
LM9CPKAA
C99X3HH4
YFH4W9XY
43ECHRNP
9P7XPRR3
NAFNTLTT
H379YHYR
RWXNA4YL
AFLYEYF3
CWFHL9C3
NPTL494T
RW3NKN7Y
YKF39MP9
PEAWXKCW
WEEK7RTA
K9MN9LRE
WE9NEFW3
9LPF3KXM
7WAKTLMR
NRXA9EFW
CRTAPYWN
9X97WLNE
AHRXNX4N
4R3H43AX
CLLHXTYH
7KKMNRL7
RKY3EMC3
PK79AH4C
FN3TK3WF
MPEE7LTM
WTKM9PF3
4TLY3WE4
WERMFT9T
LAEF49FA
339R9FNA
XXNYXWKA
CYP9PCMY
9PR7LARM
F9AAMNCC
T4K9NC44
MNCK7FTA
MX4LLPP9
EKY9LY3F
YLA9PAKX
RH9TR4N3
4M97MTKF
NLKTNWCA
MXPAPF43
FCKXRXCL
XELMCAR7
XT7HMRM3
94LARHNM
EHHFTWFM
MXYEW9MP
977FALP4
YWCTP3LA
MLCNTWXK
TYW3YAKK
M7P77XEM
NENHALEL
RPHP3ENM
49RHNTEX
TTETHEHN
CXM4FW74
HWPENE9Y
R4PC7RPH
YAT9KXRF
H7W7M9Y7
LCAE9F4L
MTRCWCCA
YNFYLL3A
M3HTKEK7
F4N94LM7
AN99KPNT
XXHAWK94
CNYYXL9W
EH7HL9LP
K4XFET9P
K9X3M7MC
YPNFAEAP
LPPP9HMC
4LMKYENW
XRFFCRRC
9EKF7LF9
YRFKARYE
CMKT99CA
NLX7RYL7
CTR9RMFW
MAKKCHX9
PNXCAYXR
HNWHL9T9
3AXLXW3T
HN79W47F
MCWYMCNE
PLCN4WXK
MRFYXX3H
KHX34FPX
3Y9R7R7K
NE33HXCT
ENWMRENY
CR4CNYE7
A7YT4KPT
NNNHLNPL
XRYTNYH4
HLWTRHK4
XANT4XCK
FNKTW34K
44F7AXEP
PHL3XA4P
W7WXRNTH
M7MPF44A
WMYHRXY4
KFTA3FR4
N9NEMWNN
4NMC7EEX
7TRKNK7T
4LCTPFA7
WWK733XM
3FXWRECP
NPCC7K33
NXAWLLNN
CE3WCY4L
9NHXNT9C
Y9LMNNM4
4HNM7FLF
FERMHL3P
R94YXL99
AF7TW9MK
WF7HEHX4
EWP7N97K
CPLETCL7
NNTR7NLT
LML9P9R9
47LMWM34
7CM7K9KN
N3ETPKRT
TLCXR7EX
WY7XP3RR
H9MN9X7F
TP4A33EW
YK7KAA39
M3W9FAXL
NHCCRPF9
HCM7799F
HHE9NNWA
WE44F4EF
NN3EHH7Y
NWR9TAYE
F3FHKCNY
PCXNE9PN
HNNCF9R7
WH3AYKW7
PLPWP33R
LW9NNFAA
PFYMARYY
RW3HTNHX
A4YM74EN
WR9ENHKP
N7YKWPFN
L3XMF973
MXNMWTMW
YPP9X3CL
XHPWPYMW
34PKY4CW
ERHMR9H4
3FAC4E99
4F9MATKP
4EE47YL9
HKCYW4TN
ELEWNE43
K4AXXKHN
4XCC4P9H
4HYTXYRM
T7ETATC4
47CANPRK
WR4ALRKY
WPR9WWAL
TMYWKC7A
YPN7N9RR
4NCHFM9A
FWNERCTP
LLC4LT7N
EWM7PNEN
NHKCXAW3
WMCHT7FX
T7N7LM9A
XLFXM3TL
HY4FXNNT
KWLA3ETF
3ALMCMY3
X7AHYAKP
MA9WHLW4
RLRMNW4T
X3EN7M3W
7MWXLW97
7WELMAWR
4C4HRLNM
RRAPCE7K
FETWN39W
RTPYHPAL
YNWFRWFN
CRMHH394
RPTLKM94
7N3WFEEA
LNKKA4RF
WPXMWY7C
T9KFEM7C
EXN9W3T4
9CFKREX4
43W7F9RL
RYLXCANA
3LMMNFR3
NWYF9H9K
WNC3HWAC
L93T94LR
ERMTNHCR
E379YXY4
F7Y9WLXF
TXPWKFFH
NKEAFMLX
TL44344W
7EEWPMWH
CK3C7NMR
FYW9KAXX
W9MW94FC
FN7YWWAM
NELTXPCH
TFK9FFTT
43YL4HMN
WTE4EXY3
XCHRL737
EHLN9NRK
FEM9LNF3
9HKWYYNX
XT7EAHW9
49MPCPCF
WTYREAKA
7LW3WR39
CCL7L9YM
EFM3W9RT
EL3NYACP
EYMPLHPH
WEEN4M97
9HAWXWWM
NKKMNK4K
4NEYP433
YKX9W7CF
KWXR7K9K
Y9PWW34N
K3WRNMAE
7FP99ECK
7TKWCRTC
LNKWARWA
XKK4TYYX
NPL7XMAE
C9XCW7WH
YT37CHAC
9HEFFAP3
7WNKFXKN
CLTK933K
FN4E3NYE
PWLFE3M3
F7N3TP9A
EE3FLRTM
AKYXCWT3
PMKANRKK
KNTXATW9
YXCC3YR7
RXWL7NKE
TWTWWP9E
YWEYXEMK
NNLWNFP3
TYA44C33
CFYRRNRX
P3PWM4MX
L3ELPX3L
W9AMTAP3
CKN3E7MY
EMKACFPR
WWWY3RT3
9MXX3T33
W3E3AWYX
PW7R3P74
F7TXAXPX
9RCLCWMM
M9WNTA3H
HCFX4TC3
E4MK9HKY
YKM7H34R
YT9WX74T
PKLMYXLR
ME9AA73A
ERTYXM7F
9WMXE99L
YNRRNX7N
CEK4Y7NX
NP3ALKAH
4ATFCC9P
F7M4FXAN
PX47E7YH
YF3R9WA7
RRHLPPLF
MFRF7RYT
7H3RAN74
NXAMRALE
XFLERYXL
FPH3MPXT
EWEEPTXY
4TTNKLKP
TEFXYX3P
AH3RMXYP
M7LLA3FT
R437N4LC
MRLHHKYA
RPAHCKH9
XXCPXXFA
WTLPNFM4
F4T4MCLW
R9FXN9N4
TTCYYXYX
K7AAFPRP
L4EKAWRN
MMNRXCHY
YWKAXC4N
X9LMAW79
YLW47479
NF7LPMX7
FNML3X7R
94HXT94A
4FK7R9MX
RHHKCHMW
FAHKMTRN
TYPXTHNE
KT7HNRF9
XRHFW744
TWXMAXKL
F3N7YYYL
X34KTXMY
F3E9NM4P
CMYXTA7R
474PHMAY
ATL4NCFA
9RTFY4RC
ALXLLLTW
F9MMMEYE
HFMX7MMR
EKLR94LK
939NXTTC
F9C3CH3E
P3NX4RHH
FX77PR4Y
MXMYTPF4
KKPXXF9P
7YC43YPW
L9KELH34
7XP3RYP3
3A9MFWTK
XWCTPPWM
3XA7PRFH
CMATLRYW
HAFLEP3Y
M7HMNWW4
7FFH3YN3
94P9HWMR
CAHMXK4T
LXKRA4HC
NYXWACWK
C7MC4A43
MWHYK4TF
9RHAYHPM
X9RCLWCT
X3YFWMYA
KHTYC37H
TX9ANTFH
HFLKK47P
WH39CMYH
FNHLRHHH
TXMRFEEK
FRTTKWYK
TLAMLATP
KFNYME73
TH39ATT7
MC3C4FX7
YACPPAT4
EA9M3AFX
MFTNCHLL
NT3TTN99
F334N9AX
RRRKNH9F
TXRHL9KR
REK777X7
3NXYKXHH
T4F4MMHX
MXPE9H94
4TAX3WWH
LA7WX93R
P74LF3XY
LHMEXMHN
PWRMELTM
PYACN99T
CFHNMWWX
XRHEYN3Y
E9MFRT9K
7XLFFMXR
9FW74PMK
NAKYEELK
F4NRMK7E
MPCCWTYT
LKYRKRNW
CCXC7X7W
EANCR99E
R933E73C
PXPCERPN
3M39LAEW
3XMFCPEL
3NLLTMNM
A7CT7LKA
NTLFFF4Y
4XY3YXTH
PLXLXWHF
KACKPLAK
WTANEK4P
CXHMNRWX
X3MF4CW7
FFKX97HR
HRCEW4CL
EPMPREC7
MMER3YWW
E3C4CCPK
XRFHEWCH
4ATKACLE
K7NRR9T3
PMNEW97R
FK4R77FX
LLX9NFNA
CH3E3WAP
HX7AK3YT
K4KA4RWK
4MTH4WNW
CKCR3T9H
T7KWT937
RYERXX4P
C37CMN3L
MCWACYYN
NC4E97Y3
9WRNM7YK
WENCNRAH
CT4K9CF9
WX7F7MNF
MW3PKNET
9EFNAE7N
FKMAFAEK
4MLFY9K4
TT73YFT3
TX9T747P
YMALCTNX
YRPTA93N
NLAYPR7R
NRXWCM3E
L4HCRNMF
9E3TLWNP
WP34L4EM
PHAHY74X
74Y4HF44
R4TK3MEC
M7XHMPNT
FYWCRNTK
9FW94FYK
ACWYFNAY
ELCWFH9L
NR3MPMFY
RNHL9AH9
KHY4TE9M
THTXCYHH
WF7LCHER
EARTX4XL
C9ENW3C3
PMA33KHX
MNCCPXWK
PNPHWNTM
ANRFHT93
47F9RX74
M77MXAET
7C7ETYR9
9XMC7HT9
PHCHCXNW
LEX344XP
FP4XNMWC
CWKNEYLA
N37HL9PN
7HPFY4FP
FEPF7MTW
TA3E9FME
MNR73K4C
EETXNH9H
YTTTAREX
MXCHFMMC
EHWAPETF
HXACEP9R
Y4W7MNAY
CWKWWTMR
K7EFLC9T
K7KAWKFE
39MYK34H
HCWYYX7M
NYR3KNWL
PCEMHLYM
WLCLRLKE
7NYTXKNE
77NE7XC4
AYFWHLRL
LPKPFLFM
CPFELRKT
3RENMHH9
YYMTLXCA
HN4RWHAK
TC7WR7MY
MPXEN7NN
HXWA3WAA
RK4WYH3P
EH9AXWXT
T9HFLFMY
CN9AFTRA
FTKKTYRF
KW4NEK9M
L7XH99YM
WPCHLH4K
EPXW4KRT
EE3F9MRN
T4E3WRH9
CKAXAYW7
7ELWCRF7
WFE77WTH
EK9CRKFY
YMNHYKEC
FFNFW3HN
LXMYNN3F
KHWWFRET
HWNR7NAH
A3NMLEYX
WC9XXX3X
WF49YMRH
PMTKNNTP
PTR4TN3M
MKP4HHPC
TEYKL3FN
FLANETA4
3TMNA3KY
LMPHLAYF
NFCEMKKX
YY9RXY9M
FWTRMTFC
7CN9ALPT
CFWCKFWL
Y7YCXK34
LMX9EX4K
EEYRYT3H
LTWRLWM3
N3ELPA47
NE9EXEMR
ETHAAYR9
WNLT7NFC
RHKLPFXW
TYLETPK9
KWF9P79N
KWC4LFH7
LF9A4CEP
WFCNKP4M
PPRE4N73
CNHNK4YK
7FRAAA4H
NPX7FEKX
NY3MRCXL
HARHXCYL
4CECY4RT
HH43NYW3
YYAXRXFN
F4XPAM3X
WK3NR44K
NM7TC79A
NWPWWELP
FFFYHR4N
F4ANNWL3
3ATFXCLC
ATTT3HWL
3A9YN9AC
F7A3W4RH
RFTXW4HC
XNA4CEFW
HN4TYY4P
NRMPA7N7
3TPK7XMP
TRL7TLY9
THYWT97L
N9YKL9LP
FLP9XF47
73AMC79R
F9TEPWK9
ERWP9RYW
P3XFEM4E
RYAHLLKM
A4MAX3PM
7RYYWHR4
HT3CR4NM
YRKM9CH4
N9YEFKFN
KWWM9C9E
7N7RNRL3
9WFMM7M9
LWP7KWKY
XA3FKEYL
YLAXPFL9
7FHYYY99
9HFER9NW
K9FLYATL
3N7YAK47
KW7XFLXF
YN393YK7
KR4KTWW9
CX79KMMH
44FTRM9L
XK4EYRXH
Y4HWCP7F
KY9PPXHF
MYKHK3PX
NR4E3Y4K
KYAFKL3R
CHY9FL4N
KYLXC74P
PKHN4WHM
FYXFL4PY
9XWRTL4M
PEELYYLM
PHT4T3EC
4CFHTA4X
XLNTNRTK
FFCCMKL7
CTPEK4FY
AMKK9RCA
3HEN7MAL
TAFML9FL
AHX3MCWL
CNHCYWPL
P7TFTMMF
HAARFPEW
MX7YT9W4
79HNW9PT
74CYXXFY
NH7YFFYF
LCK34NW4
4HWRLWPR
K3LWEWKE
TTMXEC9P
X7FLKT7A
ECHERLE3
EA3CYTP3
KM9ME4LK
MPM7MK7F
KLYEWMAA
W3KHNWPE
PLLKPTRE
L9LLM7FK
HXAKAKCH
A3NYM7TW
47YWPXKK
NEKMYRMN
YCLMXAC7
7RYRFPEN
AWHYMEYH
PYKMNXWA
FRKTAC9E
H33MLTAW
P7MPLYAY
KM3XMK4T
M3EXAHK7
3Y7734HH
HYYKCEYT
479XMHHL
9EL3733A
7X3X734C
9LK4ERTK
FWFRRCWP
YCF3AELE
YW4M9CPH
L34WM4N3
YTNNPCPX
CEW973N9
NETEAF4H
WCY3WTAM
L9WT4WFF
FM7XLHK7
C9LYF9RX
3KHNMXHH
7EH3RYAP
34KNY4HC
ML94C4HY
XRF4MWA4
C79RW9L3
HLEPXMFT
3P4MFK7P
WYPRMCM3
R93LWPHT
PFTP7ETH
TH3HE34R
RRKLP49W
94ECPH7L
4LLKWHN4
LCKHM9W4
EFR9L7N3
E34X4NE9
HL4H4RNC
HHEL9R7C
LHXWK3WL
CE3XNHHF
7M39KPYP
T4YCFEAY
FYYAEA93
ECNHM93R
KC3PC93N
AP9HRXNN
4N4WEK4C
PHTLMHTH
M477MNXP
LCCKPKYK
RLR9E7KA
KAFNYCWC
4LKFA7EH
3F7RFCCF
M94XC7KX
LFRXLENE
FHTPETNP
H4X3YL93
K3AWXKMN
TT3WXP3R
PLH47ENN
WEAEAKKN
CN33TTP4
NKWEHPPY
K3N3WL9L
FXMAYA7E
KP9E9CTN
YPPWENXR
7FYNCPYT
9KAEK7L7
RNH7LC77
MXHYHW73
E4E44YR4
3FXNAXKH
3KH4FP7Y
EXY4MNML
NPPTFHMC
XNCWXPCL
FPWM3FEC
HXWXETLY
NET7RMFK
9KTYNCPK
Y7WH3L79
PTHP7YNW
3HLT39W4
AA7KMAN7
LP7MKAXX
WXHPNCXM
P3LKEY9A
TWFEKX7E
A3LYKT9L
WNPXW47F
FTFAC4L3
43MMEFNH
7R93FNR9
FWF73FMM
7FCCA3MC
AAWFATXR
KRMTM9C4
HWPRAMY3
A4MAR3KC
LKXEKC7W
AANLPX7N
RRCRPAKP
9L4HWNX3
94FNKK4L
4T7TKTML
RAANKTWM
EACWHMFP
ENHH9AKA
KFKWK9ER
XW4MRAL4
WNFPHMNA
NMHRHY9F
F9MRRPWK
CNXT497H
YPAFAFXM
3WE4EA7L
NXAEH7TA
HMCXMCNX
AYHLCFKP
NR9A7CCW
WLA3FF7W
CMRMLMF7
37NFKCWX
M3LMWEFL
4E3A3NMA
HMH9NYCH
NNCMRX9T
C3CXXENA
MXHFMPHY
9M7X7T7P
9KRPY9L7
XAMWH97H
7TYXRKXE
CTHML3NP
ER4XM3EP
L4TM7ML9
4M7HHREY
PKKPHLPE
FFWAPNT4
4RX7PCY3
FLRNC34W
4WXT9H97
9EH7PEHR
WPW4XRN3
94NENHKK
4YFHFKXY
WYWEL33N
AYW43CWT
NYNENETT
7NRTTPN7
NX7FPFHR
EAXTLFFY
ECRW4NP4
R7NK9MLW
EH4CHFEH
KHL4HP4M
47PCM79Y
9TNTNRN7
AYTPMT77
YMLLLK7P
NE3C49MW
CHLPLXX3
EHPXY7LA
3KWKT49M
YAX4X4E3
R7L7RLKR
PW9K3LHA
WKXM4TRH
E479RLN3
YWEAEL7K
R37YCMK7
AEEMPYTH
NFYWTFR9
HR9AMCX4
KPHMY3KE
WLKRWYMP
93FWMRCP
TAATYYXF
FYYLHKCY
C4KNXRCM
MX3E39EC
XYF34LHF
R3NT44T3
CALHRR4K
TKE337LR
WA4CHYP4
T9YEYFKP
C3MKXMCC
HMW9HRMX
MN7XL43M
3HMXN444
PHF97XP3
TXHKLWKH
49H7EMYF
94K4L3YW
9P9YCY4Y
HPPRY3ME
EFEMFWWW
RCPWMHKP
TE97TCLH
77KXCTF4
CRXYXH3X
9RWKMKWR
LWPHKAHR
YLEC7FEN
4HL9NCMF
RC3WM7XH
LTPH4EYM
NA4NFLXN
WWHF7KRL
4AE9NLTH
N3P3L7HT
KHMXYCME
HYW9X9LT
YTHA7H4P
PEHRLHXP
XKK339EN
WRFT3KWR
PRKLEMCR
47LRLXPR
7N7M7EE3
CY4MERF3
9RWAPPY7
7MAWMK7T
FERC4PRW
CTX7TNHF
3RXYFHEN
4WCMKYKY
PL3M7HHX
KKLA94XL
A9PK9WFN
AEMKRPHF
FA4KPC9P
7EHWFW7P
7C4A47XX
LTTMHFA4
X3XTE3LX
TTAKN4E7
KFWPPXP3
3X7RAHEE
7TLRMM7A
LREELN3M
3AX939TA
PP3X3PP7
WPPHK94N
NHX79PF3
XATHMMAA
7NNCH4W3
LFCN9AEX
7HXK94XK
C9RK4L7A
ETYMLRKF
3MLKC4PX
KAYXFEFE
9TKLFF9R
HCATK9TK
RP9WHMNL
XNPAN39L
PRTEYMYF
PFPNCN4R
CMW979FK
LXELRCFK
FRT4NA4M
HNX7FWAC
R9W4P9WX
CPYPCPKR
NAL94FMF
7L4AKEK7
4K3CECYA
XYPR39EY
TNYT7KYE
HM77MM3X
3ENX7T39
HFYFR9R4
74WMLKY7
LMKP4WFL
ACYFNAAR
RRMLLMHW
TYNNX4YR
Y3NWN3FH
MWAYR9H7
PAMRXAHY
HAYPTHYT
FRXFNFEL
P3THACNH
WC4ETPRK
3A7NLAKN
H4PTLLAP
3L3W33L4
HRCT3H7T
LKYW7X4W
7X34HAYT
9TKF3YMN
FA9HYYF4
WEMPPYMA
LHNRRP4H
44K7RTME
TLFTETNC
CLCMA494
XEPN9LCP
PPK7WLWN
F9FEYNLL
7FEX3YXP
XWWT4LTA
NNX7AH3T
9T9ARHMA
LLF37LAH
XX7NRXKM
494MLMKX
EL4A7M49
7MPW7MTR
LEYY4EWE
47949HNA
WTN9YE4N
PELXEY3Y
MHFL7ECC
HN9RW9WW
R4W9FCHM
YFYYEY4A
YTNL3R7R
XW7KE77R
LTNYW9M7
WTCTMT9R
R73EREWA
RN3FN9KM
M93YEMK3
9H9NTNFY
XNEWAME7
KX7RRX9F
XMT4RERR
NX3KEAMX
MX4R34FC
FT7NC9WR
Y4CWN7C4
PKE7THYM
MWE7ELKC
FCLKRM7P
E7H4XKNP
NFNFR4HA
LNEFHKCY
YFCT43MA
9CRR7M4N
CKKFFATT
M4FN94A7
MX3EWEX9
RA4CNXNE
4NEY9TFT
9739H7TT
MKWA93XF
FK7PAHXY
R79KYMWT
LANLC7FK
XTKHEEEH
KL7E7HWW
XHTP7K7M
H3WYM3XL
RLCXWKK9
4NCR4FNN
LY3H9XRT
9AHMNEHK
4MWTL7C4
43RLETFR
4NFFF3RM
ANH44RHF
9F34FEL3
EP7ENRL3
H4CWCMRX
F7W4HMLM
RAYMFL3E
LXA34WP9
PCLCNKAH
NTYPEXA3
XMP9ACHY
KH43LKXM
AE3PMHLP
PP7KH3H3
RFCPPN3H
HL3NMENL
FEATKXTH
4RRMLHH4
9AN3FHNN
KYY7RKY9
CNKTMX9P
H44PLFCX
33MA4HLN
EY7HENKM
77YKNRA4
NXLLETLA
X3TEMCCY
CM9RC3T3
PR9LAECA
MNRHLNYA
XKETMR4W
3E3R37R4
K3RXPME4
HA3M9LYT
FWPYLWMW
EFHEFWTP
KM9CANWR
HXMATPKW
LRT93YPA
HT9YM9WM
WAX4LMX7
AW349LWE
YMXX9YW4
T7A7P3HK
HN9HLEK7
94LTXLRN
77CNTEN9
LAYRLFW4
PPNEL39C
79XC7FM4
CLWY3N9P
FEECHLPA
P99FFPFY
RXEP7P9X
HRYFR7L3
REKF9N7F
XNTC47WX
ELWWYT4X
PPRKCYLH
X9WTCCEE
7XLFTYMA
RKFE4HEH
KPWYEP7R
4EMTHPNM
RFKYX4XE
EFEPC3WY
CF7WYL4X
FCHNCA9H
LTKXXYMH
LW4HTE9L
TLHN3W79
4MLRN9MT
KMAHYKC4
WMNH9LYH
33T4KLWF
MCKYYLRC
73RLC9LP
CXXCWNLK
A7MRHTEK
KWYFX9YR
7FAKT7FL
3LHL3HPP
L9EEFF4X
P3T9PHH4
EFCNCX9W
KKCWPWTX
F4YLR3HF
HNNFHXLH
KEFKPPER
YRTWEELE
WFWRPWWK
CLHHCEL3
PF9T4CYE
MPMT37YC
49RCXPKE
9YETMLE7
94PWLRKX
7E4R7AML
MYEFPEL9
37794PHF
K7PX3RNY
KF3WYLEE
R49PXCWN
YETEWCA4
HE4TKMEA
NM3MWCNR
Y77F9EKC
TXRKKARK
TP4P7RPL
NCRYC7HE
MLY39K9T
PMKMHWLK
MNLMA7AM
MXRTCPAF
P3H9WALN
7XMTNW34
HXYXKAL4
TLY3LKTW
E79AMEWC
MHAL4EWF
PCEFE9FR
AE9HLRA7
RNA9MYFL
H7CAM9X9
74TE79MA
3AK4K9AF
AN3CK3EY
W3KWPKC3
TCPFXLLE
KTP7TTR4
PKFF4KRK
LFNKWHNE
44TWMFXW
47H94LTR
FAKYTYXT
7YTP3E9E
YLCMCPCM
XYW94FMF
7W7M7E3R
3PMNTFNA
7P9HTXTN
PMKEHCKH
NAPPR7X7
FATFAP7M
C7HELW9M
4WRH4AEN
F7MPKWA4
ETWRXL3F
XR9EAN7K
44NTXAEW
F9PPCF33
4RX34YTA
FAARACR4
34P44HCN
EM9P49TF
WNRTW3XE
4PERHTRL
FNXNCTRT
KYA73M74
WANXYTHF
YHPKWWWN
A4HKPFTK
FCNCXPNW
T3YPYNNY
7PE97FLK
P4TCPW4E
P4PLE4NH
EFNR3HXE
M47LY37X
C3YXH4AM
MKPXNMHC
NMA94PE7
NAHHNA39
4YLC7P9L
YAFXKEFX
PWCLMRNM
9XLP9KMW
AR3TR9CC
LAM93TLP
TRK7ERL7
TN77FLPM
EX3NNXRM
WFFNALFM
R9AA3FAW
NPYYW9CT
MXAKAW9X
RAAMNCPA
4WMYTTTM
K74ATA4K
9WLWF7YX
EYER3FYY
37M937MN
FT4CNHLT
KWLXAPX3
YMHWH4EH
MWN79PMN
WHH77AE9
TPX7HW4W
4XYWCNLL
RMXF4PTK
YA3LHPF3
CYNN4EEA
H4AAXLRH
FTR9FXCT
397R3MA9
7WKLWR79
HEPFCM9N
49L3KRH3
P4K33L4X
LXHRNCLH
NMNFPK9K
MTYEP79C
FEFTYWRF
MNCE3NYX
N77CH9AE
CRTEKWNR
T3XMHF74
AAXXCECC
FPC39A9K
F4KTKLTF
LANTPTEY
M499PPL4
HPMFT4F7
4KPN9XE3
HL3AMAEE
KTLXW4WA
TKFFR7PN
9Y93W7ET
T3KHFFN3
WCFEMA7Y
KCYTAC3A
CTLLR3XF
XMMX9M3Y
E4LTF9M7
FCK9PL9K
FKX4T4WL
YCC73ETC
AW3RYNPF
EHCLYRFY
PKT9LT74
FKWCEKK7
X93P79PY
WKRMH3F7
E4CF7MAA
R7TE3HHA
YNXXNAHH
F7LX7YLE
YYCTLKXR
E7R9TLML
NM79A9FT
XPMP4E7H
YEFYRF9C
ATAHTWWN
RMWHP3CN
4M4WEAF4
LE7WCCKE
9E7MCMCC
CAFNYKWF
RYL7ECKY
K7L9X73T
KHFCANTW
AWRCTW7K
4YEHLXM4
FKMF44YX
ACE9KXHW
KYE793MX
7EAFHTMH
7THMWHE3
RP9RT7M3
P39E47TY
EFXEYHNA
99ME3NCY
4FKTL4XA
9FY4NCML
H7FXNKFH
7NKETP4P
NAH3ALLK
TLPMXWLW
METCYY47
T9CHHW4E
P4Y4HPPW
7PPH94FN
TCW7KMW9
43LFXHWX
Y4PE3TMR
FR9NT3RR
L33XTACF
AFYT74LN
KE7TF7LP
F443RWCM
HTCPA7L9
PYRXMRNF
WRW9A7AT
497HTF4K
3LNKXYRL
39MN93L3
3FMWYT9A
K7NPHLPM
YW7WMHLF
7E4N9TN3
NXFYEMM4
PAYWXYC7
YALEWRLP
XYRMTMAE
NF74FL7P
PPKAK4RL
ACWYAFAE
EW9EPH9X
K7RWXKHT
E4HKWHLP
7P7XMM4W
L9KHX94T
9WHYKLR9
XKTCFREY
7FKEHCWF
PE4METHN
4W4YR7NN
NNETW3MN
RE4PCTYP
E9YNANEX
XKYNHN7M
N4A94AYF
E9X9WNRP
AH9HP9M4
TH7KE4RT
C9FNHFWE
X4XECMYF
AC7LECFL
F77MYHYK
E47A3HYR
TCF7WLA3
A4Y7RM7T
LMEW37HA
KEKKFCEM
RPFAACKN
KMMAKREP
NTLTLHKT
TXLHNN7F
K9PFRTWA
EKT9H7RC
PKW4AWCF
T9HCH4PW
WFEWEYR4
R4EYXKP3
3EMXP44P
A4YTMEEX
HWEKK4TL
AARFPM4L
AET9XTY4
MYTPKPCL
4NN4EMKX
ERCL47AF
4KHTXHPL
XRKHCNWM
PK939WWR
7WM3C7N9
WMWPHMXH
7XLTNHY3
T9KPH3PW
43K7ENF9
AHAYT9R7
LK794HCT
PR99TWLP
RXCYXMYX
PXM7LWKL
NANRXT4R
TTTP9TTL
NM4XXET3
XCKX4HE7
NELLARNA
W3R997MN
PL9N3ANT
LMAMP3WK
AXKMRCAC
3HXY9HN3
4CCNE7ER
4PMWTR9M
K3K9RKHA
XH9KMRAA
TTTWWTW9
FK3PXCL7
T4EXHXFK
KKXTRRY7
ATWLRHFY
779TA7XK
A7T9K3FK
EC7M7K3P
YCAWRX7P
XCNRAXCT
XAENW9YE
7MPHLW77
X37PTPPN
LT4C3F4L
E9YPWMXX
YY4HWMXF
RWP7FYEH
7NPHX4CN
P9WFEYFK
EL9FCCHY
9CAMETPK
4E3NKWKT
KYF4YWXE
FTMLFH44
AKYHWRLX
F9NMLYTK
PTX4RN7P
RKE7RKTC
MXXC4A3C
XNP3Y4EW
ATXP3AWC
TMMXKXCA
37WYCL34
MCWYFWPL
C3LL7RWL
EXLE4CW7
YENHYLMF
LNYHNN9L
YLF4H4C4
KFTTE7EF
T4MAXNFR
A3RL3YMK
CMFR79H3
YXAY4ML9
FFNR4YPR
RCPAWT43
ENPHTY7X
WRHL47E7
EPXC7L9A
RR4Y4PKK
97NTWPFT
T9EC344R
LYY94HWP
KWMNYN4X
YL3CYL73
YYE9L9TM
T9RPAKEK
R77CNFLY
PLMEEWNT
KWPHEKXX
NWPXRW7H
TWKXM7FH
RNE977TT
YXWFNPL4
R44FR44M
TPHY9H9N
CF7TYRNE
7MX9KMPC
EEH44A4R
MCHM7TKT
99ECYPH3
RERL9Y7W
CXAHKWH9
TKYCRXM7
TFT4L494
X4EX9YR4
K3FKXNKF
HA7MKR9X
LXWNHHFF
PMYPL3F3
C9CANNF9
ET7749YC
ANWX7KLR
4FKXCEX3
L7YE3W9X
XWH77793
WWF7HF94
ETA9HLXN
AT4YLLCE
NRFYCXH3
3KWFF4PC
AK4W99PP
TFC33PCC
F93M3RKT
EX9XLWX7
XAC7HNEP
WLKHEF9C
4RRXLFEE
LNKFYRTK
TECA7MW9
EMKPWPEP
4K3Y3CHN
MWM4RWNE
H4RYHR9F
YR4HW4KA
TEC39F44
44CAYCKC
9NRMRFMA
N7ANHNNF
9TR349HN
3NLE4CY7
KFERCWF9
7PWTATER
TW3EFN7F
MMYX9K3T
4NEXCMRW
PAEEA9HX
PP3K43TH
7K9ER93Y
C7Y9974Y
KNK7FKTL
W9TRW4K7
LENYERTP
R3RR4LP4
N9YXH3XT
R79CF4LP
FRXNAP7F
93CWPPH7
XLPRNTKP
T4XXKCF3
9ATK9FX3
CMFX49Y7
MAKYYHAW
N9ANY9MX
E7R34E9M
37NYW3LL
CFKFC74W
R4YPNM99
R49E4EFR
FHHNPRNW
R7WNN33H
YT9M433C
APLH74HR
C49EAXL3
E744WLC3
9MTYTC7H
HCKAWEFC
HXLNYTKK
CEXYRXTR
ELX7ARMW
977TYPC3
AY7CMKLR
MMPY7LXL
7AH9CKEX
33HMXYPA
7YY3MKKT
MN33XCN9
9LXPRX7F
RHAEFAYP
4AWTK7LH
Y9ELEW7A
K9WKPAFT
MNKWFX39
7M33C4C9
HEWK94CT
NLLWXENR
EEFHMCWN
9YPRAP9M
LWFN79RY
PCWE9MXR
RHXFWH7A
WW3F7WRR
XWPKF7EC
P3HTWH7W
KYXP4A3Y
RW7R7WHP
R7PWMTPT
A34WXMLR
CCA37KM4
YCX9W9Y9
ATTKRCPH
XNTRFCTP
3NR9934W
RNN7MP7W
4EMEE7EH
PHP3LF3N
AXXXRL4M
A9FRP49W
9CP7RAPP
39PRAW9H
A7AK3WX9
9HMC9TMN
RTC7T3TK
CTHHMCRA
933CTN9L
PXN7NPTT
HCKRWK74
FYNYLXMF
4HKC7LR3
RNTTKKEP
7NA7TE74
HP9KPXF4
LLHKX9KA
743PXY4W
3NYCA4HN
74T3NXEL
3XN4PRLX
7TMHNF7N
KC73KYW7
MRTCHM7X
W47YKTKC
WCCMERN3
AKERNM79
C4WWCT93
LENP7LRR
9YELP4R4
TR9Y3EML
3ALNH9TX
WMKCMFPP
3X74HKMA
ATMH9MAA
F9HMK4H4
CFT74Y4P
3N3Y7WHL
XNFWMWAR
RNEPCNF7
M3YRWKTW
KHK3LY3K
9T7FNEWY
4EC9CAR7
YKHWRYMH
MARFCKXL
N4HWT7AM
TKHM3K7R
WFRTCYL4
HKKE7CLR
YHA7RARR
KPHEYXHH
YY4734LR
P4HEAL3A
E4R7M39Y
ENNX7YTK
EN39RYKT
PLL9E44X
THF9N3RX
ANA3LT7A
R4F4YEY7
7CE9CTTN
K39FT4CY
L3PH9E4E
CRH9WXMM
KMHFERNM
4LFWLAX7
ATXENP3E
7WMCA9TT
Y7XCRPAF
N3WR9L39
A9MHXEKT
737RMAL4
RX4MHLY9
TNWREY3W
3CCPT9NK
K33FPKYL
NYMH7TNE
XMAMREYT
WMLFLA4N
EWRWWYAN
TFC7AXWE
MKAPYKYN
WNCM3RWE
E9T7XC7X
PTWA47NC
P4NNYWHE
C3NHCATA
MKMLC9PK
TTA7747Y
X7KEEELX
AXPHATW9
K4MWCPNC
HRARMTXH
XYCFLHKT
APNR97KN
4CTPFNHK
HNAACML4
RHEFPE7H
NKFLPCR7
HNMLFK37
NLT3KMW7
KEFTN3XF
4NRKTRR7
77N4AM4W
R7EYL4P9
NY9H7PTF
YPLNTL7R
W3MF9FRY
4FAEN49N
37LL9KCA
PECL7PRF
KMWATYLA
TLLECT7Y
P3EAWAYL
XTEYWCR7
LCMELCHY
CXCCTP99
TK37HFAF
NK4K4FWE
RCXNX9E4
PHTW9TPP
MMXYXPKE
9CPP9KWP
EXWFWW9N
FFA3RP7R
FXXKTYY9
4XTR4RRT
RRFL7X9F
CLMAMHT9
C73PK49L
W3KYEXLK
ACTMRNEW
FA3HEWHY
FTPEFLYT
4ANXFEE3
9KK393AA
KWFEXWLP
4CANYHMY
79XYRMWY
94AHPRWK
K4EY3LTT
9MN4Y3P7
WMCKCRML
PNCM9A94
NC7F4R3A
HAXLCX9H
KW97ENX3
LLF73KCR
7PW9PNLF
MXCFX7YN
MY7KR99M
YNEETEY3
PKRTHNHY
NYFK97LA
MLM3XYR4
MFCHMLMP
HMETLY34
AYPETE9C
N7LL4EXR
MWL99AYM
PFWKKCWR
KTMNTRKE
CTR7LPA3
ERKXERNY
99TMYEXX
AMKRRFNY
3THPXHMR
3CEXE4XN
PRRYR43M
WETLLLE4
CL7RYF9C
MMPWNLWC
NLHTTHAT
XHLXXKR9
RM9Y4CHR
E7AT9X4P
9HATFKE4
RFXT4LEL
4TCTTA9M
YXP3N37R
YMETKT49
PNHTFY4T
EARX344M
RKFLEPFA
XW73H9MN
YMMY9NHT
PY3MEFRP
EWC7477T
7FPLCA4Y
4T7Y33WY
9C99KWHM
T77HHM3X
X77XF9H9
4CATHKM9
NP4KP7AP
4LLKHNHX
TX3E7YCA
79EE7LE9
RWNKWM4P
NT9KNW9K
LKAN9NWH
L99YNRWE
CYA4XHA9
MWFM39M4
4CNN9P4M
3YFK9AKN
AC3PXMX9
KW9KPCYP
4P7EW37H
AHEMNMPK
3H9WEWAW
3XYX39CN
YKTL3THT
WY9MNP7M
NFLPR4XY
ME4FA7X9
3EAERETP
ETFNWEHP
PN9KKP7C
YFY3RRCF
ARA4A93F
TEPPMEHX
H4YK4LWK
L7E4TC9K
MPLK3434
PAEMXKRK
RKNHNNCC
PREW79A7
LPHEKRWC
9HERR9HH
X93E4KMX
RPEXTPX7
PA3MXLPP
WMTTKWNX
LPWN3P4P
ALWAYFR4
PWEELRYW
7YEXKPCL
TEC397RR
9PTFX3PH
7L7AXCE3
WHXXFY97
Y443PKAE
KPHHL7XA
9WCFHWLE
PHM9ATAC
MF7PMCW4
XLPHMKLM
YXL4XAFR
WAL3LAP4
HT9FEXMC
KE73LFXX
KNCWTXAM
T4MRK4LF
PWHTTHRL
3MCHP4M4
NMEF4R9T
9NFXY94W
T4WAW3C7
NTP9YXYP
FT47HNRF
THWEWEY3
FKLR9HKE
WLNYCMNW
7N7PRKXC
R44YM4LY
7EC4CME9
ARC7477W
WLM4WP93
YTWC44A9
TL379EEP
YENKYTMN
EL9934YN
XHPWP4NT
P3RXF9YP
LARWEHXW
R7HEWFHW
W43PAX7E
TWPA3RAE
TCK3NC4H
F97E7KKW
M93LFE3E
PPY3NM4C
YX4WPAHX
HYN9XX4F
EFW9RKLK
MCRNAFWR
3HYMCXNT
MLPFCW3F
7XXXEKEW
NMM73WKP
4EWPH9KL
LC4LETHT
FFREK3RK
MYEAACAY
AFKER33F
YFXAWKF3
WFLKTHWR
W99RTLFX
MNYATTX9
TLFY7X3H
YMPNM9EX
PAW49FM3
FKFXLNHA
A9WF74R9
M7REYAYM
YCKMNFKL
MN3ETKYN
CNTF4CTA
9E7XHKP3
YTLMTNNK
FXHH4YTK
7T4RFFYL
979EMLFH
F4NWA7TA
EELH4YWW
LHAPPN7H
9C9AFRR3
T7LPRHEL
7YC9E439
LKWTCP4Y
M4CPNHY4
NMMFTK9P
7KWFAXAH
R3PHME4T
FCLCA7NE
ARLCLR9R
CPTALEE9
TYLT9F3X
3WHCYFLR
4CCARH7Y
LEXNC4TH
AW7C9W4X
HR39EL3F
CT4MCA3L
FFLWRMYM
RXFMKMK3
C3RTFRAR
EYKATM9X
CHT7KPTC
YTYMRTT4
H7KRPT33
M79P9RR7
KLFHYHW7
4AFAK3CP
AFPFAC47
MYNLKK43
7RR9RXKL
3NTCMA4W
YXXRLXEC
3FPYENC7
R99WYPWN
LPTHW3A7
WFFY7EL3
YR47YNR4
TCNMREW7
T9A3KYTL
7WK7TY3A
TCFC7KPE
CPCP97YK
7EX3EY7Y
KPTNEA9X
NCEX7WFL
XEPLHMW4
33XLLKK4
CW3FLETH
R4CRMKWY
CHTFNYEH
AXPAW3M4
KEMFF9PY
L4AXPY34
PYXMENMH
MT7MFPKH
44RKL4E3
TPHLWLMC
XXHKR9KT
FN9WAC9C
CX97KAX3
FX37MA4F
LTME3MEP
YATEMKNK
94LP7RWR
CEC99AWL
HTCFP7AW
CW7CNXNT
4AHKX3P4
XACTT3N9
FWY9CNRF
XL37ERA9
4AMCL4HC
EX3K9CWT
LPWWWKC7
3LEXPHAK
9XMTLKM4
EKFWR4LH
L333KKNW
R9EPXXKE
F7YHRNEK
CTAXPAEK
APXNYFPW
PY4HMEKR
FRYYTXA3
4AF3EEN3
7TH4P4KC
PMFYKM37
HKW9MHF7
H3FW79WM
RCECAT7X
X3XFF99X
7W7PHXMH
L9KPNK4L
3YTTENXP
7ARF7N4P
7T49HANP
9NPXXWYX
X9MNK4PF
P3MNEEER
CAMT9WEH
77ELH9FF
WHM9LFPW
MRLWWWPT
A9ACWXP9
MYL9KT9K
9NTWWX9Y
ALRH744C
HENNWXYK
ECFXF9AF
RTT3TFC4
YFYAXKCP
W979XHLR
MXCLKHMP
7HX3TKHE
KEA74HC3
7PT493KK
C3A7RKRP
XA94R7Y3
R4KE7EYC
R74CE79L
FFMK9MXL
XHAMY9RK
R4T4TYX7
7TRRHR39
WYL7C794
Y4HHFTTT
FWTMTXH4
X3999TRR
R3CKRTPN
KL7FAAEW
KHWRM7FR
XWALXA4K
79H9RAPP
CC34YLY4
W7Y3C4LE
PRTRRR7W
43LTMF37
WAKTPRYH
CTLT93H4
ATCTEP4E
TXFWTRLA
FCHH7LRK
WTAYCXT9
LT7TPRHW
LY4RMCKL
LPCCFY4F
FFNPKMF9
74WNFE3Y
PA4KA9H3
EMWWTATL
TN9H9WXT
9XFR4FMK
47EYR33R
MECA3LCX
WNYHYAFW
N9MEEW3M
WEKLAWF4
YPNEMFAL
3Y9EMKER
HRWFX494
7HPPXC4Y
WN779T9F
HC4X4N3K
THAKEKAF
7KKFMKEN
3LEHMHPK
XKERARAE
AXCHX34L
WNEFXE4K
H3NLP9N3
YAX9K3K7
E7LTFRMN
WHWWRRRW
ETM7YHWF
NMMKFNK7
HRXKEC93
EAHPPAL9
3N9PNTK7
EC774FKX
FNYLFCYA
YEEEC9P7
X793PR94
HMTT7WKN
WRNNMFLL
WEWXP949
FXNC7MLH
33CAEKHP
FAWFHT4A
3L4FTTC4
L9LHRN93
F4MEFAYP
4P4XH33H
R39A4TKL
FNN4LYLR
XNHKE9CF
3KMW39MF
RY3TXLEL
RCF9PWKF
LANCNX4C
LP3AXRFN
KEYMKE7F
H9TRXNCK
H33RPCWX
7YCNAH3W
NENHFWCX
WLYRTYAM
37CT9N3W
HHAPKYNA
W4NMMHKR
HK7XMWLM
AKRY344F
MK9WLE7R
MYFL477X
9W3E9CRT
47NRCMFK
RCRART9L
FEA4PA7P
WM47T3AX
AFXTTW9P
RF3FEXFC
LXY4CPNX
L49RT9YY
W4XH4CRL
A3TTWWXE
E44REYHA
LM9497AE
L3LYF7PC
33CW47XC
434TLYHF
CCFMXMHH
YW3LF3FA
A9CXXC3X
4KKYERY7
XTE79HET
AY3H4FPE
N7KCYCAR
FERKW7RW
KFFMXPKK
NXFLWCX4
PX7H9339
97FF4W9H
PKAHEHL9
FK4HF944
AL7NF9XK
4LTEYLKL
H9XRT3L9
LKTCC4CX
7LPT7XX4
WKL39PFX
73L9NWY7
4APRXY3Y
WH4NHHXW
3Y9TNH3X
Y9NLTTLK
TE7NKLCP
4FFP7TLR
E9H77MPE
CN7LKWNT
NMALM7FF
X3XWTXPR
WRACT4E9
F3W9ERMK
49X4M4HF
MX79RW9C
AYRNXTYR
RCLKCM3Y
MPNLEC7N
AN49A7RN
9X3CYMEN
T97ET747
M99LP4AY
RX99XHA7
MXCWT4AL
WN7MY7AW
K4YNWEKC
ALYMXMNM
LFYCELXF
M3FF774A
RT4ENT4M
344YN99R
EXHHH7HM
H3YNN479
W99NFYEF
EYNYAK3T
7H7HHYPX
WFTX4ELC
FXPXM77T
M9NHLP4A
937ERH9E
7WLKMRYN
XM93NYLT
YN73HE7K
YEKACPLT
F3KRXA93
LHAPYXHR
9YXPF4H3
LYPA9M93
P4RKKMPN
XRHCR9HY
7WEWLXCN
M7HHTAXW
4T3HARX3
T93LHMNK
A7E9WEX3
7YHTACMA
NAFXW74T
99PLRA9X
94LMPR7F
PKYHFPHC
7CC7MRR9
RMTXWRYK
KPXCYMYC
YXKLNKHK
3ELCE47A
NTF4MW9H
Y3E3Y34E
YWK7NC4T
K3XNCFAP
7YRP37M3
9X7WLHMW
WKYMEYTN
FFHMHAL9
WAWPMWLY
AAFP9KMA
3X3HWTLP
KWN4TEW9
YFAY49HT
CKWP4XWN
Y3RT7F9W
7NTN4HMF
EMAF7YKP
REHW9HWA
L7XCL3MT
P9R9FNEF
ATMECLWF
YL4HNEM3
CAMCYWF3
P9NWAE4L
EAMYWPEW
R9LH3RNH
CWEFKTHC
3TPAYNYW
P9WAAW3H
FX4E4AER
TXKMX9PK
HMNPLLEY
FEMWLFP7
FPFXFKCR
FW9YXT9R
YLK4AAYL
KW4NMCTH
YCAAM3HE
KHW997TK
WR3NTM9P
EXAC9MYW
RLPH4A4L
L43WW4FL
A3F443AP
YXTRR3RE
9PKFETHW
KNXXNWHW
YNCLRH4H
CCYNNAC3
HYY49AR9
FRK3MNMX
T799H3CK
MX7CYRXY
XXEAXF33
KYN4MY74
MYWA3Y4L
EAPMR9FE
C779KNCT
APYHX33P
TKWTKAN9
F4F3PPKA
YCW37R9T
C4RECRM9
FKNYEXY4
9TLNWYYE
RN7M4KLP
HFETL4CF
FKF9XHN3
3HRKWNY4
TLLCXNNE
3MFXK3PF
PFRYFHNX
EA7K4XA7
3AEFYRYX
YNAR37P4
RF7TTY3T
XTFPYAEL
X3NHYNKN
FPYWAALW
PC4KXERN
C7MRN7H7
9WPPRLN7
TWN47ALP
RLRNXPC7
AFYCXCHW
YEXXMKTM
RPPNLWLX
ERN3MHHX
7CYWE9CX
9HF4M7C4
7KWM4NXW
Y9LLPHK7
N3YLMPXA
4R9PNW4K
FE7PTRA3
W9ELMRKY
REE97W94
YXNPNTYK
L7W4ENK3
P3LWKTYN
9TXT4YE9
W77ACRRM
HRE33HNK
LYWWPPLW
HMWNA7YY
XRT9WMRT
L7WYRHWC
NTY9X7N7
CT3YML3W
N3439E39
WXCYFTXF
PT3HMHF4
7ECFN474
PPRNMCRY
NXPTHE4N
YLH9TRKN
34YEEKY9
AH94PCFA
9A4TKWRW
L4MH4K4X
9ALMTEYW
FF499TTK
A4YEEEM7
HNFF4FTM
9AMTCAMM
FEM39FCM
4XPARWL9
LRMFT4FM
NCYTLA4N
YMFW3KRN
AYTLNMRL
WWFYR4RX
NRN3PRCH
3Y47KF4M
PAAE7AF7
WRWNRHMF
CCTKPYP4
LENMTNW3
9HKAR9RE
WFE9WWXR
YKT3MPWN
NW4RPCPC
W47KA9RN
PKFL3TLT
9NYCEATN
H4YXM7RX
9PHMX7LH
EH777Y39
7CYF3E3M
3R94X9T9
TWNRN9TN
Y7KA7CRF
TTRRKLKW
93CTN7R7
FRKARL4Y
P7NR99HK
3MCCEH44
RKA7NML4
7K4N7MX7
EEY4LPYA
R7WFWW4N
HHTKE4RN
47LF9AL4
3KAA3TFL
R3AHWTTH
3YE4WA7L
XP9AWLEH
H7PXK4XA
AEXLXPML
XA7M49HL
3AYFWA4M
FCWM9YPN
PRF7PATH
PRTNE4FR
LRPHCRA3
X7YEFK4H
PFHHPNAC
WXPCWLPW
MAF3ETP3
MCT7FFA4
9FFTRT7E
KKFNLWXH
NWFFRPPM
3C4W93M3
Y7C4RWMH
M4TXLN7E
4H4MFT9K
LEXEHYAE
YFWPWWLA
FR79CCHC
K4FTRRYN
F3YFH9XK
N33FCWHA
LX79YPWY
HCLNALNY
3RAMHNLC
94XK79HL
97TPFMRC
3T799M43
LXYEWWYE
LPHCMLEW
9EP37KAA
TPHLEAYM
LYLMLPPY
CREXHFEE
C4HT3PTW
CPEP9Y9E
7M93AA4P
WWT9HCEE
FTLXXPKP
4FARTHMC
PEXEY4LL
RX3TAWRC
WEEM7X3F
EPFLTYC7
XNX3RTNF
APYA939E
AR3LAFNX
797MHK9X
MEY3WRPM
E79KHE9N
997F49EK
A9PFPAFX
HKYRKXEN
EA4AA4R9
4MHFEM3H
9XCPANKM
PMFRLEYR
CKFRYNCN
HH9YNEKL
TK3NMXRN
EEHM7NNX
MYTWNCN9
73W77MC4
M4E7FYNM
CL4XEFY9
AWERHA9E
PTP3MFM9
3X7ATYMA
RWCYWAME
CMX74AHR
Y73TYKNA
PW3AR7K4
YXXMR43R
KMA379TM
MFRFHNX4
R7AKL4PN
AWL3NTT3
M77THXEX
CMRK9FFR
MMLYLRLP
PFWMPCP9
L34HRT97
WKLMYRA3
WKMKFWTC
WLXL9CMW
K9LHAP49
NFKTTRHY
MEERE43P
NW4LFEW7
4LYLM94K
XPRRK4PA
XNTWCM94
AF7RKMWT
94KFX7TL
NMHNRF37
CEF7ARCE
7NCLK3XH
RF9Y3XY3
YW37XEA3
RN4E3HT3
EXYW7APM
AH4EHYLL
K3KE4TAC
9Y9RLPFX
HNWLXHR3
WELHPYFY
3LLM9PX7
TKEKXR4P
3TXHR7C3
9Y343AAE
P7LXLEF7
F73EARA4
YRERRXLR
L9RFRAMM
RRWA7H7H
3RLLFHK9
AREMNXRW
NL94EHHX
HCHXPK7N
PEEY79WW
PRT9M9HE
L4C3LFLN
HPKWHFHH
4PPXA4F4
WY4KE9RW
L43MC7HR
KWFP39XA
K73XTAMP
3YLECECH
7AAWAMCE
TNTKWHLP
CHHRCAFL
EWKKF4NC
XKCHAYLP
YEFLPWNY
KLLKL9HK
RXC9FMYC
CFANY3YF
HCWKH4RR
X3YWELP4
KRAHXMHF
9HXTCKAX
RFTWMLTT
W49M99HW
FMKAMXEE
TCL4E7KL
NAFWWYRA
M779TKPW
4XYHLA47
ER3C7WYW
AFKF3PHW
LN3HCHCR
WHT4NWMM
YWETN43K
CHKYLMYA
RMXW97KR
YLFMH4M7
PCLNW9MN
K9AFNKAL
WFLF7M9X
NXFKAWF4
9RFAE4FT
4LK4TWHY
HHMFX9PW
Y4TKA3LE
CPN43WNN
W3TK7TNM
MNKKCHWM
XELT3YM9
FACYMLNR
MTH93FRR
H3CWAML3
XNTPERYX
RHF7E77X
RTYRKLYM
M4KL3LFT
LHWEN9CL
MAEMYNWE
Y7R9TFWM
LCL7YRCK
HP9HPCT3
N3X7TMK7
4AEFLT4L
E7KTLF44
THXYX7KF
4FLMNR33
MRK9KWNF
TEHC9PFY
HKTFH4EK
79LRWYEW
KCK77NPY
YNLCXYWL
YN3NPFNC
XKEKNPYH
AEEAXFRN
M9MHEKMC
LNXYT3N7
Y7HNAWH9
E7RMLXMP
4YR4NENR
MMRRN74H
WLYXT97X
3XTHYNKN
MKNA9PRT
4YC7N9YM
7KWX4MCH
P9WEY9MF
9EM477KR
NF74PKH7
R3FWN4E7
L3KR39Y3
R47AXFMH
LTKTYW9R
L7ET7EHM
4N3NXFX4
N7KWCLCC
3N44C3MT
PR4PWXMC
F9EXL3XX
YLN4PWEX
4WXTHPLP
HPA4YKWY
N9CLA9NC
ENYRC77X
T3KP94YX
LKN3R9PY
7NKPNA4Y
LX9WKL9T
Y4RT9C4R
L4TA4L7X
WKRHXLLN
NCCYAPYR
PWAMK99M
4NTNH43P
YLKHPW3Y
KTX4FT9L
PCLMC3N7
A4EHMECX
W4MKXRHR
HNKHLAXN
7CPEKYYN
NC44XWXH
R4YNEW9X
XAMRAECH
CLW9MNLM
ETFENX3C
YCE7NYN3
7KM9439L
9N4NFYPK
ARCKMYHC
ET4AP7HL
ENLEKCAX
KXNL7M7E
7ALH4LY3
FLFAWLT7
WHAYF9HL
Y3PH3HNP
FAK4H9EM
94P3WKXL
KCTLPXHR
PTCET9HH
9EW3AHN9
A3XWREK7
EHMNKPC7
CFTHNME3
4NY4RXAM
TRXR7CL3
LXKYTNXH
7WYM3CLM
3CYNM74X
FKPAMMHR
W4YC433C
LYWTWAPC
H4K33L9L
34PHWNKK
XRNPTRRL
77KXKFL4
7H4HXAL7
MHN9YHL4
AWYA97KC
EYMP33N7
AWALCCHT
MNLHH3P3
KMXWTALR
LETP7CE7
AF9CTLCP
HLTW3ENM
WNLYPF4X
7XTRAEME
4FNWYFC3
347PXWAX
7EHKEYMT
PENMLETL
MYHA3MLM
7Y497CY4
E3FELLYW
FR93LAFX
T4CHA4LT
Y3THMA77
3F9RCFP4
HEE97FCM
MCXACNRP
LX7L7WXK
AW3TRXRR
9CKW97KW
PWTMMFK9
EMY77PTW
LC3KXM7W
RC33FF7Y
NTKFKMTN
3CFRTH7P
HTRXY47C
KKPEPEPL
EFHHYEHW
H3H3FPTX
WACL3XYY
CPW4TLF3
MWTMHCH4
LCNHNYN3
YY3PK9HM
YHLTW3NN
LRALY97P
EEEAR3KH
P3P9TWRT
YLCFFC3E
LCP3XWYK
EHYWACEE
4FX49ENH
FM4FPECX
A99N9PWH
XHWH9R3W
X4NXLCLR
3HFCRAYA
4YLL3YRC
AT9H7WWL
RNMMLY9C
99XC44YE
L3W7TECH
H74TF9AN
R4WHLNCX
CR4XCR7X
4PE94RCL
RTF9YK7A
7EL4CENN
9YXR44YN
7P7EC4XW
EM9LHYRK
K439NL7X
N4LNXPA7
7RKCNER9
9TX97XKE
37E9T7P3
NN4THX4P
NY3TTRPN
4LPKKEE7
ENTKH744
FYRKPM7Y
7HYL7AT4
CK7WE9WP
4CMYF34C
LXK43MWP
3TLFLPF9
L7Y3NPTE
XKNALARM
RX9HHAH4
9PPRMHMP
9WK4HN7T
WFNWCLFH
A4H9XH9L
WM4MLLAT
LF4KW4KM
RXAWEHPA
TYTC9A3P
7ANETKFY
YF7X7FER
LACYAMAN
X37KATKN
XHFY9XFL
M7RRPE3E
NE4HRA94
THY77PTH
4MEWWWMP
7M4NKRAX
NFFMRLPH
NXTRREC7
LWX7N4KX
WKARNWKC
PN34TLKH
493LEETN
7KCNYE94
WL7EXPTL
K7PHTFHC
4AYRPYLT
FANYNC7P
NWXYMAWX
MP7C3A9T
XPE9PAYW
TENF7PTK
FFXWFF9F
H4MYAFHW
R4RRW4EA
HMW9PKEC
7XYXEHL3
97MW7EHN
XCCYT7NE
YEY3WTK9
WE7AT4R4
NYXXNRFR
CLKWKRL4
PCPXNTEF
CYHFM3CF
AXE4Y47C
XT3P3TYE
KH9ATRHX
EFMP4MNN
YYMA3FCH
WH4NE3FH
P3N77EMA
4FFEFNF7
CFXYPWKF
EWWFNYMX
4XNTPFEH
CTNMXWKA
YHY4TCPN
9TH9X3NH
N39MCAHC
HRNPY7LL
99LMHP7N
4XYNWAAA
9P9EWCTT
A49Y7LEX
HNRLALPY
4WFCFAT3
LM9HC9YX
TXFX7PLC
CAYXYPT3
MRAALT3X
HNRK4CEY
PHY7Y9RY
3K7TPNAY
MXPFNHMM
PNY7HPKR
9HENFC7W
9ARTKXYK
YLMHCWTF
H3XWYTR9
RN4LXFLX
PLKHPPX9
KEMTFNYF
4HEARL9N
CN4LTC9M
ACWHFXEL
K39HMTYL
9TTT93C9
EWNTFLNC
RM37NHL4
MN7RWHME
WTXC3HCW
CWPRLYCM
LMH4TLHP
NH7LT3L4
3CT9MAC3
E47XFNY7
MRARPKAP
PXEAKTMY
9AHMPMXL
CCYNMFRR
E94KFLK9
CW3HT4P3
3CPXM39M
HHRKY79T
NRCFRP3E
F4XRP37M
7PHYRFTC
4WA9L3FF
P7CKFALY
X9HEHYWL
KN9CP4RX
CNEP93TE
E7ACT34H
YN9W43WT
ECTARE9N
ET7ERAXR
FXCXL44F
FLRMWFRY
AFFFCCN7
PC7NCPNM
TFNNWCK4
49F3EHE7
EKXCLXFT
79EEMLC3
MP3MH7FX
TCMAHMHR
MCPHYETY
A7REFWLH
RMN7EYXM
LHECXLFF
3AC7YR7W
L9P4XXHK
HLTT4WLR
XANRHK79
TXKPHFFX
KKH4KKAR
NEWEXHLP
EXLAWFLF
ATHERLLC
WMTECNCR
YXWLC99M
9TF3W7R7
9WPA9MKM
LMEHRX33
EWLWHWYE
N3TC9YNP
XKE3LLNP
7CCA7TT4
NNEMH3XL
N4MKANMF
HXY7CLFL
3AMKHP93
C34KTRR4
9ERPF777
44AFENTR
4WKPPX4N
Y7CAN4LY
4PWXN744
TWWM7M7E
N4WXL7HA
44LHW3PA
PFAL7K74
FTNLAAMP
7KCA73MC
K7A73RPL
7P9WAXKK
RHH3KNRY
EXEKKE9L
HTYPWHNX
TWMERYRM
EXXRLKYY
FK47E3AH
PNYHLAPA
WXXRAHTY
TA7H93C7
AEFMAKP7
X7FFM3PR
YY7MFLYC
NC44RMFE
X777TK4Y
9HRA3WEE
EEYAF4WW
LMW73RAK
NYY9M7AP
9WXER7Y7
YFH3L7WP
FRXY4F4F
LHXMEEFF
KKKK374X
PXEWFNA4
MFAH73H3
EPMNLPXK
A9REF4WR
LKK73YX9
39X9H4L7
KKPFCRN3
MW33Y77R
F7HRTFM3
KACXLX79
E9CXT9PX
Y9T4NEX7
AEM77MKK
TEC9TCAY
4WRFTXY7
AT4WAKPA
KFPCTY4H
LMA4LWCC
9CLMPAC7
3H3MXTKF
EXHPRXFH
L4FN4C3F
X4LWLEK3
K4NNXN7A
AHCXC9YK
3P344NRY
7XKH7YWP
CMXERXTH
EKFAX3X7
NRTYPFX9
LL79R7AW
TKAYTYET
CKRKYCCL
4PT9CYX9
R7ECM3FC
NEE44P9T
WPKHE99X
7CYYAREP
9F4MHN3P
YT4HENML
4M3EP9RC
XHMTTN9T
MM4FWWKT
MPNWFEWW
3KAPYNKE
AP4W9KYN
L4EKKN34
H3C4KTCM
3P7WATHA
WWERE7A9
HNRFARXP
YAHX9LKF
LC3TMTE3
3W3W743R
T4FTNFT3
HEWHXWL7
CAYWAWLK
LXKKXC4C
KAAWYPPN
WFA4CEEW
C3FCCEL9
YK33HPEM
3YCF9WN4
WE3XCRT9
P3MT3NNH
34PRNYHP
3WKTN3XW
9AKMAY4T
ALRYXM9L
LMRFYAHT
CC93EW3M
W7AWFY49
W73YA3RR
FMAW7A3C
LTMXKHMR
XRP4C4CH
9PCLWR9L
RRA4WAWX
4LHN74EX
YCKMY9AX
P3HYNK9F
39TMAXLF
ATC7YRNX
TYCAFR37
3YPKL7LC
C3N9HC7N
H4TKXF4Y
E73MX3PR
XXTP33LK
CMWFPXHT
LE9WTL3W
XYFK9M7Y
H4RCAP7N
FMLLW3M7
M4REMXWC
7WELY4KH
RX7TLWHY
EK9NAXTE
RX3KXMT4
XPKTHTPH
E3NT373M
R97C47LP
3WN49P4K
M9TTKFA3
YRAHLNAX
WXNCXCXC
EKNFNPHA
YYAKNNKX
EYWXPLT4
KXNXC4Y4
XLLFFWP3
7TXFEFA4
3KAPXFMP
CEWTT3YL
AYFRAC9K
4CF3E3ME
AYKALKLH
R7HFWXFL
WFRXKRNL
HTXEHACE
Y7W4RC9C
7H3E94YE
ECNFXLWA
RXFLN4PM
4FLWLWNW
73WNCCPY
NYERENF4
HCM4WLHL
AT4LPMEA
HT77YHRP
C3TH4WWF
CAHNN9EN
TRP3TKFC
PCRTCEEL
ATLT4YCR
99YWCKNK
TAE4YACE
AKMECWEH
TWHYYHH4
M9C3NL4K
PXCWCW7T
THWLXEWK
NKKHYKE9
AKFXTYY7
MYHMTWXX
X4AAMMWM
HPP3MP7L
MWMNA7WN
9RXHLPM4
7MMECYHY
7F3HHKX7
FR79E3C3
RHFH7XKR
T3FKXAT7
NELLXXL7
4LP3LEEE
4TN93CKC
EMLPN4CY
EWC4YAPL
NTALR79F
CMNLM3AM
KA97M3W4
EEALWKRX
KFE9M7FA
47PAK9NT
LHT97AHY
CA3KCHXY
FTKYCKYN
HFN7LWFX
F99349CM
KXXAYFKY
3WWMW93E
CN9KWFXA
7FA7TKH9
9YNXWCAE
EEK9WTTN
FC73LFRA
A4LT4RNN
3KEXHEWK
MYK39LWL
NAY94LYC
MENLPYR9
3NLPLLY4
9TF7HWEL
E9MYMREF
94EKNMET
37KKKK3X
CLKXCL3P
FKCPTMXY
P3LKH3PA
3MP9H7WE
FFR7PWER
MMPA9KAA
9CTXTFL9
9PL4TAPW
C9R44NYP
9T99HNCP
Y9L7TTRC
E3PYXXFT
RKCKCCA4
TEPPK7L7
7NCPHC74
CKMNTT9K
CNC47NR3
C3FEXKH7
7XKTH4LN
9CFNWXFH
N9PNXXRC
H9TTMHHN
FC3L9C97
337MFRNY
TP9RWLW7
N7M7NEAW
KKPHRLXY
C3AEA34M
Y3LC4WYY
NYT49MYL
PA7CPPXE
HHHY47MH
XATHT7F4
T79KA9HK
LWLHHE3M
X7FWCP4T
WY4YPNYN
PMAPN9P9
RTE9RX74
4AKYAME7
HH9CRHNK
HPH9AAKW
WPWHM9XK
TYRWCYWA
9WTXN4HX
HWPYNK4Y
HTKP4XYM
7HWMXFYM
KXL9TXP3
YKRRTXAW
MXNRXWKC
K39EFT3P
49RCANNE
X3RM49TE
79MTTHKN
4PFNLYCL
LLFL3RL3
TETXEENP
WM34ENYM
TMRFWFCX
3M4TM7CE
H9W3LANR
WNL733CL
EY4F39NA
PK9XNX4A
HNLEE7Y7
7LF9439R
EME3E7HN
X7A79Y9K
H7XYWRXR
CXT3Y3PP
CKTXMTT4
9MRWEFWT
WE4LMHPM
MLTXKXTT
NLMW9PWL
339TR3NH
4YE9CCWK
A734H3C7
C4EH7AP7
FAYHYTHR
4MLWF7LT
HP4MYMLC
P973PTRN
Y9NXNFCP
F3NMTMMM
CM3C9WHM
4MFTPN7Y
CC49TXR4
NT3XKMXN
FTYLWRYW
9KFRFXTH
WEFMTEN4
33T3YN7N
XER7XH93
NKCLPC99
ALXXL3WH
ELKH9KYK
TKCTCLC9
ARC9FXEE
4ELPWNRK
3RKERNKR
PXTYFEMW
NHR39YNE
REFEC3LH
WWXFL99Y
NRLHC4TM
7PRXP79T
C4KA73HP
MKE7L79P
KWENKMKX
PA4KECXW
9FK3X349
4YKPX3LR
34RHMWYR
CWEPCXE7
LXYYNRME
L44XKXW4
LCTTT7HK
ETAFHNN7
3K3EYPEA
Y9R3L9LT
9W99K4KP
MHX3AMWF
7PM7YWHL
49L7RL34
47R3RAF3
L7NEL74H
LY4KXE9T
3P9AEYXF
YXMX3K4A
H9HYNEFT
AYNWHLXT
M93C9ACP
H3XKX4YR
YF4F7R7K
XR4MXPLM
PXXFXEH4
CAYNLN39
MNEW9XH3
WLPENNT9
7WXLF4PW
M7LNYPHT
KXLWW3HM
NEPPNXMF
F9Y4FYRC
KMFTA4WY
RAK7KFEM
49NX4NNM
RC4YFNNN
WARENCKF
RXKHWMWE
3L4LC3FC
RHALMLWW
TCF3WFKA
P9NL9FA4
TANR7RCF
WNFCPHET
LNK4RCCL
3R3CWKPR
H3PYEHXM
CF73LWFR
N9YFNEFA
FPL7LX79
MNF4E9MW
PTEAHW74
KLHAHX3W
LCF9RTWK
WPXYFTET
7T73E9RX
LNHNH4F4
ANA9TFYK
EX3ENEWW
LFMF4AWF
9FCPL9WE
YEHTFKFM
FY944HWH
M7X439MM
WYNMKK3P
9A3APH4K
NCEMREAM
NAEWNPTW
ATKHFMMN
KRP3NHRP
9PN9EENY
LM73N7LY
KA9WNMLX
W4YPYK3W
7AN4AXYR
RTRYP9XA
XYWR37H9
EP4XTTYN
MHHWM9N4
NKXHKX3Y
HY9XMNYE
C7EPCLCC
KCYMT37M
KHKWYN4E
9TKEFNRT
CRHHPFWX
3AECM99P
7CMNKLF3
FEM4NE9L
TWWLEKCC
CAAH3NAE
PEYFP37H
XPWRPAAL
A3X7LNCT
7XMNKCNP
9P4TPCE3
44LRXMHH
RHTNWMX9
XACE7PYN
FFT7FFCK
AX9YTC3F
PWP93LCA
3XXKXX3F
E77K44RN
EPWF4LRL
3YHYRKMK
3WW7YHFL
APNLEKNA
HKT39MCF
XCLA44NW
7CY9WK49
XTHMLMN3
7MNNXYLH
TERHMTK3
KPCAEFA4
9C3X7ETA
TCRTL4WT
YAEE94HN
HYEFN979
WWHTKCEE
3HXAFTKM
PWLPCHP7
A4CRLWLX
KLXKW9NN
CYNPMH9L
4WRYHMEM
E7YHTRPC
NEFRLFE4
FR7PNLFP
H3ARCT99
NXP7KPL7
LCRR3C7Y
THY4MMPL
3XTYY9MA
LR4T4CRW
TN9RE4NF
3PC4MPPN
PFF9LMRL
CN7W9MKY
KX979ECT
44YLRX7M
9KATHT7K
HEXENYTN
ACM3Y9PT
EP4NMWKP
3TMNHLYT
4TFMKX7Y
NY4Y9AF9
NPY373YT
7YLYKMPM
44L3NT9P
NANCRN3H
7PRFE4FM
74W79APH
3PYCCAXC
FHEWECF9
HK79XK94
YT3TA4CC
R49N49A3
EXPT7CFH
PHPPTXWK
TXNF7FYH
WLPLN7HW
AWKCWCL9
YY9RT7FF
ENXKF9Y3
PWPMCN7H
L47CL4XE
HP7W9MW9
NL73K3FN
XF7T4CAY
X7PHWY4W
TNYNHH4P
LTFT74FM
ECNT3AKP
XLTYAKN9
WEWPTWXF
7AW9973H
ETFFEHPM
9AWF4M3F
7RT9LAYX
9KWCLK3L
YH7CFCH4
WHXHCFMR
CMLYAEME
KXR37LTC
X3RE4ELN
THK9MPMX
H43YPE3N
W7HYLFLP
4XMNAMMH
P99XK43N
FNMT9RKF
CNF3AANK
CK7EN3H9
W3N3KTHT
3MAKYALX
AARPKEP3
A9NL3WNY
CWPNXML7
33AMF4KF
NT7MNKMW
NMPAYPA9
L44FM4AE
KCCKYTK7
ERAEH3C3
NNFWALTH
3LCAN3T3
4MLN7T4T
E3MTRKFY
MMFPK43K
3MKKMYKP
PEM3NPH9
TCPKXRL7
HXY4FFMC
W7RCTTP9
HHW7XYAA
CT9HTFKY
HKY3RM7F
K34MKKW3
EPHHAKCH
REWN743Y
CTXHXA4L
3WXWK73K
A3XRNEWP
FYCTEFAT
3CWCHEKM
RYN9WMYP
XA7YAT9P
WKTCTWKN
XPCAF7LA
TLA7LEC3
TLMX4RFM
XLWCA4LM
E3L99MH7
9X3HF4TY
3RY7EYE3
N9EEX74R
CPT3HYE4
W7AWAEHP
RXLA7W3C
NKTW349K
7RXYH4NH
C3P39YFA
74YKYPHE
FN3ET4LW
4TNR99HE
4ANPTMRH
WPWPN4F4
RAC4ML7Y
4L334M4C
CXRAE4CN
YHX9WYTR
Y7R9TMX9
W9FW4WR9
97937RWE
9KY4EER3
EPHKATXN
9MCN9MPC
AWXYPYR4
L93TK3XA
739ELHXR
44MWEPE9
WWT4N3YA
4343A9K4
MYRCYHEC
AKYXX44K
M3W3MWFW
HY3CAX39
KXLWFYKK
MPNA9CH9
7THPYRA4
TW77YTXM
FMYN34HC
YTNXE4HE
EPTNCHK9
NHMM4WCX
7H7PTPR4
AAFN3CCC
NCEN94HN
HNKKRMRR
4H7HLKL3
YKT7KL9F
HLWPRTFK
KA9KY9PN
TM9WHMTX
3TELCPNP
9PN7NN9A
EWMCAX3F
W7FY7HCL
TEK7CTMK
LALA743P
F4H7LET3
9T3NM9Y3
A3AN9NXN
N4FMLHHA
TY7WLYA9
APARFX3P
WMTEEMHC
CKAT9E3L
EAM4LERM
9399EMER
97TLCRA4
WA39TTNW
PTMFP43A
EMC7E4XX
WNRY4YPX
LWCYLXFK
HWPRCKTL
E7WCR9A7
KLTLYFPN
CMRT9PTL
3KHYRTRN
33NAHMXE
PKEXMY7K
7A37LFTN
779RXK7T
FK4M4EHY
EX4NPMWR
L9CCRNAE
AC449KW3
73AKLFXL
LLWTXWPN
AYCRPXPP
T43KKXMH
3RP4K933
XEYRWFA9
4RCLMPAW
WXMFEXP7
YLPPRT34
AMY9KXL9
3EX7PFE4
MFHEC3C9
F3FLXT4X
FLAKTCNN
ANX3CWRC
REW44CPM
Y9MHNMN7
N9LNEY3N
7949EK4T
X3RFW4NE
KHWPC3KN
HTHT4AXW
EK4WWT7A
WFYFC3XY
ECXKFFWC
97MLKHKK
4NACH94N
LLFKMA3A
HCLN4CKP
KMFKRWCF
YNKPYLFW
PHFLCRFA
N3Y94HX4
CPAENWKM
7LHP4XMC
MEC3EMRK
EXTH4CM4
XYY4FTPR
MFL3THE4
4939WYAK
KC9PLF9Y
H3C7XMA3
NEKNHRWN
A4WHPE3C
E3HP3T3W
4NAXYFK9
RP7WLMA3
KEXWLEW3
E4HK4MP4
CN4EARR9
YTNK4P7N
7YFA79WF
NRC3LCAE
7YWWLT7T
9MFLFYWE
MWH3HXT7
3NMPE9WK
YC4TP334
MFPE7MT4
AKY3R3RL
WHNFNYNN
9HEFRE9A
H3LLFY79
HERLX7K3
HXWTKKHW
KM3W4WLH
TCENR3N7
EC39HMR9
7CM7RWLA
4YPLLWMN
7LXTXTAM
MTYM43R7
HL9XK3KL
XKP7FL9C
CX73R74X
AFENK3TM
4A97MCX4
C997P9PY
YFLRPCN9
AEL4PL47
A4TN4XRA
ENL4LKXC
T7XCMFTY
LPCAP3LF
79P94TYY
4CRCEWKA
RRK77YWK
T4TCXCLX
PHPH3AFH
HKX3MF44
H7WXY4RM
3X7KRF43
ERL4NR4C
3NHLTRMW
FEYMF447
NHYW9M4W
PLTKNPLR
CWTEH7XX
PCLWEY7N
RYHKYFYL
RNMEE79A
NT3RRCRL
4FCMCYWL
PWK3RTPW
M9RPKRCL
HNT9PRR4
KLYEHPWR
PTE37XFP
4H33HH7P
WRXR3AFY
RN7LNC93
3FE3EKC9
EEK39NWW
ENPKEMLK
MMR7N73P
4C7AKWKX
N9RNHHN3
NTMRCFY4
MH9FN7HT
EWENLH9T
XE7MF4WF
XYW4X43F
N779KY9X
CALMH7WL
FK9NAWL4
4N4WRRLL
XXR7RCNF
HXLHRNTY
WX4EEAAF
3LCYCCHM
YA33NCLA
YP3YWT7T
PCWPXKKT
WTKM7WFF
3L93EKT3
PFT77F3M
33L9H34L
FMXFLT4T
N3YRMRPH
4KFNXWMP
LFX3YMRC
YYYKEYFN
R7FERCRW
KPTYY4NX
WCEE4YAN
3PHLYT9K
4H3FWH7H
3RKFR449
4F7LTW77
A7WWXMYN
NN44T9NC
MRCPXL47
XR43MLAL
L4X3CMMM
CXELFR4Y
THXY3WNC
TWRTRE3R
X7M739WL
LKF4H3MP
YACH3FXC
KNYARH4M
XWMTPPC9
P7A3LMCF
3RWAT3KH
MYP99WAE
LHWNCTLK
4TEH9THP
W949CY9A
77CLXRMM
E37KA4LE
N43MC4CC
HMLN3NT9
KLR4Y37R
4A79FWHN
RL9NPEWW
PRMMWHFM
RFYWXYF3
9L3EAAAF
7K4RWLX4
9ENFFWW4
KLMRCATC
7LTPKKA7
XN49CFAL
AWR9LY9Y
FKA47LPL
T3E9X49E
WLM94LMN
LFKMK4XE
Y7L3M4EC
3AP3XYX7
LEAFKKKN
C4HYEYW3
Y4YXW9YK
N4MXL7M9
EXN4HYFR
T34C4AXH
H3ACELLM
3PTAWFNW
RA3KNXAX
9WAT4ENL
PMMKECF9
RTXWWYAX
99MTMRHH
T4RLFMRT
EPH3K9KA
XF9XWXTP
LFFPFYC9
7NHR4XAN
KXEFLANM
MXEAWTKE
M34ACYY3
9Y343P3P
A4XE9W7H
WWNECRR9
XHMWFKKK
9RWFEA39
AWLATFWK
TT7WM4TR
THMKRF9R
NCNTTHHL
TYYRACXA
PYM9ARLR
997A99WA
PCFWFNR4
T4MPETX3
M4PLCPFE
NPRTWMEE
CARRXAEK
47N9FKA3
3CWLCF7T
9YHL7MAM
LPPEXX9A
XT7LCTXM
EANWK7EX
9RCPPWPE
PERMN7PM
PRKT7ME9
97HC3CTA
AAT7R37P
CRN4NMHC
7PNTY7MX
HNNWM7PN
HFNTCKTT
TLEY94KH
YWA4WTLT
NYRARCP3
M474H9HL
KMRE4H9C
EEW7YXRY
AMKF7EEK
HTMRNM7T
4WLH9K7H
3XMTHKK3
FCY4NCLW
PK437NHX
N3T3AW3P
CKFXN4KT
EA3LHETY
79XWYLWY
H4EYYENN
7YFLWC79
A99HHCRM
3YA4N9YE
EFYNAAET
R4XYY4KH
NR9C7YPH
L9CL9YEK
XYN3ETPT
KCEWLTTP
MM3TRMCM
PXNFEF7C
HXWTK9PW
ELLHF4CX
L7N9T4HX
Y4FR3HMN
RYKL4HC4
CC3PRMFX
49T9HXYL
7RHXKPMK
WEA3C39T
4EMR79NX
TT9FWPYK
AN37H3AR
3PK73W44
EWEKPC4A
W9RYLCFY
N4NPKWA7
M9XCYPYR
R3MCH9PP
KCE9CLTX
9PYFCPWN
FHXM4W4Y
X7RYHFY3
37RRY7Y9
4KH9CY4A
NL9YYE3P
7FFHRX9L
974WLLX7
M4AHFMRN
LFKMNLLT
PEY7P94W
PW4L33NY
Y7TXEX79
MFTPF7Y7
LX4R3MKW
LHCFNAEF
R4LYWLHN
PW7MKLHA
ACXAFAW7
FXPK4T44
39339RK7
TAAW9FAX
3YPN4FPH
AP97NHHR
MRTMXCX7
NHWWRLHR
WEW3RAKX
4HRERPHY
3HWKCNCE
3KWKWXLT
M4A7WNMA
AWFRCRRH
NXWYFLCF
7TW97EMT
HE3TNMYT
7WLEHLCA
ALMW7FPX
AFFWTKC3
9NFHKPEM
W99YWELA
4H7KALPW
MP7NA99Y
R4X9X3P4
EAMLXWWM
P3993L97
NRHWXCRC
E44M9CTR
HWAPETPA
WPTP3HM7
R3RCXEE4
EHCHP49P
7MYYR33K
TLCMWRCL
AC9TF9FE
H9ENR7NT
CA4Y934X
Y999APCM
337RRW79
77FPEMHM
EKCET44Y
PNNH7MYR
CRP9NF9F
X9XYE9PN
PYYP3TP9
NM43PAXN
RHFYR4MA
RLA9THTY
WFR9R4AC
AEHRKLXN
W7NTYNXX
EXEEKAPC
39FNR7P9
X97EN3HM
FEYPFAEA
H3AFPNY9
7RFEF4HA
4PHE9FP9
MR7R43WA
AKFCNWAN
YRRNCK7H
FNRP7AT7
77PMY4W9
X73PAPY9
FHYRNALA
L9CNT7L7
WP4PREFA
FRRXKYR3
RKYH77Y7
HAK4YY9Y
9PNN3EXM
PNCWK9LE
EYNPC9XW
7KC4TER9
ACRAX4LE
TLWWXY9F
FMK3FEC4
TLWHPTYR
CN4TWRFE
XR49M3PW
4TRTNK4N
MNXAN33R
AAMAYFKA
MY9FCKCY
PXAXPKKE
37FP9XPF
W43TK7WX
4A9NT3RT
XFKAKHFR
9AXLR3HL
XRLTLHM7
TFMRY9TT
9FWC4NTF
MY99Y44P
377E4MK4
TPCKLTHK
WTE4RXNE
CTA3H3NW
W7YPRY77
YMEYK9RA
HEK9CKXL
M777NPMN
XYRL4EYP
N79MMXT9
YLH7FF9Y
E4A9R4ET
TW9HEPFC
WW3NTET9
HC77FNLA
NXARELWA
ALANEHAY
P7MLWLCC
YXME4PPL
K93YWTWA
PNPRXYL4
MLCPFMRA
XK7F9TPC
3PFXHC44
PXHE4EPR
793HM7AY
4YPXYER9
PH7F9XNA
37X77PW9
FLLTRFHH
H4XLXELC
MYEHA3KK
XEHAX3KW
FHKCCN7F
74PKW9XM
RLAMRFLA
NM9WX3TE
7FTKPX7X
YTAK7PAE
FK99XXAM
9KX49XT9
TRHFYCHL
9LMNNAPT
4FPTTNHR
YYEWYLK9
7ALWTMPN
WCKX4M9C
7LAFPKTM
AX7ALKWL
XW7TPAXC
E7PHHHWX
CKKL9RX7
4YHFYM9T
HCLHCRLA
4TCCFWFN
FXYFYRYC
HKHWP9AC
XY7TEPY4
XYACM4FC
WFMEPW47
KE7LMYXR
NCMNLNN4
NA7T4RAN
XTNCFCFT
PFTAMRXK
37MWMFHP
XNW9NHAN
LWKHENYW
EN3TRYTC
EYRKF4HW
3RRTLW7C
EWHXEEEY
HPKPWTXE
P4P9R4H9
F7WLPXTP
MH4EAX9X
KP4ET4KP
PLFMMTYA
MPFLCTHW
FET3MCWR
KCWMTA43
ANP49NPA
PMY3EFW7
EC3AFENL
RL7EEAPL
MHYTFXWF
4T7C33C3
XY99K77R
XYH4MPYK
MYE4F9MN
XRFW3NHY
L9AKMTPM
RPK7FPC4
TYREWMY9
7N3KEM77
W4HHCX79
AP7FKACK
CELLLHLW
PKTELPEE
4AMP93F3
7PNT4PEN
9ERXR9CE
33CLRF9X
YELTLKAK
FNMCLP4T
Y3RCPEKL
A9KFCX7M
9LXL4WRN
MY4AMEWC
TAFR9L9X
AHALEH7H
4RELMMKN
NA4LLFK4
CMXE9WE9
FHFYYL7X
9YRT4E9K
MN7937YX
3LKFET3W
MF9HXHYN
XE9N44MN
MRXMF93N
C4RCYXXE
HMCY7NLE
YRRAA7XX
FA9MWPE7
7T3EXF3Y
7WXMTKLW
4PXFYXHY
TEYECMKH
NWFARAK9
E9KKWHTL
EW94PRWR
EFPPYNMH
X4ETXMRX
9EC4KNEK
ENHL7HLN
TNPNEE44
77FXPWNX
X94FHFWM
TWNMLL9E
HY7FM4CT
PT9RW3TK
NT4MX39W
XFFHHTAA
KLY4ELXX
4RCTP97X
YRRWRPEW
LRNAHHWC
9CKPY4NH
RFR9LL7Y
LFRXCN39
NMLLYRN3
C7FET4XP
MNN34RPK
HMHCLENX
KYMEKMA3
C43F79FX
HRAMCTNR
YF7FXE3T
47FFWRCN
X7KMKP9N
PKTC97PK
TCTLA3YC
9EFNHEXL
XRE7LFW7
EC7E7M7L
XF3TXHRW
YWN9NH44
KCL93NMR
EPX3HFT7
PHWHL3LN
REFF3WCE
33EWA3TF
K7RAEHWX
AC47X9MM
X9X4YL7K
KA9NK73P
TTEXM74L
C49AR99E
C7LNTL47
E79PY3FT
3EKPN7WY
TE3LEC9F
WRTTHW7P
HAEXKN9W
NHF93TYM
MEPCT33H
FFWP3CXM
RARNHPYF
7FEMRYEF
FLWK4PN7
93N3MR74
ECF9HPFF
3PKXKMT3
XXW3PPHX
LRTCE4N4
73KEYH3F
3NRPMRY7
TCTKKEAP
FRTHLE37
3TRXXHFP
TFNFT99T
9EEM4R97
WCPT4P94
PPT4R447
FR3NMTY7
9N7YFM9Y
H3NTFXCE
EHHWLWLX
4WKF4L9X
MENK4YEM
E9XKHA7K
HH7HCRHC
7WX9P7TK
97KW7LRA
HKEXALEN
K79NH439
TP4XPF7E
L73EATR9
3L4EEE3T
EFTYEMFF
FWARWTW7
FMCNC4Y3
MEHC7WRR
Y94YEL7Y
PHEPHPFY
Y4CWNLMW
EYPTRMRF
HM449EXC
RM3LKMFP
EACHXPP4
YEMWKCTC
9X73YK7W
E4ENNFER
FMWANC3E
XCT9N7P3
3W9CECY9
PLXX4HML
NTKCEFC4
XM3E7P74
FPFL3C47
ERP37LWC
9A79NATA
3349TPFN
RFPC3KLC
E977LLE3
CPWYW9WP
TLLN7CEK
EAWY4H4H
H9Y9XYK9
TFTLKTCP
93FAMA9E
M3A3LXX3
HFHYPE3P
3KEF7W4K
7REHRYA4
7LRLMC7F
ETLTL4TW
HWMHF3FK
HXEEAHA3
KKC9WPRY
KTYX4P4X
AN3TCPTW
ARRCRET3
R3YHHAKW
TR3NWACF
RMKP99WH
XHXX9F49
9THEF79F
9PM93EXH
37CFNRXT
9EH3Y7TX
LFRTMTFP
RNPPLRFL
FRP49FFC
T7XLYWXK
ARMM7RFW
F3KPK4FP
FRER3H9E
RALANLET
L9R7XC9F
4T9PRYAM
YRXL9N4A
3WWTHCLX
N37WFN33
7YHYFE7K
7TYELCXK
CHFFYM37
MLWCW3MH
FYEH3T9K
YYN9AYRN
7TFPMTKX
MFTT9C3E
ALH4PYAH
N9WXNNTM
MXYK9XWC
LNACPTLM
LKXYATT3
R7R3YEEY
RFR4AAYY
KF7EC3MA
RCA9C4LE
9MXLY3YC
YW4HFWNX
LXPRA3EY
9AK4HCEW
TK9M74Y7
XKAY9EWK
4PCANAWN
44CARYLT
WNERRN9W
NA9Y33ET
E7KNLPP7
4XK9NL3P
LMMWWRLC
FW3Y94EW
CEWXW47X
XYALNXEE
4RACRARF
TW4XE4KH
4TN97HTW
ARN3EACP
39X3XPKK
NHLEW737
NHPEPF3M
LPFCNCKL
33C4LLHH
T34FFMMF
CYAK4PTW
A3FXYFKP
LERYT7HP
FNXAE3HP
ERHRMTHX
T9LWW73X
L77EAXLA
Y43L4CRR
NXLT7PXY
PXPF9HMP
HC7YELCX
HPWAX9NC
PNYNKWCF
HLNEX73H
RKN44R73
APCXFAA9
MYY9FEHE
MHLHRLKN
479HNLH3
7NTM3KNT
KLTXYXEX
AKTRMXAE
LFHC7RNY
KCA7HKXT
NARY3LT9
PYW9LE9R
CH9TMMWL
KMKPLMCY
KTKNKAH9
R4PNEMPC
FRLE7P4P
RKFTPP4M
9XKACTML
FLK9HHEF
XNXYWYHK
W439HCPX
3H3LKWY3
RC9KAHAL
7PW73CXC
XLYAAKYH
W7XE4L9N
K7YEP3KA
REXC49Y3
ANE7TTFA
XM4P3PC7
RA3TT33T
R74MXXLF
HW9N99AX
HYWYRF4T
LTYKAENT
LMRXNMPW
WECEAWF9
CFKRHRKA
KLHNK7PR
7939YRKT
AHFYLX4L
YC9K9RRT
F9M3C9LL
PAPFWTWM
9KPFY37X
WYH37YYR
7PNKFAW9
E3FCAKER
EALMXCKL
P4YKKKWF
MP97W4P7
EMR79TL3
LHNYWYAK
XXMN3XW4
FAHHK3P9
FX7Y7YFT
A3CT4KH4
MFLEA9MX
W94YL4PY
NEWRYA3F
P4RYKM9L
3XLFHWPF
4KNLNKLH
XETK3X7H
7MKCMKEW
FM43RNEE
TF3RRARP
P4NN4ER9
3ERPNKF4
M333A43R
XX77H3MK
FWN4MWFP
YYNWR7EW
377MTLYY
PCFRK7KN
HW9K7PWY
WHWYNLM4
3FWMTL4T
FH44RP4K
MFLRM3HA
FPELC3NM
TWRHAMER
9EWFPWXW
9RTTF9NT
CFCP7FW7
MPYLTFK9
NF4XCKAX
TRXXCX3W
K4KYR3TN
MCWX4WML
NLNFPMNA
KK74TTWN
YHMNFLWL
HLMH9KXK
N7PXRRFR
4Y4NTX3F
YMK7AY3C
PAM7XK3F
LP47H4EP
LKN9PAL7
F7TYHKXR
7CNKRXNC
C3RRKMHR
P3YKPTC4
HKE94YE9
AM9A7WA4
LX7AFAE4
4LYFCMXX
YCCWR77X
9CPEHK3Y
EXPXLCWC
RNM9PNT4
WWLCH77C
RFXM7H4T
LFNP4MYE
FR9MEF94
L7MCMNAY
EW4ANRXC
NY3MAWAK
WPTTMPHE
NHRT33N3
HM7PMCWY
9HKRT7X4
PCFNYH49
44WW39KK
LCNNCLNN
H3T944HK
E9HHFNLF
X47T49XN
PPK7CY9T
7KRHLXRW
T3MHKYYX
4PMHEKHP
X4EEMKTK
LWXKTLEK
HETXNFNL
KTMYPLEC
PAETHLYL
W7FCRAPF
AFECWFWE
3HYWCEF3
Y93LWAKA
AE7ERPXN
AWAF9WLN
LF3LM3FM
ALCRWMHT
A3LEXLAM
YK3XCAAM
A3NKCH7M
MFXTNA47
WRYTKTAW
MLETK7WM
TRHFCRE3
HCNEEPFK
C97PCWR9
7MHPHFPX
HPKMWEXE
AXL9R9N9
WWLKWAAT
YYNWN3YR
X7WA3HFP
Y3XTCECY
CPNR3WRE
YNYRCA9L
773WEFL7
MNLME3TH
FF9P7MMY
EYCWXR4T
NHM7R3FT
YP7RPPMW
PNHACNRY
XYNP3CYE
YR3MCTTT
PTXN99C7
PF9LHA43
P9NWFYKR
3M4KL9MA
9EAFMYHN
7W73FR4E
FNWFKKEH
XPFCKPCT
3C7NRX9P
YXXYEPN7
ELPY3TAW
YEWM43AT
L39ATMRR
CPPW9KR7
FNWYXFPA
M7E39HKE
XMMNYNAC
Y3A773AC
9LM4PYCF
3YWLKXWR
Y7FM74XH
KEXY73TH
LE4YWCWA
YAAXLN4E
9NP94Y47
MK7XFPMF
RPPC9HKT
NRNKPH3C
4RL933FR
9R3A34H7
TR9YNFWH
4FWHWYEW
MTM3FPCH
7RLH74TX
4ETCYPMT
XHW43YRK
AT3MLWLF
LT7ME4LT
LCP7HKMF
XXCNYYRW
9EMYWWKA
YRAA9FRN
FELXE949
AYCAYLF4
C3THHTR9
T9THHFH4
KAXECKRT
W3TR43RK
WLHAHANX
TK9HRWRK
P3WHY37M
7TL4YRT3
WYATA74C
NH7KY7EY
YNEWK3FH
7RHRRCRW
AT7CHLAM
LF7NNAP7
RM3WPTYW
PCTEKH94
4EKA49LA
9H7YWXM9
MYA4TMRL
L7M7KKLR
XRCFR3KM
FT39AWTH
47MEKAKM
NL7LA3XA
H9M7LF4Y
PWX3LTNT
CYC4LLAY
KH9M7NTT
YCY4CCFE
MN3CFLRP
TXK3CTXF
PX4CWKEA
RWHEH3E7
3P73XEET
FTM444AT
L43LPRHP
4CFFFM34
3MM934X9
FLH3A9TR
AKN9RXHY
EYRXN7KL
XF9FNEL9
LPTR7HT7
P437ARFX
M43EF7KX
NFTLAPML
TM9YH4XA
Y4M3XL3R
TPCAAEKR
XRNNNPTC
NKFPY3K9
LYAYH9EN
FHTFTAAY
M3XTN7KR
HKRN3NAR
4PTXCRRA
99MWRFRW
EHHAYEA3
FRP49RH9
3EX4CYAT
TPTKA7W4
N9XCWTYH
4NC73A3T
CFHKF4AW
T39MP7KF
CCYTXYLF
WEYXPN3K
W4Y7NENH
WRT93TAP
TYL4LE3T
APEHC7LC
3RLR9T3M
XL74TRHN
EXT4CCWL
RP3EKFXF
KAXAH39H
FAXMXCXK
9YRM3TN3
AN4MRY4A
L73PAXPR
WCWPMPL3
7H9LPP3H
WTHKTTAW
HKLE4NKA
TTPET9FY
WN943CCE
XPTCMYEW
WR9F39N3
MPEPXXXH
WWT3AA7H
LXNLCTE4
XK9RY3PR
WWPRTALH
XRARK7LH
WRENPYFF
E3ALMKKW
PW3MA7TY
NLNCPLP9
9MMLFYH4
CPKCXXLM
T4HX73K3
A4YYEKAR
N9WWKMTE
P3NYR97W
AXLLMAC9
CX9N7ANC
KAAXW39K
WKLWPNEK
LY3RMHRR
THFFYWE4
3ML7YAPC
9Y4XTPCT
NXWNEARN
WEX3LXLE
H4LMWE7C
M4N3X3FA
FFX3RTPT
7AYC7MPY
CAWKMCAL
THCR7L9M
9XP4AXCX
RWAMLFLR
CRH9YL4C
LA3TNRAY
H7AAPKC9
EY99LCF7
KKALHRE7
TTRCMNKM
LFNFHYMA
TLF4KFMY
YTFEETLM
EFF4HAWX
PY4YFANN
F9AKHWWR
H3HWPR97
CEY7M4LY
CLE4K377
WN4AYC94
XKCPLFF3
9MFW9MNP
EA7EHHY4
CLHPMW7P
XFY3FYK7
4FAKALLR
C4R7EYMT
Y9EH4CRN
TKCXPCNP
L4MXWN3M
WF4YMNXE
K7A9PE79
RWEHFWNA
9FANEN9T
HL77EX4L
YFE33FA3
9LFALARX
FTKF3K9A
LTRM4HWX
7XHCHFPN
YXXKY33F
P47E43XX
H3WPRLYP
ETNY9WRX
ERRYPMMT
7ECATTMA
9CWEHC3A
LN4NHYT7
YR3FPKXY
K9Y9XKL7
HEKXTATT
WHNYN4NN
44MXE4T9
CFEW9TFX
CCTEEHW7
WYLYLCMP
77WMHWTX
9PYLN4WX
RXLEA7TE
YC9AMHYM
RN9M9NR7
MA7A7MHR
99HEYPKE
KPKMP7WH
CHYEEPPW
YRHXT9WP
XTRFXWEM
E3EE7TEM
HE7HF7CW
N3KY3Y9K
44ETTCX3
FAYMP993
L9EXMWMM
YWPXRTWM
HYENHHAT
4MAMH3TN
NCE7APLP
LR4XMPHX
RE37FC4L
YAWYMAR7
9C7XW7EP
AC4YYFAL
3RX43WKC
3MYRELTP
HTMPMXA7
AWNH79HP
P9FLAAEK
TKCWKL7Y
7C4TA3NW
H3E3P3KH
EFCM4MNA
YEWLWEM9
KLTFTMMK
HPWRPN4W
R9EMYYN3
CMR9FTN3
AXYRHR3X
FYXREMWA
H3FXNAN9
99YM7X9R
EYYXWKFH
977A34AN
KX4EYRC4
TYCREXXR
3KT9Y7EE
H4WKYLXH
WHFWMC4C
CF34FFFH
YK9XPWTX
TYF9MPN3
LMT3KR3F
LHW7LTFM
XXTNFXPF
P73YRFAA
WXE3AEKW
NAAHMEYM
W4XMRWRH
HAP7XYKM
PM4L4NWR
ETK4H9AF
LKCPH7W7
MLM3R939
F3PFP3X7
YHCNNLRL
XRECYHH9
CYYF7437
NKWKL97L
3ACCXCHW
WMFYRWNP
EWFEWRPA
AHLTKCTF
PXXN977A
ENFFCXTW
THTWXFL3
XR4TYFWN
LC7YA7TC
AF3KXL4T
LWF4K9YT
KEYKAYMM
LP9X4XYC
MLTM4N79
W97YT3PW
4AHY3EHP
LLFR4KMN
9XCRHXXK
MXTNL4C4
4W4AWRME
XXNEHCKR
H9Y9EWRE
W3FNP9NW
MP7K7MW4
7PLWFA7X
W9W49YYC
Y3LPEYRP
HXPYPNCX
NKTHMMAK
NXP7K97W
4ERCKNTR
XXWM94PE
CPNKY44R
W9XW7A3W
KFXN7RAF
AW9C77LM
HNCYFXL4
L7HPHEKL
9L4ETMX7
HWMMRLT4
N9FKHY9T
XTYRNM3T
LE34FX9N
KRMLNWT9
MNRREAP7
9MYP79P9
HHAR3AW4
NC797NLC
METXL3WH
NRRPTE9Y
WTHWHR9H
7HNCKHNP
P7PFERN9
NK9EMLLL
73WKC3HR
M9PTEEYY
C9Y7CYAW
3F7EH3MT
AMCRLXYH
L9EC3MFN
XFN3CN4F
7NMFEARM
W7HHETAE
R3W7CLLK
PFP7MY4N
4HHK7FM3
4WEM3TNX
W79MNY9P
NKCEW3KE
MECLRLY7
7LYK9FMM
AHATWNTA
K7EXKXP9
ANAPLC4P
XN3FHMXW
RAPCYM7W
ERXEXP9L
49MEACYC
HM3AFEF7
CCXHPW3E
N9HKTYYC
F4NARLWK
3TTAKLKC
CH3NYKKY
RHWLAREF
TXF43HTA
H7FAFWA7
KFNL3W9A
W7REAR79
X4C9K7NL
TTMFYX37
KWKCYLKE
FL9PEYH7
MELPCXY4
XWHKTMKC
P977YCC7
TRF3PXPH
AXENAHYH
CRFAY4HP
4KP9KPXX
44LECP33
E9ATKYXT
7HEME9M3
4XKE3R7Y
9FFLL77X
NKNKA9A7
TEK4LARN
CWCPPEMR
MKXAAF74
EKC3EP9L
ET9RHT4C
3YAPYPTY
K9LWAY99
YKPAFFTK
R4PCP3KW
KWLTXMWY
MWFYFPAR
4MWAA4AF
3CCER34X
KCNFMERX
KWWYCF3P
AHY7MRFW
K4W9AW9H
KYFE3LXW
L94LTC4C
TEPRFW7H
WEH9LMXH
9LLNPHE9
E794Y4TF
XTEM7WHC
EECNENAM
ELARWW9C
PW4NEYW3
4ELHLKWC
43N9N3R3
YXLLACWF
TF3LNA79
MA4EA994
CC9PTCFW
W3PFRXAX
CYFPLMT3
XCFKPYEE
7XY9PTP9
R7KMRYKH
NY9EMCTN
Y3T79L73
3FTNWPC9
M3TTAPP9
WT9EWEEP
NWE7NKTY
43K34CAC
KRFF9FXA
WPC7R4CL
CW99K7EF
L3A33E7L
APPY9PKT
K47NMR3F
K9XLRX4C
3WRNF7RT
93FKWC7K
KLRYC9HE
WRYKTAAT
KNLWE3FY
PXKFT9PK
H3CEYMXW
KRWT37X9
TYYEAXH7
49794KEF
CAR97F7Y
AC9HAKLP
L7FLR7XH
4WF4NWXW
WL3AFRCN
NXHXPCTP
EE4WMHLX
T4RTXA79
LK94W7M9
WCPLA97N
79YFCM9A
W7RM3X37
43Y9A9KK
N4LL33YR
X744EE49
C39RPWMM
KPT9NC37
LREWA4EN
CEYHNMCE
NY3MXHEW
NM9F4E34
RX9PHHXC
PF9MHLKR
LTRR3R4H
YLY4NHRA
L4C4CLAA
PT4TTECC
P9ET37YE
T9CCMLNP
FCM4K3R3
FTEFTX74
K9PTLYWN
W7RMK3AX
9YAM3PNF
CAP4HNYA
4RYEHERA
MRTFHH94
ET439L7C
NP99E7PT
WHLHFTH4
7MA3TY4H
M7KXHPWM
AMWC7ATL
RWHM37LR
MFKPMLLE
HE9W93HL
XKTECY3K
EHFLWNTF
NLAW77T3
3AFMFKY3
W7PMWR3C
HRL9LE7E
K9KHN9PT
4CAWTCLA
PX4RWTHH
KCMXRMH4
KKMH4HX3
FWR3E9RT
TLENTKPR
9PWA9EKP
LE3C9R4K
3K4EF33W
37HL9YRR
TA4C49WC
RMCFFCHM
3RHLFCE3
PH4FTWM3
YNWYN7ML
EPHTAKPC
R4NE3X73
3FAXAN4H
YEWWHEEX
EN3HYYX7
M3H3NM3Y
Y9AREKMR
3E7F3RXH
7TTTKCH3
KKMFACAR
LNT9PM4P
N9TN3CXY
YRXFCT49
RRPA9XXW
9ELKRERW
XLKECLYM
39C4LNRN
H4YN47AX
MEKC73AX
799XAERE
WTERANLF
9M4A9994
43MEFEKM
4KXLRYAY
FMKNNTKR
XKTHRWX9
LTCKR3LL
LH3YWPWE
RYFAM7YK
WEA4YPMN
CH33L4X9
CR3LMC7L
K3A4C7LM
KPP7RNEP
99L9WKWX
4PNP34RY
H7RWFXM7
K9N4CFYT
FAHTM3NF
FPPLXEWW
WXAFNF33
L9C7C7R3
YEYKXTA4
HCRPN3RM
C9PWLCWT
NPHYLXWC
A7RY3NPR
WH3CAMW3
FCTMHRFC
XTFE3NYE
AKRW4TLY
7NNLFYML
CW944HM7
3MFMN477
49T7MHL9
NX73TPR3
X7YXK3AK
YW3XENY3
9RK4LHHF
7PHMCTFM
ETM3RTAK
PNXXRTRL
HRHPWYN4
M777NRHF
PX7LY33H
993FHHKA
EKHLK3FH
C9499TAA
F9YXP374
PF9L43AF
KTKLCRET
KP47T9YC
EMXTFHMM
RTA4WFKA
PTMEPCYW
WW47YAMW
T9N9E3WY
HPTRWTXW
L3LEHTPN
ANN9XFRM
HELKPMXF
MLLHLH3E
HRRX3RC7
EFAAPFEC
R7FWRCXE
37A7Y4W7
A4E4WYNL
LTCN9LLF
4CR73KNP
PLWFF4WR
YK3YKYW7
R9PXT34L
3WWNX9EH
W37TLR7H
ECE3KKHP
TWHAXW9P
AWM9T3AA
TR3MTRTN
XNK7A79L
39R494PA
4THTCHPW
9Y3KCLCE
KWE9WNEM
TXXPYC9H
EAWHLKTY
NW3XR44N
NKP9HL3X
M7AXLCAE
X99XNYRC
KAWMRK3W
TKRFFYYE
AATANRWW
7RLRHECM
XWETTKPM
LKEHWPCK
ATP9TCAP
7RY9XXWR
ENHPWYWT
CXNX9RLM
T7XMPAEX
F99LEM39
A94FAFME
F3X4KYAL
K934AR9E
LYXCYXHT
EE434XXR
749WH9XF
RAXC7NAK
CKE34MP9
NME4F4PL
CC7MCMYN
PHAXXFAR
M47FX3AM
LL7XC9WC
MM7N9EPY
WLENX9KL
CAYEYXX4
TN9N9YM9
K9PCFLK9
LMMN4PEK
RKELH4AF
99W3499T
KLPYEMRP
3FLLLPHC
9LT44KTM
79KY3FRX
79A9M43L
MHHYXCKC
YK9XNKH4
CWXNMYLL
NMCRXR4C
9X3RK4YH
7W9NHKLM
LNPREYX4
KEALRHCX
MCM4TTWC
H7P7AP37
HHEYYTRX
R93KKN3K
ECAFH4LM
A7KN4MXR
APPMRHTW
FXHL9K4K
NRRPCX9X
H7MXX9RM
4NYREPAM
W3W43ACW
THXEE4LA
FW9RCHEY
CNPXRANT
TECMMAR3
KF77M9YY
WTENEEFC
CYMXEAM3
THW9NLLN
9YLATFPF
LXPCELEL
YEWF9R7T
YNCWMRP7
E3WYP4EY
ATKCYMKC
PCKXRLLH
KEFMPWRW
ETMYXFAP
C9N3KF4F
X9AKCH3E
49TRKWPT
K974FE9K
YC3CHHKE
CMKAXHRT
YRT7PAAC
94CNKNXH
KXHHXMXL
7KF94XWC
94FNHK9W
3MPHH3A4
9KXKXRM9
LKAPY9CW
KTNAKKLK
XLEWPYHR
FW3T444P
HK9N3A7Y
HCTTXFRW
TFTYRMWP
REW3FTMN
9R3L47RT
YF9LW43R
R7AFKXHW
LWP4TCCT
KXAXCXLF
4NYKKF4N
MM4RC3HF
Y4MRN97K
PTREMWCK
3XMAKPMN
R7YMWWER
F3YET3MT
YACTWXCX
RWERW4MM
YYFTLLRE
KELEF7FR
7KETNAPH
4RKTH4YN
NT4NA3TA
7ELWK9HF
XHR9M9NL
E734AWY4
APT3YRNK
LREWYXK9
4XK3E7YT
WKMR9A3W
C7XWC39C
WK9YNEMH
Y79P7N7A
MHE7XWYC
CHCPMCPC
CMFFWEE3
YFA3AXPY
9W4P9WH3
33HW7HAX
YNYXRNHX
4HPKNERK
CPE9CWN7
EH7XH7K9
KCKE4A74
AAXTLHA4
APC9HXH7
3HAR7P9M
YXKKR9XY
PMHAP74T
TC7YERFE
N4THCMWN
YEHTENKP
4NRECW43
ER9H43E4
YAWXF49N
P9XKMNKW
Y7EAHCLP
PA79PPAT
YEKX4LA7
A4W9LT97
3L34TK39
3PHY9W7M
R9MLW9CM
TE4A4T93
MKWCXWTR
3WANNXNF
APFMMFYX
TWER7HEC
YLLFTTNP
FKCRKTLW
P9NC7973
YY7F739R
LACYHLMM
33MEM7ML
KW937XKW
T39TWP3L
3FM97CE7
49PXKEE3
F77EETXX
3HK9KHYP
EA3LMXHC
T3PFC7H3
N97ECFWT
3A34A4HH
P4LMH33R
P49R79T3
C94EHLEL
MFARK3ML
AFPRMKFT
PFYY4M34
YXRXPK9X
NF3ERWPF
HWKRA4CN
47WWWT33
XT3M4N9F
CHWTL7KK
7YPF7TRN
E99NNL3F
MH3EYAM4
7WX9ENCA
R9WX3CYY
AMHEWRY3
3NLXLPFN
LAEY44AF
NTW9YLCL
HM9TAPAM
WPMFNRYW
CCAAHN47
4TCKRMYW
LHX7ANHR
K9CRT4TE
YTTRMMLC
FTATPW3K
4RCEHYEX
XA99HACH
4MKHKYYA
R7CWXCCT
L3KRANL3
3KFW7TEM
FAH397MH
9LW7RYHW
EXPPP4FR
HKTF39N3
33YYRCYP
HPLM7P3T
KLXW3LHC
FH93PATM
F9CAX9RK
MTNKY37F
ERWTHNR3
RH9MTMPP
KM9PN7TX
FWLYPNXH
P3TPTKP4
CHFHP7LP
N43C79CN
LLMPT99R
HXLNP3PM
3HCA7Y7T
YNF7R4XE
3T4TXFPY
9ALAYHP4
44MLE4C3
LNF99YFY
CKKYN7FL
HK79F3TT
FFLCR4CR
NAWMMKTR
A9PMYART
MPNAEC3C
LPKP3E7X
WFWCYX3H
MXT9KTAM
KCRNR3YP
A4C9K3FY
3KYAY9HM
HRTNAWA7
NKKYWF4L
MWKXMTFK
RWMTKXL4
3FMNKNP3
737AN4HW
A7XKC49Y
H9LW7FYY
FF3HA47T
RYAHWKKF
PCA9RTTE
PY73KF9C
7REMNTHC
LHKX7EPL
4MYFX7NY
XLCEN4NK
4NTR97M3
XRTNWAY4
WTNXPNXX
CTTCC9KW
YCCHMET9
WYYAPAHH
MCYLFAY7
X9LETKFC
MCLER37A
LP9NM3E7
LA3K7N4N
PNPLE4ET
PWXCXHXX
R7N3HKNW
LYT7CP4Y
XEANA7RK
PA7LXNLE
3YPLF7RC
LCMAW9R4
C3ALEAPA
FFAPFW4L
9XE7RMCW
T3XNETKA
MEXNCTT4
9NEYC944
AMP77PH4
HFRKWK4N
PWW9YKMW
RAL7Y3FX
HKAK7YF7
FFHWW9P4
479CTLFF
7FRTYMYW
KKREMCKT
YLA7FFR9
KA4W4F47
ELPA3HA4
9HYEFTNF
YX7NCYYN
4P9XCXEF
C73CM9MP
M9RK4YXP
49RYX39A
PM3T3EHL
MCXXMX3X
WNEPWEWK
C474437Y
YCEWWX7F
PEYWXP4X
E3TRAWAN
ETCYWCPF
EFAXL3A9
MA4NF477
MP7NYRTK
F4LNLMP4
W7LAK4A9
PLCA9W7F
AEY3N7TK
NA49HF7H
7XCC3W9C
9YYE3L4T
TL9NEHLH
FKXERX3E
PXK4FX7L
XPFCE4E9
YFKNCN9A
EARAK397
KC7NTHKW
LCWFNRTW
PNAYPFF3
AMCLWY7E
CYTWYX9C
Y4ELATLC
WY7CXAXH
P7XL3A34
F73M7LT3
44AXLTW9
PFXC9RLL
RWRKWKET
Y4MMEHXF
WFE4YX37
K7W4MRNE
9744YC99
A47F9FCX
M3AFP3HK
WP39E9RL
XWMCEEFX
X9NAARFW
N4PR9L9Y
CYPAEEAM
73RC374L
HYXHPXAM
W73TRNTR
4W9P9TMH
NKXLRPKN
PRCYC3TL
TTCWXPMH
RWETKKNY
PF3KAW79
KYXTR4CA
HLCRC7XR
MYEPRY9Y
XKCL9YXA
MR7KLTL7
AY9A7T4L
X4KCLLYX
F3K9XKCH
LEC4WHWM
CXXNF7M4
NR9HA9YW
CACRYAYE
TK799NKA
FW7KEC9F
NFPK7FRF
LTFL9HEX
R4M3PK3M
KYXCTRWP
Y4KPXWAH
YTCPRCXK
9K9CPYEA
TLCFLCEM
ATA3XRLF
PKEKAF9L
77MMPMK3
P9AHPWTE
MH4NL7XX
PAFEAHRH
RR9XPM3M
NRHEAWWN
FFKPXMMK
R4THRKPF
AFA3M3KN
HYHTPY9F
P9TAPW3K
9RLTAHNW
7EEPA7YN
P9CRFPF4
HPMYH9CC
WRARRY7A
LMAFFWCA
AWA7T97M
E3TE3374
R4P37TYM
A3MY3YFN
MCYRECPC
4TPYXM9L
PKW4LK3F
TRRATYYF
NXEHKPMK
EKXMK9TN
YAPFLANY
H3XRHPPL
ATLNR4FX
CXWT7KMR
THRKW3NT
WT9APAPE
W7KYTWPF
CAH7TPNA
YHR9M97K
F7AMFNWN
Y943WHMR
HNP3PPPX
PATE7THA
NWXXALTF
LX3ALLM4
MH7E7LKE
Y4HPH3WC
FXNCM9TA
YMN3KT9Y
3NYMA4AW
NLH3RKKL
HFPYT9R3
WHXHKFA7
EACT4TXE
C7MHFAAL
RHLNWRRT
AYLNRKR3
EH9P9NW4
3P9ETLNX
MRCACYW4
TWR49XPK
WLPCAKXP
NK49Y9T4
HT9RA34P
KFHNYRN7
NCY9EHYC
RHKMTXWP
FWRW7T97
NLKN4LTH
NXTPPFF9
WHYPKYCN
NP7KMLWH
AKXWFKXA
7NW3KFXF
PWKT9P4P
CMERECKT
CMYAH49A
WH99MM9M
WYFPEA9E
K4ECXYCL
FXPFWEN9
A7L4NCYY
WHKETETM
N97PTLLN
CP9NW43C
RFPHLT3Y
CL4PN977
7LHNWLC3
74YECRHL
HRCNL73X
K49MA7P9
R333YYWC
NFLXCXER
KXLT4AP3
MN77XRWF
ATN9WHCX
EXXMKPKF
XT4H7L74
RKPMHAA3
R3LWP794
X4WLAYM3
LTRRMCPY
97FEAKNN
C7K4CXKN
44LA4W7N
3WFTLL3X
7LN3MTNH
ERMHWYTE
9A7XXYAH
MEH43XEN
PE7AEPAL
PL79PNKL
TXXY3CMP
CNCCC4NR
79MH4LA3
N9CFA4KF
PN3LKWRC
ETCHY447
7W3PCW94
R9NHK3KM
3TLTPYMK
NPWLNFPN
ACHLCAAN
NYLCRLEM
4NMPFKFL
LPWPKR4C
EKPELCLT
A7MPCYEY
ANY4X4AN
7LEFAMPR
RYLET4XL
7LFT3LRT
PTKFRLYY
FNNRRRPY
CEPHHCKX
K9AFENNH
NK3C937F
99AATHP4
W4PMCKET
KHPELFFF
W3ALLT3F
YRMYELXY
KFPYFW3N
WTKPEWAP
LNXXAYRK
PAMMWMK7
KCYXW3CA
MXAW9RKH
HCCWRKAH
3NLPPHW7
MTMWNKRM
7Y7CA4RK
HP7TLTH3
HRCFYLN9
RFNC7WFW
CAF7RY77
9YCP7PLT
HHPMHLAH
4ATH3AYK
YK3X4P7W
TMFN9L47
E97XKWEE
HRNTKK39
MR7LTKT3
Y7WHEWHH
KWYFFLLM
7LP3HY3A
TXPM3M7A
FCPE4MA3
PRXYCLK7
W334YNRM
AEF7C4CA
4RYHKKYW
PMFN33HW
MANNLN9A
9HLE7KH9
EH3LF99Y
WMPA7XMA
R93NKXAL
MN7RP43A
A9M7HETH
AY3MXPHY
YX7W3XF4
4MMR7LNP
XKLP74KW
AMTPTTHM
3WNT377X
KENMA4LH
4THP7REY
MH4Y34RM
YFEF99HX
TMYPRLH9
9A4FRAL7
3FYHFXNC
3MEE3FP4
H7PFAF7C
MNYX7LTP
7HCCEN7E
W3NHNW4M
R3XLTRWF
RYPNFLNX
FLR4YE9K
CFKR73TT
ENL3WPLP
9FPYM3LY
LYMTWE9T
HWPFPKAF
R97RFNAE
EEW3TPRX
TEKA3EYA
KCPYM3CK
KEMHCPK4
KHPPTF79
99TXCWXR
RA4FKE33
N3HR79NN
YYET7YKN
TMTA3PKR
KKYCAK3H
TTWKMWPR
9TAC7H4C
AYLYT473
747HNH3X
HAPY3CTN
KWXTA4EA
KXHKMW4C
FFY79M93
FCRH7E97
W3AAEN4H
7PCXHNTE
KCFEN9NL
HHK7PEE4
ENR7YN3R
X9CANKY3
9WM4AAWX
ANHYP3P3
7CAFTWNP
MTLXWCMA
KY9M3E9K
HMY97KHW
MW9M77TN
ARMHYKK3
LXNKKHNY
KX99LH4N
34YERANP
LP9THPWA
LLTFXX4A
LKPTEY7T
3EKXFTRA
7T3P7EHC
YH4F9NKL
MYMY3ET7
NWP3T9TY
HMRL3MAT
LMXX7R4N
CLL93MTX
F7RNHNY7
MEAE7RRP
TWLLP79T
N7YR937C
LRRRKF3R
HFEWTTAT
WWFPRFEX
EPAWMWHP
7MNA3FMK
YYX73ARW
M4FT4MY4
NFH4R7EW
K3HKNTL3
YAKYYP3R
XW9YPR9T
LPMMPRTY
7HAFKFLR
HX3ARKKL
LETA9P9M
L9EELCYH
E4XFPMFT
7H9HPXTY
WCYFNE9L
39EH9PXC
73AFXHYF
WXNX9FC4
Y7XEH3WH
FHFT44XY
4YMCP9AH
KXY7M4TA
4CF9P7H3
7LCTAANF
MLNX7PCY
NPKKPXTY
3TT3MMXX
HFCAMCYY
WAYMHMMR
LHLTHMTA
EK3HMHWM
KAWM7CCP
KHFF7WNP
ALWX9HEL
WHEXXARL
3PN79CFA
HH4EXKYM
KYRT33KP
3R9C7FWH
Y77EYKRC
RXC4PP39
LEE4XXFA
7Y9FFHTY
R9EFAPY7
WNL9LYNM
RPPTX44X
9CEE4AMC
KLEECAXM
LYKCXT9L
ARTY3MKA
CNAWCT9K
XR3CRM3Y
3MMKCEXE
YE43FRPK
LMXWE3T4
7HXHYCFT
7HPCKL4P
HHAKRTKX
PA9HKHWN
NEPLMR47
LNW94KAK
KMXMCP4L
379CKF37
NE93RYKX
WTTATLNC
NCAKTYCT
AH99CRRF
NPFPH393
M7C97KY9
C4WEPFPR
4EMRHAAR
P7NPTNCT
NTNKAP3H
7KYYLA7X
3ML3AAXR
KF9LXYTR
K4NPE4PY
TT9LMETM
TPEKH7LM
AL7PL99H
NL4CFW9Y
4LHNPF9W
4HL9TR9X
HPTMLN3R
FKM9XX3N
L7KYT9TP
4PLNEKTL
LNH43KXR
7PXY93PF
CAEF4FA7
FMF9CYMM
EWKNLFNE
C39P7PTM
PH4FXM3X
HAKTA4TY
P7KXMEPA
THRNLW43
7KAYK3EA
LYK3C7YX
EEMKFHPT
4R73K4TX
XWRFX9FN
TRHAYYXF
KNNRTLAM
KTNHYXMT
AK9XYEXP
WWREMLEM
HKNR3TYN
ALXM4RHM
NEARC4PF
PP7XY7WM
WR9HKHMM
PEPPCAHR
3WFKK4HF
M4XHPH9R
E4HH4KFH
WFA7CFYP
P94A33HP
YPHER7RT
WYEHK3FP
NNEKLNYY
YFCPWXFW
HANY9NNX
EHYNYK3T
RFF4KWXK
E43L3CWF
P9TKX9H3
37FR7RXM
A93ETXR3
MTKRMF99
LRXPTFAX
H4CYFY9X
4A94CW39
YYEPCY3T
XCENNTXP
9EP34EEY
ACNPACN9
FARLXWNY
AHRLEY4K
M97P7CRN
RLLN4RHF
MXXA4LEN
XYXYTAHL
K9FL9WKP
K4ACTNKC
AMNMETRL
A3KT7MPX
KFAKPWL9
7CCPALTA
49L4YFY7
W9Y4XLLC
ELL43LM4
4RPRWWFF
YHE4E7TH
ER4MCWLA
9A97337N
X7X4RNNN
KCNKNEEK
WNNYR3CF
TMPFRF3T
FLF9FAHL
99Y4HPYA
MYW9NAP9
7NYWTT4Y
9L4XTKL3
KHPAYF4L
7EAFF3XY
MWATCN49
M3AYAEY3
TH4C9EHH
3KAHKRLW
X93YM3EF
L3NL79HH
XK7EKXWW
XCEKYRYH
CMWRX943
RFEXW79K
K7YL7PC3
FXLPCNTR
X3RHE9A4
9RPHTPNW
4LYYCNP7
3KYE9MFT
AEEAX7LL
HYEH9R73
XHY99M3N
PMPLRMF7
AWLTMYWN
NAYLF3WH
7NLAL39F
PNWF4CCF
L3E7YTMK
P73TTMAY
3REF4M7X
FWE4TLPX
FMWFRKF4
44NX9EC3
R9FFXNC4
H7KXKH79
PYXAW9NW
R4H4WK3W
X7MEFXHM
KWF3HPFC
AWYXCW7C
WCCWFK7H
7MLCC7YC
CX37WLTA
MLW3PTEX
MRHMHP97
37YPL4WX
FNTR4HP9
7HPFA7LR
A3WHY3T9
NC939R79
PT4PC9FE
9NW7A74R
KKARXRNH
NKHWWPAC
C39NH93Y
CXPER4NL
NTMLE4EM
RN4H3KN3
EFTLPC9E
FX4RCY7F
TCCWNY3F
HY3XW4AM
9N9EKF7N
KYXWKK9Y
FHAFCPTP
C377YLAE
9HTY4NK3
4MPY7RK9
ATNMR9CN
4RLCWLPE
WXPMALXX
Y4937MN7
F49HYMEF
4WW37CXC
FMYRW4K3
W9AXEC4L
EC73TWET
7L39MW9L
WKK3MRYY
HPY9LNLE
9THLF9MT
C4WCAFFK
4FTFXMHN
XM49K79E
LYHYHELX
CXFHHE9P
RYC9LWR4
4CCKWLM4
4FM9C9WR
NN9N9M3K
KL3L3RKH
ECN7WRCW
X4LE9HKY
EXPKCHX3
9349LFPH
WT9KXXCP
TFFCFRET
FHFR9CP4
M3PFWXPA
74YMHY93
39LWT4K4
EMW3RAWM
MMKMMKFL
KRK9TCYT
HHK7YANT
XTNKACNY
7CA94YAH
44PLRYN4
AEX9WE7H
TATLLXAC
K4XFP97P
4WWWMH3E
K9LRMHYR
WRT3ECKX
74H4PXHP
WX3HAX3T
NNAT4MYA
KY9LKK9Y
AHYMHT7P
FTRWAAT9
HM9FMHAY
EAXX4WEK
HYW9E9A7
M9CA7NWN
X3PFYEE3
RX74TYLN
AC3RCXXW
ET9MT7E9
M39CXL3W
RKTAH9R4
YR3RYPNL
XTRAFCLX
XX7MLELR
APAYK37X
YKMKW3H9
X4LEKNPC
YXLX3F4P
7HPYRHMT
KEAYWY3R
H9HPHWN9
X3NEARKE
PPWKMWLA
RPA9CMEE
NRC9MYRM
3KPCCNLF
4LHFN93K
93R7X9XR
PTFMWLH9
ELANY3NP
YF99TC7R
HCKYEREM
3MFPKY39
RK9WWX44
4ACEKMXA
7NA3TYAA
ACFRKYYW
KXMY4H4P
C93WAFEA
3MXER9NW
K33NF3RW
XYYLA9C7
NELACEYW
XKY77C34
KYAHHPHP
4CH9HTWL
NR3TPXN3
XX9CNPCN
PPKNK99W
HEXPHTKC
PAX4M93A
TXTXCRAX
TX7C49PM
M3YTKCKW
PC9H3EFY
NAWXMR4M
KXLTRTPC
PR7F3KRL
L7KT7WM7
WPXWCRCX
97NWMYHE
HNAPMT3C
T4YAXWXE
ENRMC4LW
X943MTNY
EMR3AR4R
4TKP77TF
NKWCXY7T
XXMTY94Y
NFKTH9FF
TPX7CMAW
L9R3WRFK
3HM7FR9K
4W7XTRP9
MR4HHHX4
9X9C9PFK
PR4YX9ML
MT4LMME3
YP4X34WR
K4MHCML3
FFN3PXYR
H9XHNY77
CYM9HPCN
RKY3T43R
YLTX4CXP
WPLXMAW4
49APYY4H
C34ENYRE
AMTA9H4E
XRHNNERM
CMR7PXRH
HNXYLPP7
TK3YKXWL
NXXFPXRF
YXEHFHNX
W9LTN3LC
7WCPWT9P
NEYCAEP4
7XHXHWXR
7YLFFR4X
CH9PTTN3
YT77P9EL
NAFAT779
HXRY7HLH
XMFWR3AW
MACLRFNK
FY3A34YY
XPL7ENAM
4RWLLMTW
YXHKKPFW
RFFE9TWP
PR9MAWMH
MXWKMEPM
H794TANR
CKFEHA9P
EPHAYE73
ERYP9FXY
9MHKRYLE
XAHTC4FP
NF77M3N9
X4PATMYT
N7A7EXKT
C9R7TNAR
CE79R7CT
YCAFPE99
T4RKLTCA
9HH43RHY
XERNYP7M
R79PFFPX
E7LPKNAK
Y7NFEH3M
7RXE9TAW
FFHAEE4X
FWXHFALL
FM3F7E9M
HNXFXHTY
X4T3MWF4
E7HYNRLF
YFP3MPRH
WPTA4WEE
Y7NWXRRC
AXCYWCKL
K9AA9MYA
LXYWWFR9
LF47MNFK
RNH7RYCC
YCPYPYYM
PPXPWRRT
LXEHFA99
WF4WLAT4
XMHPALT9
P39XTEM7
REL4NPC7
PXXNW77K
LPXM9PCW
3ALN4PAP
RNPCERNM
MM3FMAPY
RETK79LK
7WN97T44
L44PHR4X
4PL3N99F
X977EP3W
ME4L9LY7
MFKKYPHF
KLFWTCMH
4XXAEKN7
4NNRP7XN
KXFM4MCM
3WTXACRW
RTCTW3YR
YXLAKEHK
C9WXN9EW
Y7LH47LM
RA9MW9RX
4LHYHA73
RX3NATL3
9MLC9P9H
XXRC97LA
9RNTWNY9
X79MY7FC
YHL9A9YW
RM4FFMEX
3FP3CRLC
E7EAXKHE
PEHEYAFP
CA4EL79W
99RTR94K
4LFHTWTA
YTWYKWHN
WHYKRFMH
N7RHYFXN
4N7HATNY
TK7F3T3F
Y39A3YHX
PHK3FWNX
MRTWHXEW
9X7P9EPX
KMYPHK74
MHKKXM44
HYKKY99L
4KFAFT4C
WMXXLRR7
LAPNTLCT
T3ANTNNR
4P3YCAEM
CTMLL7TK
PMMKM3AM
NPYH7R39
3MCNEC9W
LNL49ATE
4WMNECPP
EN37LXTL
TTXMMTA4
N9WF934X
Y4HEMW9W
TE3RPNTH
PCW7YRCN
WRFHNKWC
7FXKPCEM
3NTMXETX
FACK7LHW
EW34ERX3
C93H9YF9
9LX9WER9
999ARFRP
YFRFYCLW
79PXX9NA
R4KFT4KK
ANEHYL7F
RRELW7KF
P7EKRPLX
C944MYWA
NKENREKF
LPECLRPW
3YFNW9WA
W37YWELR
XAW3AL3R
E4F943C9
37KANRH7
ANPC333E
Y3MXPH4X
KCR3AR3Y
LK3AWHMW
KPRFTR9M
NMRPHRX9
C4WRCTKL
3KAYXXCY
FA9Y9WK3
WN9EX3XT
EHEWM3EC
PTAHT9PK
LYWRAHAF
AX9AMX39
NFCEL7ME
HAAMCY73
C7A4KYP7
CFT7X4XC
YLYLHX37
EF9CT3LF
XWWHRP3T
EHH9W3R3
A39FN7EE
9X9L9LAL
XFN9WPMT
9AM9TXT4
KAP9KCNF
WN3METEE
YHPAYME7
734WPXYT
KKMRLFNN
MYECYMYE
WPFXR99E
CFXRHTWF
NYAAR7TK
9XNHT7FY
RRXCM3XL
ARA4FYYT
NL7KRR99
FY4HT7MN
F93ACYYX
NPAY7HXH
XNKW9ALY
CMYTWF3T
XLREY3N3
TXCEKN3L
RAYYT9KW
RAL9N7RT
3WAKT9W4
P334F7TN
37EAME7H
KK4EXERM
9F3P9H4L
AYHXE7MC
RRYWFW33
KWNNWEEW
AL4P49KY
PF3KMY7R
RHTFLEFM
T4K7RWAA
RCHWPTH7
3TLLYNT7
NKRPTWX3
FAKXAR7X
N9W9TLLA
4CHWYPLE
LK7NEE3R
LCXPYLFA
YNTNCTWR
NTAET97T
LLARTFNY
KA4NEYPA
E3NXCR9T
EFCXMPMF
HPCHCA4R
HLMALNNE
EY4LTF7L
TCCHPLTN
REA7EXCF
3W9PMX7C
XE9XCAFT
KN4KXLFP
LXT7X4WX
9RTFXPCY
WAL9HEC9
EK4XXFN3
P3PRN9NN
WWH3PANE
7KX3FMAK
L99Y3WHM
W7YENR9T
XWLRWXE7
NW4RY4HA
MNTLEMYF
KKPA9YAL
XHHMPMYF
WHKWMRMY
HLPLW7PT
M47PN7MY
H797A9NA
YTK7XTCL
W4HRL4LE
YE3CLNC9
FACXYNFN
TYHR74MR
EFR37HC3
3TH7YPTY
PFKHWXXC
KHXXFTYP
ANKNW44L
RTNYNNXH
CMYKAM7T
MX7LPW7W
HMNTEPKF
4YTEW9NX
9T7KAEMN
CWW3CCRT
NXF4F4XL
HFE7A9MT
3PLCPPNE
X33P4WLW
XCNFCXWT
CWYEFH4Y
REWPRN4T
PHANCARP
3WLM4LRC
4Y4NH77N
NMRPPFXY
MPRWN43W
PAAN9WKC
RTCRWP7H
9RMTPNLP
3CRKE7PK
EXERM37M
K9CF97W3
7TFYW9WK
NYFMFWAL
7XLKLRYR
K94AWCX3
NTENA4KP
3A7NRRYF
P3KTEWX9
PF7W9Y4K
PFWHXN7T
X3NWW7EA
KMH3LCCH
TTT9MECP
FLHT3FYW
NRM3NHLL
3NEKXPKN
7N7C9MFN
FM44WP3E
PX43XMTA
F4WX7PN3
9YMY94NM
E9CCKH3P
FXYMREPP
C3AENXPL
3FACKRX9
9FRK47N3
ME99YXAX
EYFEMNPX
L9KAAT3X
N39EMR7M
TXAKXLNE
FR3TLX7T
PHEETWR7
L9PF4NKH
TKNCYPRY
AYL9L3AW
PRECK9P3
A97MHA9X
M44EMTTE
3KYK9H3N
CPP3PT79
K9YL7ENW
C4MNT4LM
Y99H97PR
TNL3W94R
PH7MH3HE
WM4KL7WK
T7XTX9TE
74CR7RWN
ETL9TLPX
TCTN3CP3
WY97F4KN
YCLTKYPT
PX9HFELX
WWLT4AX4
7REYW3YX
YAM7CET7
XTCN3YFE
TME49PC3
L7KTRXNN
4474AA7H
FXRYF977
F9F3E43N
F34PLXXX
PF97Y3PH
RAET4EAH
CA4K9AKL
X7MH7L7Y
RE3F3MKL
WEWWFHFL
T9Y3WYYK
K4NLCHFH
P99EY3NP
HMEAXY9Y
M9WNRX77
XCCAAFPR
N3H33YXR
KPPMPWFE
TXCMFCX7
NEWRK97P
W44YAX9P
WAT4XPP4
KLMTW7EH
P9K3NA4F
NX4AN4MA
CH9MXMKP
Y3N4PCR4
AALWCMEW
H7MP7C3A
RAAM7WK4
LCPHAAWE
MNLX7NCK
FCMLNKWA
RLRY4T3L
3NKTTFTX
XYMWLNYW
9PFLR7NX
WWTT4H7C
FRKYPYRR
WRAFMRAT
YP3TNM3H
N3CFHYWW
Y3FCE4T7
3TCKETK9
XKLWKERE
MH4MCX79
LFHYMT9L
W7H3C73F
HTWLCKP9
RYLWE3RF
C9XRNH3K
XA3RAXLN
LAMK3NFK
NRWNELRW
HYE9EHET
7APKFXPM
NXMKWMLY
HLFXPEKR
47YENK3W
KWTT44R3
NYEHKMEC
XLYTTXMM
R7K34MX7
LHXYM4LH
73KHPKKW
EMAT3TME
REF7X497
TYHT9AH4
H4X3NRNC
HM9HE73P
RCTHTFFE
7CFWR4HF
PWM3KXF3
3LTRYW4E
ANATTYTA
RTFKFHKK
ALK34YCR
KTPNCMHR
MTNAKCCT
7NF94ENC
3E3TAHMT
CFKHFFYR
TW4M3XA4
3TL3CEEF
LX7XECMR
RFFEL3EA
MXLNR99R
L3PXMPKM
AFKECA7C
NM3RHKK9
NRLMHT99
F3NL3TMP
33Y3H7M9
L3F9T9CX
99CLEWY4
HCY4KMT3
W7ANPTNR
T4MLKT7F
NMYXM9TR
4WRTKREM
LLFEW7PL
YWAAFHHF
M4LXC93M
7N9FEMK7
TPPATLL7
C4EEHHFP
EECF3T94
F4YC4T7L
XMRETMLA
K4CRYWHE
74A7WTNC
WLRNMYN3
FPW4LL4C
CC7ECCK9
73MFRYTF
T4PTLMFM
WRLR99FP
MWHXRXR9
WRYTAEMK
EYCYLHR4
WREFPHPM
CK39NTLW
XNXN4K73
F3YERFLT
4LCYLE37
NL9KWETN
WKNRFTAT
EXWXWXEP
LXWXMX9W
4PMPAEWR
Y99H74C9
NK43WLNK
LWMY9FNP
R4TMYTCK
7H3ETFRC
YMAMKW7K
3AP9WFXM
WHWYPCMN
CNYE9LHK
KXMTNNKY
HFHPKPHY
33WYEEXW
9CCPAH9K
ENKHR3X4
ARHTMWLL
4KMAWHAF
WE74AHL4
3HP9FECL
TRPF79LL
9EMHW4RA
NNPAYW7T
APYTT9YC
FER9AHWL
KEMPRELR
WXTY7MYW
N34CTTAC
PRK99XAP
HXN9XRWA
XAA3N9H3
7A7RMC9K
79TMH9H4
PK4CEPHH
NYRE3XHT
W4PPXENF
Y9AAC7PR
YHNYECFK
MRPW3CAA
E7NFPKHW
XL4MR9K3
W37CLXWL
YLEHHHEK
7EXAL7RR
994Y7NR7
W9HX7MEL
PX3ET93T
FTYE4FML
TCYE7PWN
4Y7FWX49
F3XHPFEN
XXTWF9YY
747X773P
KYKFPWRC
CTFAWAAH
XWFNNL9A
HAY9YWER
4KTM4CR7
47HFKAHE
NLC9ECMN
K4R37LXR
CRXFTL7P
47PRRYLA
HPEPMLNL
E4P9TN3E
K9FKC9NC
MWLPFNP3
XHK37C74
7AR4RELN
YW9MHFEP
4EWFRXL9
M9AHMMML
79LLA3W7
7H444RK3
C7MPX77W
NP3YRR43
THKH3PEE
7NEWMN9K
EKPRHMPH
XWNAXMC9
97X3RWAC
3H937CY4
X3W9NR39
XKY7Y9XY
P4TYWP3N
HLKYXMEH
NRMFMCRN
9LFXNXP4
C94A979K
N7TLKCCY
WR4HMTHR
CH7YXMYX
E4934HFL
3HFYKKKR
EFN9AL9F
PNN9TFAK
W97ETP4A
P4MMWPTP
TEM39Y4H
E4MTXWMW
TPF9M9N9
T99TYFYY
T4RYCLFF
HWW47NC7
NK43TNRX
393HR9RX
NNMCHHWK
9THYLWLW
WH3RM3AN
YXMTKK4E
49T7X34Y
9EKRHE39
7EL7K37F
A3R4CRX9
WHFK3LKC
YYLCEK99
X4NHPFYK
9MFPMN3F
KWA7N3KH
RCRREYY3
TCXT4PEX
LHC3TWHX
A3NCLNLT
9M4T93MP
ENMARFE4
RWEP4KT9
93CAXY7L
797HALY4
MYNTPPA4
4Y3RPCT3
TKHXKXNR
ATK9CNCK
X749PLLM
F3PLFL7M
PNLFYRFW
TM9NWKA7
7FXN3MY7
NKNHAAXX
RCRXYYEM
NFR4NHER
YXEEL3HP
PRXC9P9W
LCHNHPYN
FNFKY4CL
KXK9TAEX
T73LRX3L
MEPA3ALP
TY4PKH7P
KCLCLFPP
KRC4NTRP
7M377WLR
AR9LM4KR
REXFRNRM
CAAT73TL
HEE3N7XC
RHMF4WEW
HKNLFRT7
KX9THN3X
YLEPWTCP
EKNYWHPT
LNCTFX7F
R779CPLE
P9PNEYX9
EHMF7PE9
N9FAL4AA
N9FPXKHT
KWELYANL
Y9W7MW3F
MN4T37HC
KMKX9RAF
ARMMYN4E
XTLY3XTF
K4WXTLW9
3TFNM7FA
MW49Y7A7
4NTMAXAA
FH7LXWEF
TYPHLPHK
3MLPLNWR
9RE7XWHL
NNFP7L7T
7XWNM4W4
Y4NY3ERM
LCWAEY3L
9NPL4PRE
YH7TNYXM
CN9CY9K9
EMX9MPNE
9MXPECFY
RRHKEY7M
WK3RFTMW
LAXFF97T
NFCPCWLM
XX3WLE4M
HYLT4WRF
MTR3WACP
PXRHHXNP
3X43XAKE
ACXPX7PN
NLE4LWYN
WMWNLH3E
NLAAXFY3
Y4KN7F7C
7MLTHY3N
L3PPH3WM
YL3XYXAT
NTEALYKW
N9REFHNT
TKK9HMMH
RRE7K797
NRTMMAH3
LYMX94PL
MNP4LRWK
P333KLCR
YXK73TWN
KE4CHKA7
YYXCLMYL
3FKEKHNY
Y3447LTL
FMXNHXMP
3N3ANTY3
HTM7EFKN
M3LRHC7L
AP3AX7RP
LHFPMALK
AMNMMLMH
KEE4PLMT
NMTW7X3L
FRXY3AK3
Y3PH3WCX
FYM4NYEF
LFACKMKW
HPXTFPEW
3Y9Y9CP7
KWHA7AW7
LW4RKAY9
AWAR4WXM
NWN9WTLW
H74YEEWH
474MNR99
XCCWMRFL
P9FFHCMM
RMCMT7PX
NPCFFYXK
KPFHHFML
XPWYLFXK
CM4NP9AL
9PN49PW3
34MHPMA3
FHCP4LNR
F7PARNY7
Y4PWRAKC
F9CKYT3H
PMR3WC34
RLWYR3F3
WXCXWP9C
PKTKMFAN
47W9LMHY
H349CCYF
3WFLHCA3
ML37CXRL
3AHWHF7C
NELAFPE3
CKXKANYA
PFXYE43F
K494WNK3
WFC4ARLM
CTFY49CH
XY3PFLHF
MMWFWW4M
TLPXLFLX
AFHTPFHN
TW7TPPEA
LXHRFK4E
WFLAAYYC
YNTKMY93
HPPXAPN4
H4WMARMT
TL4YRYFM
9PN47CHR
7KTLLKM3
CRWENYHC
YLLC3KCL
LRL9N9AK
3K9C3RXY
39C33FLY
T7CXA4H4
KHE3TCAK
MLXNCHWH
ANRYWYT3
LNE33W9P
LECK9XLF
3YHPP4KR
N94AKMP3
TYT4T9T7
39XNYHL7
KM9KNKTR
YC7CNWEA
NE7HKFFN
TNX7YMFP
KWEHCM3Y
74LCLAP4
RNRA3WXE
TH73Y7EE
7HFYK3KP
4AHE7YPC
379EEMTL
WKC9NECK
77NTYE34
P4XM77HL
HAKA3MHK
MTCEALYH
T4M4E4AP
LPPRP3LF
3HL3WCKP
K9N33XNA
7WE4TY4X
TTW7KLRT
TMH4NYWR
CNP399HN
WXH9MHR9
KWHT7PPL
MWWYNKTP
FMXKCE9F
44MLXYNK
AFMXCRWL
RMHYW399
WKCKHHLY
379PRAMW
NWWTMF4F
RHE9X4N9
T4K3L33P
7NEMAXME
MCEP7TLE
APCWFWN4
7MMYPMAF
XNMTHYL3
LKHEHEYM
YHP4MTTE
79TWYXWM
R7LHTLA7
FKAW7MF7
M9FRLEL3
4CTYHA4X
9ANKP4XA
LLEFXNXY
947CHTE4
X73RNYLH
7YYPPLNT
F97FHFCX
93EFWX9R
3Y9MMHAN
WHLWNLLT
MRMF3A9A
3HWWT33X
RXR3K77A
PH9KEFYR
CWK99CW3
3EXPC9FE
XHY93TCR
PRWHAXNR
N3NKYWHC
3HAF94HT
3LLN44FE
F7EAY9PW
7FTLMTWK
KFAWKPN9
WNYRLA9M
RELM9M3R
YLFY7WKT
7FLF7RFT
WXYT4CYE
EXKWM7CM
NMN4W73X
HYLXLKT3
A9RMY4WX
99NRH44E
C4CHMXHY
ACKE9XRT
YW9CFFKK
ETEMN3XA
FPFKLTTY
WH9L34AM
K3TKE3WH
XLCP47PL
F9PY73CY
YPN7ETW4
PPL4E73Y
LYYLAYR9
7TEM3MNY
RM3YEWWR
WF94XA3R
WY3RPKYW
FCETLWHW
YKTTXXYY
M4T77KNE
HPA3XK4R
NWARWAFN
YYX4XWX3
7FYMEPWK
9KPWR4RW
HHYCFEN4
HEWYYL77
CNWLC9CH
9LPCCYPE
MRML7K4X
LRP3PAH4
CFW3RR9L
AF7LTPMP
7XRRCWKN
F4MN3EPN
3KLXRNNF
CEXC7KCR
WNPFA49F
NPHA3YPC
YKRNELTK
XWFRKMLP
LRRLNXXN
37L37EKK
E37L7MWR
TER3KH7C
TR7WCFRE
NRWY7RRF
9CP7HMLW
FMAWF4XH
WRFLMMCW
3LX4WPHX
7HELLKR9
KWHNFPCK
TCAYM7AF
TKPRYKNN
FXFCXMPR
9W9M4YTC
NEWXRN7A
39N93W7T
KACCTERK
XWEA4E44
FR7XFAM4
TKLNYC4W
NCEXPPWX
N9KALLCE
F7Y7YPMC
3XAMEE4K
WLEKYC3T
A3W47HYA
4PM3Y33K
9ELHFT3X
CRLT4Y7F
NTFAMCEM
MM7H9FFM
YTKW4NNA
PTHHTA9F
K4KL3779
YCCEY4HA
P9Y4TFM9
N74HL4RH
P9FNAFRY
9RHKLPNM
T7HPYPFK
3WPKXTWP
4CXTP3LK
HXFWE4PH
FHT4M4RR
M77CAHRN
CE7YRWP7
FRLRLKHK
PLKARYWL
CANE49PN
P99CM34N
7WMFXL9L
FKMCLTEA
RTEFA793
HMLNFEFX
EPHXKC9M
3NWFF4KK
PCFYXCTK
WTNKW39N
T9KTTNLW
Y7EC3RNT
7KT9REFF
RWKPF7KX
FPFY47NN
PTCMEFYX
C33FYFHL
K43EE7W7
RFR9RYMA
LNXET3PT
L7XMKM33
EC7W3FET
P3MWT7YR
EAYXCWK9
X7C4LMPL
AAFXKYCT
WRRWF3TA
X3WWMKW9
3W7YPHKE
PNWFL3XT
XTKYLFET
TP474N39
PC37PMNN
CEMWAYFX
Y97R9E3P
MX33PRRA
7HKFHMRC
7C3FYCWE
LTPYYLRC
9YYH3HHM
FNCPELAT
KRKPFN3E
7N74YEET
N4LKEKKW
LFE9KYWM
3YF433YN
E4RX3H7F
9XRXWTLP
CXNLC47C
YK7HHN3K
LLAXALN9
LXH77XN7
YNA4XXW3
7WMY3K93
9L4AM73W
MA4XA9AA
CMCRXM3X
WX4EEAT7
N4MAPCWF
7N4PTENF
K3PFXHNH
YRLW93PR
NK7MAXYL
PY7LXNPR
99XEFRCR
9HLLYEAA
XKLAP4TP
A7W3W337
4TWFXEC4
3EXHKPRA
7EYPCE7T
YEKAMPFC
3TTWKPMA
NP3MFN44
EPN9NTAM
R394PHK7
37PP3X7E
KTYMWC9R
YAREARPM
WYNEH9N3
L3K994KX
TTT4CCWW
7H37MK4Y
X7HW4M4M
H9NL3TEW
AAF3N99A
HEYPEWEL
AEWMLFEM
MEYYNKTL
NLCC3TY9
4XCCFCET
N9NER7AR
RRNMHFK4
RHWHLKAW
4CEWWKAF
F9WHNWLF
33KYNCWM
7WPF9FM7
YA9NT3NA
MWEFWX9R
4ANXTPXF
TFCFRLKT
FMYNRLXR
PNKTTFYW
9XE44FKH
933394EM
Y9CYK7YH
4CKN9YL9
R3TWYYEC
K37XAN7W
4XYLALF7
WL4TM9LM
3EYK739M
H7PE9XHY
KRLK9YX7
KNHRTKKX
Y4MYXRC4
7XW43TMH
FC43KY94
X4FACEWA
AWTK43R4
M7CL77KA
4TP97NKX
YP4MXLER
FCMXWW37
HFXNEN9H
KLPHLK3X
NXAYERCR
9ECFLPNP
M7HT7ETE
HARPC7RE
XPWF77NT
KWPE4KKN
RAXKYHPT
YKRLC9WY
XMKNWA7L
LY974MP4
HNC3MKCL
YNK4TTYW
FAW3FPXC
YEWEMKR4
K7ALKAX9
E4H4AXCP
3EHACTT4
XT49FTPN
WE3EWYCY
TX3LEP7W
LEX3M7WW
RMHALYMT
AK4WRTPP
TRX7MFE3
NE3N4CMF
WLLKCAMW
9XXW3TTY
CL3APHT4
ALP44PMY
RPHKAHWA
4MXLLTC9
ALNRMERL
AHMLMPYP
A4A43NMC
4YM7XFY7
XLA9L9XL
RKCLX7MT
RAK4M4PA
A9NY7HYE
MR9HPLWW
LWYHRENW
XRM7YNNE
LEANF7FW
LEMAL3PA
XCT47RAF
PKNCRCR7
FTMFK9WR
K44PTCR7
R44XXFCA
K9TN3LRT
EC9RMFRP
TCR9TH4E
MHFRHEYF
NP7YWHEM
FRHP3RKH
XXKTNPFX
W49LECAF
WHCR397F
YHRWXNF4
3LM9EPC7
97PHF3AR
FXX9TEW3
MAR99PNN
YNTENPFH
NM7FFTCF
LH3WHAHT
RF34CCHN
AWANHMTK
ARH9ERAR
PXFYNPKF
K9KYWPWL
FP497CPT
REMR4PCM
FERALKLN
YT37C4YA
Y97N7AYX
CMAYE7PN
HWL7HPL4
ATNCN4L3
7ETHHHYW
9WPPYFWR
XMWL3WXR
KKRYFFTY
HLXW4AXL
3L39C4Y7
TLEPATP4
7RHP9XWN
PCC3LRXY
YM9K34PH
L4APF3KM
PEHMPH3L
EMCKN3HR
EKYPLCR9
MTMK77CX
F4N7NEHP
W7P77R7K
MF3LNP3T
M37RKH99
P3LNFRTE
AP3FT3A7
FWPHFH4T
XYFEPPK3
LK3M77FT
3CKRF9ML
RYRCLMTN
NXKCFMP3
EP7AMMCW
XHAH9NNL
PTKALYFM
FHMMTHEY
7WYP4TE3
Y7RKW74A
LH4XR9PX
AXKXHPWR
PP3PE7KP
44P7PKTX
TTWNXTRF
L73WWRXH
TWRXMHHW
XRXR77NX
RK97TMNW
NAW7KTYE
HP3YHKE3
A47ELAE3
KPRXTF3E
4RN4NLC3
HHCCF3FL
PYFCMLTC
N7H3LETN
A3W7RNM4
K9XFWC4N
FEKE7LRL
9ENKRAAE
7AF3WE9R
YCPNRCX4
K9T3YXTW
R9H4MN9T
WLTHLFET
HF4RN77T
MKF7NAPX
FT4P3KHH
4HWL7WCK
TY7NCXXL
XATR4T9P
LR4XHPWT
PR7ECCYR
HRNF9YET
9REMC3TA
P4TE4EYE
NMPMTRAK
4CR9TRE7
CHRMFYCC
NT7C3L4A
ENH9FCPE
FPAWY33Y
M49LMPXR
EATNY7TL
Y3NWKX33
34EKHK7K
9LARCA4W
ML4YTPAA
PAPLHPL3
XXWMFMFW
44KKEEXH
NHEA44LK
FCTWYNLM
M33RAWCF
MYN9MHXW
79RTCWNT
TRK3CMKE
T3YF4HR3
HMTE3FLL
43E9M3HP
P7RLEEET
TENETEHP
47RRFARE
LTTWHMPT
4NHA3XXX
LP3PXFA4
NRNPMCLR
XEXRT39K
M7XPHWXY
RY7MH3YK
4X7LKMNR
CMMFEAEC
NCK7RCCA
A4MMTPYF
X3ML7KTX
RH7CFHW3
ENH3MEP3
LN97NFCC
MXFXAPF7
PEPH3FME
EEP7MYLK
KXLTY3TE
PLERC3P7
T7K9NFRH
Y3YLCPR4
RNNXFYXK
THAP7P4R
7KEPKCAM
HMPKC3RF
H3WPNELR
9747WL94
A3YCCRXL
LAMPFRCT
NEW3RTHW
ERYY3EW4
WTYLAAKF
YATN7M4F
WR9MAHKC
CFRYNWFA
MPTTNW3H
NAM4L9CR
AWLWYA7E
LYFXYWNC
NH4YNTCL
EWAYRH4L
XYAR37MK
THNXEFPA
ARHCY7F7
WNNL9YFM
YHRKC4YW
RAHKTEPP
KWFKWMR9
9E9Y4X73
4P4RHNN9
NEFXKNY7
3ETPAA9Y
LK3FAR7H
RT7LW9KT
HWH94XRY
N39FNXPM
FTMW7YXY
93TMMYFC
M39TLLKT
X9H34MFT
R3PTPTPP
RPWWAWNH
YKW9RLLF
LER3PPE9
EHRKTCN4
CTHAET7A
LHYXHRF7
R3FN39F4
R3AMRCCL
Y4FMXW3F
CMTF37MW
WFL7AWTM
4AMLCNTN
YYFFTYC7
7MCMHMNM
3KYAKNE3
7MERARAT
TACCRNN9
LAXLMX7X
XRWR94NF
974TT4WR
3R9M4FHY
7P9H7CWA
XHKT43N3
NP44LK7T
MXKH33PM
7LENRR9N
KYKKK7KL
FFLLHEY9
4X43N3FT
AEXKK99M
93N33HXA
LAY73374
9C3NEMFE
F7AEFWPH
LMLA3CKH
KRELCHK3
XPPAXML3
EY3LHNHP
3KNCAWWT
9EEEC4NL
XR33NXNR
33H4WLAT
MM7YCR3P
3NYTYP49
P3Y9N3HF
9AXC7H7X
KPT499R7
NP9P4XT4
4WRE9PNH
L7799X7W
YLENEAPT
PKXWAKL4
EAATEWAK
AY7RP7NE
XHY7MN7R
NTALNHY7
LR3F4T7C
A4PXCPRK
EEA7YENR
93RT9KHK
HYPFFAX9
MPMFAXWX
LCWNEFF9
ARL4C9WH
P7WTYYWE
733MKTAC
YHNNAL3P
KF9K4T9T
7TTEYX4Y
WFLACRKE
CKWRMER3
E7X44M4W
THCHRPH9
HF4CEP9Y
Y77MXLX3
4TFLWWKC
XKM437FF
KF4NHNCL
H9LFMW99
CT3LWLAL
AM3PLPN7
YEMYXYCR
AP3PEMLK
9WAALARK
T4KMYLXA
3MRFKMWL
R7KP3NT9
PF4MPKAN
EMW3XWKX
FY777X3A
AFA97P3N
KCEK4TR7
EWP34MWM
X9LXKRFA
TFYF37XY
37TRPM3N
CL77EKNN
WW3YNY77
WEARNNY3
P9343TWL
3CFT4X7W
XFMNCWX7
4MYWM7YF
XNAE4YFT
P9ENH7KH
HKTTMXHF
WNAFFTRK
R3EYPWMT
YNXNNNF7
MRRKAWC3
ET934MAP
THRFLL9R
T9AAMFAE
RXTYY9WY
9ECEXATE
EMKCYMCX
3NP7CKHF
7KCEM7LP
MM733XLR
7MKKRRYW
3Y7E4EN9
C74MHE94
YLRWL3NP
YEMRHFEW
PCE4WME3
79LRA43H
4X7WEYE7
P977WP7X
9L9FLYN3
9KLRECMX
CFEK47YE
P7CC93LA
NW3XCYWX
N7WYKX3W
L3P7CNWC
ACYRE4EW
XEP4E7M7
KEW9Y3KC
KK7KLK3C
FLXCFA3M
YY7EXRAR
NHCFPY4A
KT7XL7TH
NEFEHYA7
KE7HHEPH
39LXE74K
93HKCA34
TMHC4347
TTAMMH7N
KN4P47KL
XX374AH4
XP7CAY9H
KYRXH349
9XYMW9CC
YLHTKPWA
7NKWP3AK
3HAFMXAE
34KLCMTH
4E4AM3XN
Y9LHNW97
Y4NRCXNP
HHX7P9TP
PMLHPEN3
ANC7HKFR
APRX9PLA
C3XRTALK
P4TE9PKE
4YE79LNT
CE7RP4LE
CPKMMKLL
WXHLLWNT
4RP433FK
KTTTKLXR
XKRNM7FF
3P7AAA4R
KCWTYKNK
WF3LWPRY
9NM7N4KK
7PYPAFY4
NT74FAYF
4FKNTTFE
4EPMAP9L
M9FHCNE4
C3YFENPW
LM3C7MM4
LMCHFKLK
RHK3XLTP
MPM7YPWF
3W7E4L4P
N3ML9NLC
MMF3C33X
AKACXKL9
C4XTMLXC
P9TFEXN9
7P9WTRNY
49N7XTPY
RP4P4EPA
NFLN7RFF
74WRWKAC
PXK9TCAC
AAR33EXH
N4EMTT9M
349YWEY4
W799LNNE
94RKETRR
RNW9YAM7
9WEMCTHP
K4P9NF43
EWHFFWNL
KWHAXL3W
F7P4EHKL
AYFKPCWY
TETWNWRN
RT3E4A33
TM3YL99W
AMPWNK3T
C7Y37NYR
AA77WPAN
FR93WHAK
PR94EXPC
F4HRHM4R
HTFER49W
R73N4TK9
NFETFL3Y
WFKXEE4L
C43RL33C
7MFPXYE3
CCLRHHFN
AX3HHWYP
3CKFARKT
T7PP3NHY
3FHEHH4H
PL734THP
YWARH9P4
NEWKKA74
YR7HK447
YP4AHXCP
LHNR9LXM
9AAYPRPM
AF3MMF9K
3TXYHREK
3T37E7FN
Y4CEA7AM
M7E737T3
TL39CK9C
9R9RTTA4
FC97M9R4
FKRTFYN4
CFLF9HKP
MRLYXTYL
FCXLW3TY
HPXP79AW
4HC3EKW7
H7MEHPYF
RLL4TM4R
PX3R9KA4
R94WPT9L
PCNMPPKL
R7CE9K4W
ANMH3PAX
X3PLA4FX
RHTAMF99
TCFMALHP
9EPRCKFM
RHHNCRR4
AN9EWT47
YWTE77N4
9MLMYXE9
CWHNFM47
EAF97C3N
YTWY3EMH
PXLKP7NN
3H7H94TX
TMNENRPE
94YM43RK
LF9NMHPE
LYHM7CPF
AHEKHPYE
3L3FCTKW
KK7EYCKE
KPRHAWT9
RMNTWRY9
93KL3PA4
WNTT47FR
79YM7KHC
4TKHLFPM
PKLKYTPW
N49KY3CN
C39FM9XK
TCM7EEYL
NLMAYA7F
PN47WPNP
E7KERKLA
7ML9WC7K
LEX3WW9C
E9CH9YAN
PLLEMMMW
4MP7LA4X
7ETRNKE3
Y4EHAWHF
TWE3NHY9
FEW3E9EK
Y77X9KTT
EC7CRKH9
7AAEEPYF
KCMPHNWH
KE3T4A4P
EFMLNXWA
E4MNTWW9
KKKLYXWH
93L3LLHA
FMNXFPAT
9CNEK9WX
XT9FFXXK
PFMWNHNX
PEL97XAY
9KHWLY7L
KWPTMMAA
NWEL7FLA
4Y9T9FYT
XAPFN7KP
TC44F34F
L4YC3W9F
93P74FX4
7KTCRR7E
4PKEW39M
7RRTRP4H
KYF49NN9
R9Y3N99H
43LTWPRK
9MAMMXHN
9CHHLC9W
339HLC77
CYXMER9P
M3KPTPA7
R3ERL3TY
AFKCCL9R
PACHPAMH
EM73Y4NR
W9FFTHAN
WWCE4YEN
MRRWKEH3
4LNFLXWW
9P3NK4WP
PT93EYE9
MAFAPNFH
ATYTAW9N
M3THANH4
YLK3PEAE
4LCA3Y79
YKLHTTML
AWRMCH9W
9FT737LA
PFANWCEP
LMK3NECP
F3CMTLLL
LYNPHTT9
7M4PE4PP
TRH7HPT7
4FAKL47N
WY4WPWYH
XPRYH4MA
WCL7KF99
A4ACT94Y
HF9KTLLN
EYRK97HF
R9CKCYLY
W4R74ECY
AXCPYWAX
797MHCER
MK4YCFL3
EKKLN4PM
HYH3AW3X
EW7LEYFN
9CHNYFWL
PL7YNTNL
T49HHTXR
3LWC7FHM
Y7LCRMP3
9X4NMPLM
AKMXTXXX
CMFFY7TH
439PX7N4
FH7NH7P3
RAEXXHMR
3MKARCCF
MAEHYR3R
LXN9CLW3
EH7AACHC
9XMEXT9E
33HM9XPE
M7EXR7Y4
R4X3W4AR
N7YN3CLF
RTKCN44C
4NE7XXHM
LFRLE49F
YX37RYTM
N9PHPWHW
MN7HM9EM
YWMA3E33
77HYFC9E
EYA3WTEF
FP3M9H43
CHTLRMTP
FPKFTYR9
4A7MYA7M
4CWXNANR
AYH4TCT3
YPFKNAEN
RY3LP3EK
NMLRW9L9
7FPPCLHW
FWWKTT44
CWYFEMRE
C4XCCAKA
XXRRMHFP
9KE9P3HA
TCPCXNKF
REETFEHY
FA9WFTR9
FY9TPW3N
LLF4NY9M
T4XWA3AA
CPYFWW3R
K9TPNFNK
KX3KL3TF
XWRCWM9R
TX4HLLRK
3FLPHLX7
FE7MR7N7
MX44NXPT
WFYWXN9M
FE4TWPMW
Y3NRP3A7
T73XXNER
EPR7CE4E
KH3P44CR
ENYXP3A4
NA4YWK33
NTXTKCEE
L9PFCN3H
4WEA9WNH
YW9K3FEL
FPWMXAFC
YCY9AWA4
EXTMEEWP
RXXRLMNR
KKHH7TNH
9NW3PH4P
E4NXFP9E
9TMA7EXE
AMXELRHR
RRYXRWTY
NRL73LYA
LYWLR9KE
CYWPXMHN
FWEPHAR9
AH99HKX4
H4CYLKWY
YCELKXLY
LRW34ME7
PFRR73FL
HXF4RPN3
PRTWWY43
HXH7C9RA
FAFKYHFP
R9EYRWEH
3CMPLHHY
PTXCTYC9
WWEFMHMC
FWW9CYMY
CPCFPKWF
NF4PF4WA
9CKPRAWA
K9HMAAFN
AA333LH3
HXYKYYFM
RKRPFK3E
A7ENXHN3
FYTKH9FL
NAL9PT74
A4KEFLLP
FTTLN3AY
PLTA3FMK
TH974KKT
XCATL4RH
XHWXN3HL
XYYPCNPM
9LX3PNYM
MXWKM3R3
KFH49FK9
3YN7HWPP
ALLH73C4
WM49434L
9R39MRHT
3YCPCEP3
XKH4NN3M
NTKLRL3C
LE97CENC
K7FKRLMK
LRNTFWX9
FN93MX3H
KF3MF9TR
CMRF4EFW
HXNE7PFT
4CMKKKMT
PTLRF3X7
PTHPFCLA
4XPRFKR7
KYAXWLYW
XRN973W9
N4KFRMA4
7NMHNKWY
CKCMKLKA
TNKWM399
EWE7CKHY
7377CHX4
3CKNAFW9
MRYA4AW9
37MAEM7K
H9FCMAY4
EAXPE39X
NLYWWF7N
R3LK99PA
KTMXMNYR
LATWCLCT
WRWTT3XT
LTTM4RPE
YETC4HML
KLPHEHRT
77TCA7CM
XKYY3L3A
9MEX9FPR
MFMC79PH
4YTAXTPH
PP9TFCMM
RF7RY3PX
PWHN9YFP
RWHHMRLC
HCTRXHFW
WHXWC9LN
ALEHMHWA
CRTHAF9H
EXWXFLPT
RE9PWKK9
E7NML99T
FNKLCXAP
9TE4A9YA
NNXXERAX
XAAC7LNX
KM39AHRE
7CXELFFL
EXERCLLM
WR4M79CH
YCPX3KYT
T4CEMX3T
R7ENXLXH
7K7ALFHT
NAYWAP93
KFTKYN47
3XX7EPAA
RY7X934E
XPXKFMAM
C7WWY7AK
FP3RKEY9
TEYTXRWE
KMXRLLMC
HWE47KEC
RYHCFACY
XYCRY7HM
CLHYWRNK
FWFMWRH3
P9AEEMPL
4EL4MLK3
XNC9CLE4
XYWNERFW
KC9HLFC3
PXHPEMRX
7THHXPA4
HWHRR4YW
7TE9EE7L
YC7WWMF7
3EFPFML7
X4ARKN7W
LYNTPL77
C47T4YWY
4WCPALLT
R7RLWK3A
CTMK9APE
TLAXAFNP
7WMTL3P3
NY3C9YYT
YNFRN7T7
RR7NY7RL
KLWKWKME
9YKYKN7F
3F9WMAWH
9FLFFYLR
A79NCLRR
KNTCPKCF
AW3T44AC
LW3XHPEP
9HX4PLRT
7X97HHAR
39C3FMKW
T7PW3YKY
3R9TKRKF
HNH3YX4K
PPRWFPHN
LY3MEYAM
YLLP74NM
PMXMM49T
WYYMT4CF
YNHTH99H
ARNXWAEC
RWLCNPPK
NN49PXXY
KYX4KPEC
MHNKYXXR
MR73HAXM
39C7APCY
LCW3MFC4
YH74H9TP
KX7F9YH7
37NHTCMC
KLPTLNT4
T7CTWCPX
3HTTKWEN
FYTHXE9E
TN4H3WLR
739CLK4E
7PL4P7FT
3PE9CPWT
TEPKFTAR
YNRTC7FW
9799FLHL
RPP97REA
PENCXLE9
CMW33949
MXKXP9C3
KNR7NX3E
CYRYMTFP
E4NXXAP9
TMA4CYRH
AERPHK9L
AYMRTRRE
L3EFNR9Y
FM3WHK3T
4KPAATWA
YCE9KAC3
TH3ATFNX
A4379NX4
AMEW9HCW
TREXXPMC
L9LE3PE3
HTHKF3H3
7HLM7PKF
L9PA4ERY
THWFYXEE
HNW7TCRC
AKY49FN9
PRX4Y9WN
NYKFY7MM
FNTR333A
XYXPNMFH
3LYWRLER
CXRFKHMN
4F34L4NR
4XCTP4EM
FKACRKRH
XL9NC79E
33P3MMKY
LF4AX7FP
R7RTH7NL
YXMLRCYY
9WYCYR4C
NYWWLPKP
Y7C7XHFY
KRTFYNH7
79YLKCYN
7A4TY9EM
XNFYPTMA
CYACX9PE
4HTXKHRL
KLCARHFH
N9KPRWXF
4FYP43X4
ATLHWX77
WYLMPKXM
MERC43X7
C7CE3XFA
X73EAM34
YX9N4XKK
EEA97PPX
WEY9AXNL
PKXTAX7P
4Y9TTEM7
YMY9E4HE
MNH37CNT
XMCFNTR3
PYNHE4L7
K44HXPWE
HFNMX3EW
XHYNH39H
9C97XF9Y
97TPLWWM
NHYMFHAW
YA3L3WT4
FKHTPYLT
3PENLHHM
RTRE7HYN
4FC3AXT4
CKHAXM73
TPPLLLHX
EERCMFAN
XTWRR9YY
74CEAL9A
CNFKLHYW
KKYYNCRE
K3F3TW3F
999Y9T3Y
P4NHWKYP
HTWNTF9F
43MKWYRC
APECAP9C
9XMECYFX
MYE9N4M7
KCYRLR7F
WMMLXKRE
EENKAPLT
XFNTHYET
K7WXAYLR
KXT9C4LW
4CH3YLMP
MPRFM7CR
XEKWR94T
9XPY437E
HXFF47RN
X7PAHT9H
9E7XWW4W
9CKKK9HF
YYE7F7LA
L4PN7PPN
LHA33N3H
EAL7R79P
CERCCKRK
XHAE7XE3
L3FTH9EW
94PN4LNW
WPMXNNL3
RHH3MF7T
NATK4NT3
TEAKW73E
KERN3MWC
NWEAHLRT
4PTMCWHL
WKK7K3FA
C7PWXLNE
AXP3RLTC
F94N4KE7
9K4L9K4K
TT7FEY79
9H774TN3
TFX7ERMX
KFFKTWX9
YAFTPTLR
E99X47FN
MFRR3TXF
T9E7TWMY
W93AWPLE
Y7L9LK7A
FH3TEAKK
NT3WFWHL
ATEFY3NW
NKKHETAE
LAKC4E7N
R9NFKKYK
XNE43937
4NYNR977
4W7TYEXC
944HF4EL
9WHA437R
XAH4KTMN
M7MER3YH
4THK3NW7
7TT4PX9K
AYWN47Y7
HMYPX9RK
A4HCNNEX
FM3K9CE7
9PWA7397
HWAMXPFA
YRLKE7PL
CAE37WCK
4YKT3A34
KEK99KLA
RK4347MT
ERA4NWFX
H9TCA7HM
YWLM99L3
3AYAWER9
T434LL7H
4NK4TEXT
XNYY9RMC
3X3ERPXM
CMFWMXYP
HW7A9LPA
4PH4LM4W
YF9PHLRA
4YX74T4N
3TPEW9CN
RL4A74TL
XMYWHXYR
3KYNX9KK
PEMTFYY3
47KKTWKW
T9KH77NM
XCWH44L9
YXKMETRE
W9RWTKLF
7XFLA4AW
EWKXYM3T
EXERFPHC
A4KXRCT4
XTELPWAX
N7TN3HKF
9PCP943L
9LATTTFR
MF34F9PW
XFC7CCF7
PF3LPX9A
AR7FXC4F
CMX9MRYY
MWERYYF7
3NC7PL7W
MHC4EYPK
TW979NF9
YH9LEL7K
RMCYPKMT
4ECNP4RL
PK4C4RMA
FE4HFXX9
XXNYX4PM
KEC4YMMF
33E43AC9
XFHP73A4
M3NPW3NN
EFA44YKK
TAYL3CX3
H3PELF3H
TTANR9FK
RR3Y3XWX
N9PK9AHT
AFTCP3RY
KXLTKTE7
MXXLPWEK
X7MWKXC3
7NMWLLKL
N7R7FRLA
XX9YRHMC
K9CL43HM
EFLEAKRM
PLECYCFA
XRMNEYNE
LRF3A9TL
MLWMK4RR
7EAFKMNC
4A99LTK3
YA73TE9P
X9ML739E
9L33XXA9
3HXKR7AF
C77M9MTA
C4HHX9W3
Y7ETRRFK
KMKLWEM3
3XNKWW9L
RYWMYHLF
YEYCMXF4
3K4TLYTK
9LXL9AL4
MPR7CMCC
TT7Y77PK
TT43XP9H
T7MT4XXK
XYFE3M44
PCA4HR4E
K4XM79K3
T73FNXH9
RKY94FYA
4KPCLN7L
YXXFYTW4
WEFEYL3A
R3M9WER7
KWMWWALR
WC9TKR7C
3WY3KN7H
HNH3X4XN
9T79NFPN
FTHEFHLP
N9HNFRYY
WLCLCT3T
NEAMN7PK
MHNKCNHY
4KXR9TWL
MHHCN39K
F4L7M9WE
KECHNT7N
LMMME77M
9ETWHN9Y
KF4NMA99
PL9XAPY9
TTNLCFMK
LKRX7CRN
FRCXNAHW
KXAFCRRX
KPWCHL7P
C4TM3C9P
W3PKK777
HXN3CHHE
TXXMFNYR
AH94HCYL
KPYMTK4X
EYEPPCH3
AMR9TN4H
HMKMWNY4
9CY4F4WL
PK9REKHT
NWEEYRWP
9PX7HE7E
LNK9K7YH
LYWYLRXR
XPT9YYKP
33WEHFW7
9YPTH77L
3M3XLW9R
C9AXNLER
CHX47P4M
PYP3TKLC
CTNCLTCM
REEEPYFA
KHEWPNXL
F7NYCEEF
3MY4AREK
K4R3WLF3
NHX3PC7H
KKYFKHNC
XXK77XPH
E3YKRYYL
TCH3CXTR
CXXRPMCT
LAHXEMCY
N4ERM494
TFLPC3EX
MLRT7PHH
4TY9KAM7
HN3TT9FP
7944HTYP
RFKYXW7T
RRHAA7ER
W4MLH77R
MHCXN4HL
YM3LY4PT
CT4PYXW3
PYEPW7PC
7YX3A9WT
CX3PFKEX
Y9ECYWWT
7C3C4YWH
FXLCWCAX
YHPWPHCC
YWK7E97L
NF7XPW3A
KPHLHEX9
WXRTNPM4
9AFF3H9W
TLWT4477
7HWWNNCA
E3NPTP3N
NNAAXYN3
L3K49NLE
LXTATMH4
3F4R3CRF
CLWEPWCY
9FC9T9WW
XXTA7KYK
AYM4A3CC
LR7T3M3L
KF4LFAWP
C9NNE3KE
KKFTTXXT
EYMFY43R
EAXELTLA
7CPPP94Y
Y44CX4N9
7K33HR9Y
NLN4NAWC
4FRPHRFR
ECERX9ER
APC47KW4
PEA9C33A
NP44MMKT
FATMWNFF
3A9CKM73
HTR9Y4TY
TLX4RY3F
ATRKKLXW
KFP9N7TP
FTPPEWLM
FAKMMKAR
HWFTPNKM
MM7HRAFW
PTNFX4NP
9T3LPMX7
TN7WN3AM
3RHKFECM
KAHYLLXC
H9TAMFFP
XMM3LAF7
9AEPN7A4
9RRXEKFF
MKRMNRPL
KEKPKHHK
9L37N3CE
RKEK44FA
EEHHL37A
XXWYMKRF
MXXCA93Y
CA9YFWYR
Y4379KL3
TCWRM9HK
9WCPWMF4
HMXWX43R
3TLTWRX3
HEXKXF4W
M9T7MEE9
K999YRNN
3P9LY7NY
EMYA79RN
E9HENFYA
3CKWWT3M
EPC4CMHA
XXHPENHK
RCECM7N4
ATEXFXCW
X9XC4PPC
LY9MLCCY
AC3CRRNM
TKWF97KL
T449LFLN
EW79P9K9
PA3NMRXM
M47FL3NF
KWYKCH3H
TNMY3EYX
3MALR3CK
XLFYFWLK
P39YH9MC
PKC7CWCM
7PCYL9WE
9Y9RE9XH
KN9WKLAR
7F3PMTXX
9C3E9ECE
7RTT3CN4
L49EEYA9
ANMLRT49
YEAP9F7C
KXXAWLTP
4LYAPELX
TYHYLFFF
WH9399RH
NXLCTMRE
W9WWKC4C
XNCLXF4L
47C9MP9T
EEPRM3LA
47RXWHA9
ENAWMHPF
XHNRFCEC
C3XKYNLM
RNXM9L34
WW9E7T4E
A34YWH7T
KFKKPKTE
4KLRCE43
7P94FTCE
RMYH4KT7
RC9C7XPH
C7HWCFTL
4WT9EH43
KRPYXYFA
7WRF3FRF
4CM9N9EX
94WWMPRC
TRM3MXR9
WTWP73KP
X377AYNH
47TEWAC7
WK3FLARM
EEC73C3K
FCT4PMTK
MAKYW9HM
EY3KHCNE
4LCX7E3K
LECKWLE9
KXNRTWCW
AMF7PRP4
AKF33EAF
XM4KMCR3
MAEECMMF
XF3LM9TT
K7TP994F
KHRT94MW
C99FCYER
YLKC4HKH
XKYMHTFL
Y94TLH7C
NX4EMNR3
YXCKYYR3
K3CCKLM3
F4K4H4EM
Y74H77L7
N3NMXXFW
XMH3KRNK
73WXKNRK
4YXK7LWL
MWWPT74P
YH4EEENX
AEE4TWTH
7LWCKEER
CFK3A33X
4PE4PM3T
XWT33FM9
MECYY3AE
PA74C4AY
EFF7NTPF
MAC3C9K3
WEHYP3H4
9M9F7W3K
AWA9NTTP
PRRN497L
3Y3KNMCP
AMCAYAX9
FF93NF3Y
XRPNEAMA
49N9C9W9
PHPAWXNH
H4L4RWLA
WMPRKWXY
7EXKPALM
7CFMWHKF
KH7L9XRX
ARPHXHER
99CPTX9T
AKFRLHC7
9ACCK9K3
CNH7TA9F
R77NHYXY
9XKC9NWA
HRRRN7HT
NHKKLCAT
W9N3RY9F
MNXANEMN
NCMM7TWX
LKP9KLNH
R4LXFRWF
AN3LWXML
473PLKPM
EXNW9W9M
9EXMEH9F
RTLP4ENR
4Y4YPMCX
A4APCCRK
9HKEAYFK
A43TYET9
TLRM4RTT
FEFACNAX
XXE7W9WT
AEYC7TNM
NCPEFHRH
YEWC7CHT
4F4YWFEP
4K49EP93
E9794AHP
H4NFT4Y9
FAAEYTKX
AKR9T7MK
YLWE4ETW
PAKN3AMM
HL3YTMRN
PEMM9FAX
C7XA34KE
RNXRHPHA
KWMR4WLP
7XLRNPLY
R934P3CW
KNKFA3PF
7LELANNH
L9XCAAY9
PTEMFYCH
ANEAAEHY
3P7WP3HC
L4R4L7M3
4WCCC99R
WXL3XYMT
FEW3N4WT
LFCCNTLA
FMTAWFRW
MY97FAL7
YN9RWNAP
MRW37PPH
PAKPYENY
7CEKRPNH
YWRN7474
C3TWE3PE
WTARHHRA
WWAHNXMT
L9F44YET
MC3PHK4R
PCF3FH7F
C397FC44
PFX4L4H4
KKRRPMT7
77HKWE4R
XKRTRFAW
H3AYKHW9
4W7MMFCA
LFNMARNY
CK97TWAM
947L4HX9
CFHNT3NA
FN4337R4
AHKHWXCC
TE7LWFYW
NEXTHFH9
4YAWEHPY
RHFFHY4N
9MT4TYC9
EL7PF49P
4LCHTWWF
NPATXWKN
EHYR7KFN
ME3AAKP9
3YXN7NWR
NKE94HC9
3LPX9ARN
WL7H9MTT
EHYNTYC3
34WTXHT9
MRHX474F
MMPEANRF
WFKATA7A
CHF3PLKT
CHPNFKR7
434WTWLC
KXKLNA39
AYRFMPPL
XLLYLP9Y
WK7PXF3F
FCL7NHTC
CTHTWXEP
APXX9XYX
MPPX4Y7W
TATL9739
T4Y4H7XC
KEKCWFLT
3PNC4NWW
Y97F4ARH
FLLLC39X
RE3FYXXW
EARMYME7
4XYYHPKY
WL4MTHYA
3LCMLKX4
7PEKWTMY
WXE3AFE3
7M3L7RKK
3WFF7FLR
P933RYNW
CMFHATET
4YXM4NAC
M7XWCTA4
7WFFC9MM
EXENWR7K
ENWTFRW9
3M7M943L
YTTXWCKT
TP4NXTRF
TA97RCPC
4HAFNPT7
99R7KCX4
7347P4AM
YKMKMYEW
PYTYE4NF
X493NCCX
TYF4K3PY
RPCFRPKH
FF9RWWNC
X4MWAR9H
EFC77WNH
CRMEEYFT
NPCE3PX7
PL9MMCEW
7KTXNHEH
ELFFK9CE
LPR79PM7
K4334PCK
FAC73RT4
NHAK3XCH
YWRHKYX7
TE74CP9A
C9KM4X4K
3F4WTPR4
HP9Y3HEA
LHCAKXMM
A4FHAP4K
9WXYXHKH
9XKYEKF7
NWCRHFKH
9F4AAKAM
37XRLC43
HK4APHWR
9PEKPWF3
YP43WPXW
HKRRM7HK
NRKTWNRN
CTM3Y7L4
THCFX3TK
WCTWPKW3
3MK7F43R
TWLRH9FK
C4AH3CCR
M9A9L7CH
EHH7PCTY
PKATTNKF
KL79F4E7
P3PEKMKE
WH9W3RYA
MRPWXH3W
AEC3CXH7
HTM7CFM3
ARXR3KYT
RYYRWXLC
EEKM9MT4
XLWTXWXK
FHPYYLLC
LMRPC73F
EM39WF3E
NCCPEFCW
WWKAEXAY
AFTMWYL9
XM77AXRT
H9KLAAHC
PPHHP493
RWPYH3WA
WT9KPN7K
A494XR37
W7L4PL7K
P77ET9PE
KXWFMF7L
3CFLKN9M
KFRNRTMM
3FLNA4F3
FXLPK9C4
F9WM9WWK
P7RFX9AX
ECLL39RY
TXNHA4FA
PXPM3XPX
YR7FCY3N
HM3EEYML
7KP43MNT
LF9H477H
FYLWC97F
WHM7TCNP
XL3KPR9H
L4XRFC9X
4H4THLNW
9LWMEF4R
PTKYXRTL
Y47M4NMA
MH7WNM3Y
TMFLLNMC
T9ECNX4K
FER49YC9
YALCXAXP
W4LYTEAN
FEE79KN9
9M3C4WMP
AAL9RAMR
YRYAAYFK
9PTXRXKR
4FRT9CHE
XE7R4PN7
ACXEN3TN
NXFNEEEY
CXFML9HK
N3RARK9C
KTKA7NYF
EXWWWKH4
HTTTP99A
KEYTT9H3
M7FTWE7M
AREHNHRL
ARF4EYLN
7LLCPHEK
CCTFKEWR
YPPNTP3P
RTXKY3PY
R439KEY9
TYAAAANE
9ME9C49T
PEKXC39F
RKKE9W3C
9ENMNLLK
497ELFFX
XLHHHTFW
9EEHLWP7
XHY4YR93
PAN74LCX
RT9NR74R
PHECXXWA
7T9HKFLH
TWPPXH3P
9AXCLWW4
9A43CX7E
LWHTY3YA
C9TNHCTT
KALE4AA3
P77WNE7Y
43NMYXWK
NF3W9EFC
7AHRWKPX
WTRFTF9A
7MLRFEAC
3KL9C4FP
3HLMXXTE
PPHNPAAN
H9RK739H
CKXPAYLE
KRLFEE34
9TXMFFER
M7W9RTWM
3HFFPT9A
44KYLMEL
4NKPM93M
WXKEXRMK
WHNKLE9L
MHFMX3YX
LRRFKAT7
9TNMXY3A
FE7AR99R
X747ACAM
YRKTFWXC
LLFPYX7W
43KK9TKR
9WET9K33
TKWX93H4
7M3RTLFN
XXFLEWYL
YRMKNRN4
EPC4NRCN
XFXKWMEE
CCR7NYAW
FTXXRLLF
N3TXXYRE
4ECHXYAW
KCFKYP7N
3KNC9MXR
WRRTFHLW
EFXTTR37
PLTFWWM3
4T799L7K
7YW7EX3M
EH4W7XCY
RWC7RPNR
LPAPFAHT
RA3NRAHP
FFWW34C4
K9RC747R
PEEPE7MY
T9ENMA49
M9HCCMNL
HLCHCHY9
9LR3MXNY
CPPLTC7R
RE47APRH
AFACTTAN
PRF74K3R
H7EKR99W
MKCX9KC7
LWLAP3KE
FTR4RNHF
PTRCE3HT
L4T3AMP7
FR9CM7PT
HW9TKHW3
CPPNFEWR
R39YMEKF
MPXNMMMM
AFAL9AYY
Y99AWYTY
HTCAFNNK
97K4X7R4
HWN9LR44
X4ANXAW7
4RWCRXFR
TNR3WXP4
9E9PCKKE
HPMXCFTH
A7FC993H
ANPA3EMR
KKE3RYTT
TXWAFAKY
NTPWTLYW
WTR3AMK3
FCHR9XRK
RRACCFK3
LLELLHCM
KTTTY7F3
PXNTYE4C
FCXKANRW
79K4HTHY
L3CMR49X
T9PLXE4T
XYCANXL7
YMFN9KFE
9W9HCE7T
KNMMPAKH
YA3LYY9E
P77M9HC7
TNKLHXFW
4WMKR9N7
HEWWHKAT
3KFHX7KW
7CMLNKMF
EFNNPNA9
XWTTXN3T
P7HMPAXN
LCXH7HHX
Y7N9RAY4
TEMR9KXW
CWWENAR4
MRYLP4LM
PCELKXTF
XA9AAK4Y
EX9WYAHL
P4WN44W4
9YCCAL7R
CF3EY4TF
YYATPC73
PX777RAP
9WHACY9P
TMPF33XM
WHFMYKNA
L7KTXEK4
TY97Y497
7TPPEA3R
TYAAXYXF
XNE7T3Y7
X7HXNXYY
9A9XPAYP
TKFXCWRL
XE39E9T9
FTALHRFF
HKHRXKXL
YNLAANTW
KPAMKREX
LYPL7HEM
AAHNLAT4
CP3W4H7M
AMC7ENEY
TXF4WL34
CKLL9XRF
C94Y4AYK
4KF3YF4T
WHNLHNRR
3P77RFYE
YYNCFLPK
TCWNYFRN
4MEL3FYE
KLXC9E4W
NEMX373W
KAPN7ERC
F3HM43HA
PRXEKCAW
WCNKP3FN
CK9EHET7
RRPXEPXH
CAXWFLM7
PPKCTX39
9KWLAR93
3REFNPTE
KNAXH7WE
7RXKWLPP
X3CWH7K9
XKX4XXHH
37WXKNFY
NN7KN7XM
ANPLXCP7
YKC4HA3M
MXWFXYPT
WXFL443F
WXMCFEKY
C7WPFAL3
ALWN4EHM
CY9TMT4Y
WLT9AHYY
C4HCMCHL
YNNHXMRN
THPLEKMF
3KXTHC7X
AKPTHWCX
97AR4R3W
RNAPP339
AMF733HE
4PMKCT9L
HHMAHRXX
ENLM3EXA
R7HMPRER
4N739FW3
PEE4MFFY
3HMYPYTM
9KWCCFTN
FPHMWXKM
NPX9PH3E
CATANWFX
ARFHN77L
REC3XWEC
9CAMLXC7
TCAE434R
HRWEWWFC
3HRT9AY4
A3FXPRXH
WPLWWA4R
PAXHHPNP
XE4HKAK3
LPXP97HF
3CT77TEN
EEHHT3RL
7YKKLKA9
XE7YXLHA
LCFL3HX9
9FAPPLC7
F9AFKYXX
K7TRFHHF
T799YKT3
RY7HCCWR
CRHWKEY4
NA9K7NHF
YRM9YWWL
PTTC374L
HFKNMWLL
4LHPW3WN
4HHYL3KR
YE9XAM4X
YRMA3LRK
E7LYP4WK
MEN9EYWY
PXX4RWAL
X9XE3MXE
7CCHXYFL
4AARNMEA
FRX3X9TA
YWCNTNCK
T94XTLMK
HCW7LMYA
EYCN7EYE
LYYAKRLP
MEPFPKLC
HA7M3YPC
HHFFXEYF
FT4RAC3M
773RHN9N
KWRRCF3K
N9HPA9FA
M4XTRFHC
XR9MNHAE
44CKA3RY
XYC3AHNK
HN4LWAXA
HRCHWPRH
ERXF9YWH
3CTLCFNF
3NPTKPNX
9HK4YT9T
474FY3K4
H79EM9FH
F77AH9RL
LPN3HYW4
CRWEFH4P
T4R9CXYE
4LXRLHW3
FWCCP4AL
CW7M3TTF
EK9XPTY9
CHNEKRTM
KHYKMXR4
LAREWMFE
FY9FKAWR
L9R3H9TF
WL4PX3RA
KKTFWMEP
9KMLWYNM
CL9N74WH
W7E4NMKN
CLT7MH9N
EA7YNCCE
APFYYK7E
CEKRFTXE
YRAMWK9X
TCYTW4XN
AELCTNEN
PLYPMF33
YHTM4YYE
KTMEYPAK
WKFLELAC
F9KXYWM9
9XYMXETK
RKLL44KN
KAW4NWPE
N7CAXNMA
LLHLFYAL
7HEFRCCA
KAHFKXL9
4LYAHKF3
PF439F4Y
9XCAWEAN
WRHXLCT3
7NTF4NP4
P3WEEL9K
W4TNMLCY
KTEWK37Y
4CL3TAXW
CN7MPLL7
XTKN3W3A
P4WYFA3K
TCNC49F3
AFEH4HEL
7HL97WCN
PL444HEW
T49X3WYC
FL7TX7PC
9TYPLXE7
MXNF3TNK
9HTCFW9W
NYC3LML7
NAECNWRX
9K99A4LF
PK79KHHA
AK9W7ATR
F4PWHLTX
LACXTECM
R3WNMTNH
MKAMXK4P
3733MPKY
3MPFYM49
PNYFPHX9
N4NYARE3
WNHLKT3L
4LENHTEE
3LE3KWWF
PPPKLP7P
K9PWWXXK
NW9LPR4T
FM3N3PWA
LWXN3FEK
YM3FHFLH
XWTX79RF
WTARY47W
L9YFL9PH
AFRN99PT
9AR7H9KA
RTF3RYTH
MLH4YF9K
9K73NEPE
ARP99XR4
P9KH9RLK
CTA4T7CA
MWF4NL3F
MX4N9HRF
ATKFNP4K
3RKCE4ME
4Y4R9MYW
WWA4AYAT
WLF7NYKH
M9AF7NWP
3WKHN73C
R4W7EAT7
CFFWRM34
XHLLFRYX
HRA4C3KH
PHXT9YWE
K7WYN33Y
AL7YKMC3
XCFEM4HM
HAPEW9N7
T3AF7HNR
TPPCALAX
EKPLERXE
T99RYC4A
PCKPKEY3
39KT9F94
YNCF49FA
TXEN3M39
NPPFFKMA
YMHF93W3
C4E3HFL3
HXFHN37A
9HCRFXXH
FPKYPHEM
FH9FKN3X
NR7EA9PE
YKYYYA4R
7N3YTWXL
FMKKPM3Y
3ERPRW9M
XFEWELTX
LTF49NFY
7LWF33H3
HY3LALKT
TA7R7PCH
RRHRP43H
37AAPNKC
KXM93YKT
FCCEE3A9
FLCANMXL
MNN3XPEA
MNX4NCHC
4MNAN7HE
7TNPEFW3
N4PR7HW3
NEXF9MFT
TPCT7F3T
NLETEM4M
THA9PKNY
KHKMTN9K
P7HNCMPR
WYKF4WAN
YTMX3EE3
LWWF4WNA
YPFYXHXC
E7H43HN3
MCL9CMWM
ECL74FPX
XWW4MCXA
TRMYXHRA
CWMK3TPT
3K7LPKA4
44PNNPLA
FE7TAAFE
N9TYWWL9
NE3AKP3X
4XXKKFPX
CC4AAWL3
P4RPYCWR
PRAWHYEM
3WPPCW3N
HTC4RKPL
TETPA9KA
AXA9FTNP
XN7L9M4K
P7EAHLK9
NEC9NNLK
X4C4CAR9
TAHNFT74
XW4KTKR4
39YHWHRW
MCRWCNNR
MMNFNMFF
7AL94TFE
NMEHWW44
93T3FARW
X9EKKMP4
YRAPPRWP
K3ET4HTT
X9AXR7HT
N9WCFXMY
C7E3PATR
NF9WCTLL
XLACHKEW
9LEN44YL
XMHWXFAX
XE44NEKC
FYFKN3TK
FPWKRCFP
X9TM4NEW
4RNHTTWW
3MMAA3AT
MX3MFAL9
F4TCHEKK
NCMWNNWM
PPYNAW9Y
LFMCRP49
AETR39NX
WFP3MRN3
NCAXTK9T
YNHRH4YM
RR94WFMH
LRFN4YHM
TCA4KHNC
C7RXPMCL
ATWCYCLX
KPATF734
33FM9NNC
CAEYYAMR
EMKATLAA
PWYCACWF
M4NRFFX3
WWTWPLXM
MMKANKE7
9FW4EEEX
RRWKLW9T
NXCF4LCW
YA9KWEX3
H3EMHREX
EFNTPM3X
WYHC7EMM
YE9X4FEM
4TEXCEMX
Y7EKTW7A
3LE3XFRN
MK7XWFWT
PP7NTCHE
7FYM3LH4
YMC3RHAX
H9T3KRXY
L4LEE3XE
PN97RFTA
3MLEP7AX
ELM9CH9W
3XA3TEMY
N7LNL9AW
LFWT7NHF
4ELTEWXC
HM4MHHEH
A3AF7H7K
C4YRLAEX
NYLYWEXA
PEPNEXXR
THWMHR7F
NL4MX9WF
T3XLXLLM
ME7HKKC9
NW7X49RE
EP9C99RY
9EXT97MF
HFNLTYN3
FKTWMWAL
ACNR4YEE
LLHLXCKA
RLYKKENR
YX497CN7
4WN4HX7Y
MYMX3HH7
L7EFYE37
ERMKERWH
YPCAPLEN
PLPPLKYX
WH4PCX9A
3MMNACNE
HMKKKHAM
HR7HW7EN
RRECP4CE
X4HWCHX9
MFC9C4WC
ATARAMX9
3F3E34YE
HR47WERP
9FN974R9
YYHWYRL3
H9PKFF77
9RXL49H3
YCPE99PY
4LHF99YK
KFL7AP9P
7EE7W3P3
FFXWCEHC
4P4FLKKA
CNEE43YF
LL9PWNAC
WKM7MCXT
YC9NTPNK
KRAACNTW
L9PA3WAT
PP9WAXXF
Y3MXMYXA
WAFAF7NL
PW3MWLYR
HN3EMT3A
7HARL794
C4YPAC39
KL3N3PMY
7RFCAATF
4PKLN4FN
39AN4WRY
R3NE3MHR
MKPHL7EH
T9KMPPAR
NFR37LC9
XAMY979N
CAET4XCY
XRKCAYAY
NPCXPMTH
FHTYEFEF
CKHCFR9X
ATNXTKC9
WT9TLYYF
CKPYCHFW
MRFL7YMK
XKWPRPXR
K7MPK9CA
77LMXMPT
XXTEHXMK
3TLWKRFM
CNYYFRRK
KXAMWXLL
3WYYH9PM
MFMNHPEX
WWFPC7LL
47CE74RP
KCPRNK9K
Y444MHMX
NNTW7F9R
33TYTEPP
MA4KHPWR
F999LN47
TCHM9NPN
L7MTM9WH
AR43MHF3
FE3NRTTE
3KNRYLMX
XCA7ATTM
N7EEY7TX
YK7HTLYX
WY4P4MHP
NCFYLAWP
3K74T3TM
CEHHMXML
AAEXALWA
LFXMXLK4
XC9NF3EY
9AFYCMHX
WAYM3MTA
CK377C74
RKTXAW49
7AEXCY7F
Y4TLAXLL
MHRM39NR
CC3W9KHF
KF79MHWP
AEPAYEA4
HEAHAPFM
R4KXCEF9
4FMR3CAT
NYWKP7FR
C79M3W3M
C4XTTMCC
LEWPLFFC
P9AFPCL7
MPEXCLRN
RCCEMYMH
PMT39MER
TFW99F49
FKHWYEEF
XNFKKWEL
TMCATF9M
LALLLW4E
NA4WWFTA
F4XP3LXM
YH7P3NHC
3AL9CLNT
4MFCCWYP
MMYE4EML
X7NKXETT
FC9HE7HP
RTTWETCE
7K9P9WYH
NXXPN7LC
AMELECEH
KAWHPATH
PAHPFT7E
M33TMPR3
73YXWMHA
WF37HMCY
NXHNKYNY
LNCLTA7F
RC4RN7PT
KMNCT7MF
9HYY4FRT
9N3HTHXM
3LWTY4P3
WKPMHTEW
WHP4WP44
XEX7ERWH
NHFT4Y4E
AXWFMAFP
YAMW3XCK
RE43R4K9
EMX99M9K
44EWNHL4
RYTWRY99
9M7MKPPX
RCFFC9KY
4LXEKN7T
9XH7RLLW
WCWFHHCY
HLRCNTLH
4XNXXKKH
XHRT9CLH
4NHXYWNT
7XLM9HN3
WW7M34TP
RR9CC7NR
ER9X4RTR
KCW93C9N
KTNH4F7N
AYXHN9LA
77E9CL7L
A4NLYNYW
EKTK7WP7
LHLLH37A
LEFP4WW3
KW4FNAX7
TCKECE4H
HWHKYTYW
RW3MK74Y
X3NRMFLM
3CYL7X9T
EMNRAMR3
H3NHCRXK
WWFLXXC7
CHXCC9MR
LRAN7AH7
7WRH474L
7T7YATHX
RKFNR4XA
RMPKL7LP
3NFK949E
NMYEKWLA
9L9LALRA
T9T9WRWY
4HPXH9F3
N347H9HA
YLFTKTRP
HTKNK9PY
7M9RLE7Y
WLTFP94L
L4FLP3FY
RWXMT9ER
XL3F7F7E
FCF4733A
CR4KNYRA
XHRX39TP
CX49NKCN
EE3NA77L
3NWEAMAE
WNKAY9EM
KRL7EH7N
PM3HXM9Y
XYLCM7XF
W4PAM3NN
N9CMNKRT
E4NALFTR
T47AH943
3X43YEMK
YRMM4FEN
3MT3M9HK
RX4FT37E
YHY49CWX
AWWTLMP7
KNTNWNPR
N9F4XHT3
NEYFF9MF
LAKKXYK3
P747M9FC
YRN3MR9X
ME7RMPKK
PNCNH7MM
PY3FTXTP
Y9Y3LTLW
MNKFPF34
M3C49KX7
LPHH4MAM
79Y37N4M
MC39KFRF
RX434LH9
YH7C9R9N
W373LE4L
C9ECHCMF
FHRX9L9M
WLNA44EK
NY3XHCT3
LT7FC4H7
3CH4WMTC
PKFX4NPF
ARWCLKWP
KN7WK9MF
F4RCKN3W
F4FRW44M
NEP977WW
R9MTRYN9
XX9ENLXH
WRNFKCKC
NAXHCNRW
NNPARM9F
H3X3TYHT
HWLC3PT9
WKRFP9M9
FANLHCPC
FYN349C3
XECHC37L
TAHTLEKK
XLNFTNWL
LW9YC3CN
A7MWKM4E
M4NXHWT4
AAK3PMXW
Y7YNPRFY
FEW3PCEX
FFPNE3NX
RA77WMAE
K9CRPEAF
NFLYHA4H
WLR3KPW4
C7MACXEE
PHNEFFNA
7X9W3P3H
KKN9TX77
7XL344RA
EMWR7KET
W37PTPEL
7LT47FEC
7WHLATNF
9CALLRXE
FNH4CKRN
A7MHWCK4
EX37MA7M
WKE9F7FM
LWWWTYTT
9MA3RPWC
ETNEYTF3
PYLRELLK
F397AN9X
779FFN7C
3T3XWYK9
F37YF9F4
KHLCY3CC
KK3HWN9H
3ACXWECR
M3997M7L
P4FF7PLC
WTRXKXEM
X9MP3977
4T3FL3KA
ECTE9XXC
ELCX4F9K
4M734HNX
M39XCWAM
PYN4NH49
4337YNCX
KXYCR4CE
P4FP4E9F
CMEKEYA9
NY73P7Y4
A44MCRKA
RANWL3NA
F34KRFY9
NXYPNNFN
C9WCMEKX
397N4PPW
4X7XTL4P
9CA9KAER
7C4X77T4
WTMWHXPP
KCLTP49K
7HHX3KKW
4EYAHAYF
TEXARP4Y
43HW4TRY
3CAP4LXW
3APWN7TR
CYF3CFEA
M99AA3A9
FX7AELFA
Y9PFL4XR
LNLA7Y7C
N74YY3EM
LNMNAM4H
AWNNXNAM
NETE4LCM
N99CLLFC
M3FAY3LK
LLRWA933
FFTRN7TA
4RKTXKTR
NLMWXK9E
HRXCFPW4
PPTTCKFP
MWPMFWKL
YPWHYX9M
Y4RCPKKX
CKCRN73R
9FKNARFP
YEEKF4X3
RLFR9LRL
9Y33MMAF
AMY73WY7
PTKN4N43
LLAN7XHH
YHERTAP3
7KAAY4FC
R9EHW3XF
LCHXR7N3
MPLWHAA7
XPW43YPH
L9NN934E
EY3XPW9C
NPPAL3YW
43TEYTRF
H9XFFY3P
9T34PAH3
TFRK3A4Y
F9P3X7XA
YM73P43T
9MCNP37N
F7TMAHW9
TA3N3YEE
XKFXWR9C
M34KPFTK
97EXMPHY
EM4CHMTC
PT9PMM4M
EXWKWE47
XRMTCFFE
79CM7XK7
MR7XCAFY
4HLPF3HE
XPNMCWEX
4YME73MN
4RFR4CL9
37CNY9AN
NKNEX79W
LNWWH3AN
9YCRWACY
9HLTXAKM
TRFRLNAP
EK93H3FW
HR9FF49R
MHNYMTN4
NFTT7PRW
9MKNLWWL
KLX77WCA
93HMNHCP
FWKYA7YM
3MWHPLLP
MH4C9ECT
A3R3WL7Y
MCEPYFTT
TXTYRTHP
R4EAFCMK
YKEP4RKL
NFEMF49W
TPPXE7WE
FMEM4HLE
XCLAEYNH
3KLARMF3
PKWM3FP3
YHYM497F
NTCFAK3M
7F9RKH93
KKFE499R
MNARKMNF
H9T3FCAY
3AYWX37P
7MHYNHA7
YYRLCWWN
7RC97PAX
R4NENFHW
P7NEAPXM
37THY4HA
EE3E34NF
7RX33TF4
FR9F3C37
FMFT43KC
YKYYHK3X
CXL7ATFK
WKTWKKW4
AYHKPXPX
4L3CEEWM
34X73TAM
TL7E4PH4
N9PTP3WP
37KFKTLN
CNXK7YE9
Y4F4F7YW
3C44YPTE
HXTWYHWE
YH7E4HXA
4LXWYXFP
KALA9NLL
TRMW3A43
EFHXT9T4
KP3L4WL9
9EE9FP9H
EFMXCRE4
TA7MK3EN
FEWEPRYT
WRKLF4HF
9LMWPENW
H3NXXHK9
3KWN3AFM
YYXTALFM
TTXP7PP3
N7PYFY4M
AXNH3YKH
MK4LYHFX
WMNLMYYW
YLTRHY4P
4MRHAMWT
FM4X79CH
C47KCYAN
9KH7MHYE
MHNFNALR
3KCAXC9T
CLW9E7W7
M7WEM94N
F39CRCM7
MMLMNPNR
3MELR3EE
CXE4MLY3
HKR99XTL
LLCRCTPM
RY7TMMKL
CRTMRR4H
CFRN7XRE
NPFRHNKH
C9CAHX4R
74P9XXXE
3KW3H4AH
LCAR9MAE
EPPMPYAM
CKLNF3KN
TMWN4N4F
PETLC7PA
NLRXWM7K
AKFR7YPM
PM7973CX
PAKA93T9
3TRE7LCA
3XH3LY9P
HRFNPF9X
7Y9CAXWH
KFAHHLMX
P7LKLN3R
YNYYXNRK
CA74NTNY
WXR9KWHL
KK7F4TNN
RAAN93W7
TFPKK3FL
3P4R3CRY
T3CNWE73
LW39W7N9
M7KYYHNR
XPFWRPTN
MNTXPKXA
X93FEMP3
XCMXALYR
34T79LWH
FKNHFNXM
HXYRETKL
AHCPHNEA
E3KMYRTC
3WRPMRAA
FXAE3C7X
MXK3XLR7
ARAK9KL7
XCMRTNT7
NW9WRLNF
AY43HEM9
RWYMT33T
34HLC3HP
FLCM7P3L
THKRR4HP
XAMCNR9P
3CKTY7LT
CERKFTPX
P779TX34
L3X3EWKN
YARFAP9L
4PEY4EC7
7KA77PXN
PKT9YLC7
HY4TRKAF
MWEC3337
3H9RWPER
9PMEFXNE
XXC9NWN4
MF7HXNRY
FXCXKMTP
CNWENFP7
W3MTTTKL
FWFL3KWR
AAWX44WA
W4WYAHPE
WRAWXR4M
49RHCKLT
WM4MCPKR
ER4LAXPT
XMYPR93K
WNWNHMTA
TMXAXFFE
CNAHMWE4
3HMCHRNW
EFE74EW4
TFXC34N4
44LEWW3E
YXTYWR39
MME9F9EM
XXYT9RYH
RFA3EX7K
44K3YMPE
NTEXXE4Y
9WM7WTKE
YCR9A4AC
HW4HEPC3
R9RKMA9M
WK44YYHM
W43X9PRX
LCXRMTFL
F7XN4YKP
WLWCK4MR
XLKFYWLP
XCTNHCXX
Y4HPF9MM
RXP3HFL4
YWWHMYFX
NTT4YHHE
ETLPNFK3
K7E4FK9E
7K9YMMPF
XWMWCLCC
FCEFMCHR
977YY93H
YM4T7C4H
RTN3ELRX
9HATRWRK
4EWPYXRF
XNR4TMT7
YA99MPXY
7X3LYLLN
YXTEMNCR
E4XK4NW4
NLFEM3RL
KTFTMW9C
4XMXNMXR
7TLMLYTF
L4N99HHY
74CKKYAH
LCPWEEW9
Y3MATPPM
PWML7R9N
7KHLT4XL
EHKALCXX
XL73WPX4
97N9WPRM
47PLMXR7
9FT94CAT
C7RXFR9M
W7X3CLXA
4TEK7PYA
AF4A4M49
TECKCPE4
AER3CELC
749WCEHY
LARNR3XC
9YREXHM7
RN7NP3T9
X7CY9K37
9KPHAM4W
WXXEKTYM
LLLFMFW3
LL43WRP7
RAR4PNX7
PMLWR9NT
3F49W7FA
7Y944XPW
L9TR99H9
4RR4MPMH
NT4XE7EY
AXLW9XAX
MLPHK37E
K3E74R4H
P33FRWP7
FP4K9N4Y
MLXXC3NY
TMTLF3HY
9FCLWYPT
Y9TLPX4W
AP4THK9A
K3HNPF3M
EYLPY7WT
REY7PMRW
AHKLNTYC
P7LWEN3T
APWXT4KA
E3NK3FFH
YEHNCT9N
3XPYEFA9
4A7YRRFP
FKPMNH9H
RY3YM9K7
YLYELCKW
F4M4ELN3
Y4WF4TP4
KY4RYMKN
NX4HFYR7
X7WM344N
EXFNMLW4
K3MHHELM
HLRT9KHT
9M37XCAY
4YMR4FTR
WYPY47XC
NWCPXKYW
YPAMHWKE
EAM44FYH
NPPARN3R
RHYE4TM3
37M4KCHC
MKWXLLYH
HKCYRXH9
R4YYMKFF
H34TNNPH
MCYEPY3Y
CCYPLXPP
7YWFRW7H
47R7W9R9
H3A9TYWT
KCX9AMAM
TARWYRYX
TX7WPRNP
YXK4CM3A
PCMMF9MX
N7FPFN34
7HC7FRHP
PYXYLEWL
CMEAT94L
PWTP4XXE
TE4P4YEC
9XPKM7MM
4FFXFHEX
MLM7HT9E
RCPPWXEP
HA7CXWEW
4PE9HKW4
LCKKTMNM
9L9XAK9K
33LKEMEE
LNNARXXK
99FYWLWY
74TW4PT4
MNNMLL4L
MTLYWYLL
7MATERCK
7FMW7TPE
9LH9A9KC
FP7XPHFH
KW4HXFTX
PLMWPTNF
WN4EP7FT
M34TKMLT
TW7WHME9
YWA4YWXT
KRXKHWNM
97LRTRHA
PFEMRPPM
4RRKWRCP
C93FLHCE
N4CHF774
4X9RENTC
Y4LXYHLX
T99ME3PE
W9LEWC4R
FEKKRP9T
LWTTXW3C
KHCYWAYT
MET7YLLM
NCTEL4YF
HXACHWCC
PMMMLCPA
7KAXCMRA
M7PRFXWX
MH9M7E7T
WYC7RWHF
9T4RTKYF
HPFW79EE
TERRX4EX
9H9YW7KH
MCKA4RWP
F333TPNR
444H3CEE
Y3E3KFM7
NRPC4RY3
ETYW7PAY
H3CA77T7
HXF3M373
R9HWY4X7
ANLAK37Y
PLWATL34
MHARHCY4
T9WMR7HK
RH97FMK4
WYT7RWYC
KC9XERW3
NYKA9AKE
AWEFNTNT
7HMF93PP
4HMPT3PH
WK9LALNN
L9EMWENF
7CCXYAAF
L3TTKYAX
LCYR3FPY
3F39CHLX
PNTA9HPE
ERWXCH47
EEHLK9RT
XHXLLKHX
4NCNWM3P
MXYLFHMM
NF3HRFFP
APYCNYW4
NNLTXAMX
7E9MPPT7
TAXEF9W9
3KPHM7TF
HR4KPNYT
MNELRHML
7ACE4NC9
XWRCFNKK
WF9CYNXP
N3RXMAWC
WNL93EKM
ER3NXRLR
M3YF4ME9
YNLL77A3
KFNHCF93
LM3XFKXN
AREFYXCC
C37W7WAC
9RRXWL7E
ME9WKXMW
M3WTWMW3
FFAWLA7E
PMRRMYE3
ELX3XC43
RRX4ENNT
3K3K9E9Y
9PRAYL9R
LA3NNW3M
F7TEPPNN
N7YW3TLN
NN7F473M
MEF4A3M4
4LRAEYRR
LXPHL3WW
MC4794L9
KT9C33TX
NTKCPRFT
LEENAPY4
KATYW3WA
WTK3X497
4RY3C4HT
F3WPTPWT
YAKA9RRK
WNM3HX37
3X4943LX
KAYNXM47
9WATR7K7
CTRLNCFX
9W3A3FRL
R4N3N9Y9
T3MLAEHL
4HHTXWXA
RXEEYXCM
KXXA7C7N
LEHCYXTF
L9WMXNPT
PLWWNHWE
F7MAY4R9
3K43EM7P
7E7X4WYX
Y3NXA3KL
7WXHRCKW
4E4KYP4K
3ACFXRKT
N4HAM9RY
LTFP4CTT
A74NPLW9
TF9PCKA9
LXAMNXKL
MTRWMMHK
LE9EMK9M
T7YC9ARP
HA73749E
MNPHLNTM
XT3X4X43
H4YK4P4R
EAETKAMF
MEK9ALFW
YTCTTLXM
4AP7ECFT
4KHWFPPL
EMHK4M4R
4X79NMHH
XNA4XFW3
N9KXKTK9
Y4FHARXY
LLNAAH3T
A9RNLCKY
HXRATRFH
NTANYCPW
LNYXFY34
CMTLYLC4
M7Y47RHM
CYXKY4C3
RLW74EYH
WAA9CC7X
NEFK3RHL
NNATEKFN
7Y3XENMM
R7XMCCTK
3X7TXR73
HKCCNX3M
9HCXNLWA
MXTFL7AW
4TRKFLLN
4RYP7LEM
7L4LKXKY
PN7TNW9Y
WXKE7XFH
4EAKEWP3
74WTAWTY
794FE3T7
PRNPHP97
KYM4RNX3
NPW44XE7
7CNACT77
YPFM7H77
WT3PLEYK
9KCLRKMT
W3PTALLL
7K3CNHPX
MRL3HA9C
4MRYHXYC
CAPNKRYF
MC43XHR9
RC9ECAK4
HWPR4TCY
4FENLAEN
EX3A7H94
FXNH73RA
PNNLYYYE
WAL7PFMP
KW43TATL
MR9REAR4
PWCNXKAH
TFNXF3AR
WRC3KPL3
43R77EF3
7LRYYYRX
CKLPL7PP
LEFM3PKW
WCHEMM9W
EH4A4NHA
YXPXCYXY
EN3FFK7W
A3EHY4RH
MMCWFXRC
H4M4YATN
E4ETPYL3
99PH9WM4
PXRATHEM
NAEACMTE
A9RY33M4
LMCC33TY
HFWP474H
PFM4LHRC
ELECX4CE
RWE3CTNM
PLLY743H
3RRPKW3T
9ANLRKLX
3ENWEWWR
MRXX34EN
3MFW9REE
L9RK9AXE
9CMXMHMA
FTNNNMPT
KLAFEMEK
9TKW7KXA
XTL4EM3M
KANK7YPK
ERMWK94C
WP7P9YTL
XW4FECPX
9PPYT3H4
ELR9CHHP
XT9RAAAT
7KXCY7M4
RCWC4FXY
WLA3LY74
XE9HN7WY
HF9AFCYN
9AA7WKPT
AK7FAHER
X9WN9HKL
AC94TPYL
XF9WENL4
PPTFYPP7
FHP39K7K
47FTPXM7
4LN74FML
AAAENNFX
KXYKT3FP
E3XRXAKY
NL3LHYT4
KTCKA9EN
HT3HRWK3
4K3C47K7
AHXAFC99
NLKXLYXY
L49YHLPP
AMYLC9AN
PEHNYNX4
H9LE7TXE
PLKNMFFX
CM74MXMM
4CLTFNKY
CLN3YKRM
RHHAXPAE
CX4KMK4L
Y9L7YERT
W99YHH3T
RAN37TF4
FKPFXAKR
9E3FN7HH
FNYMER97
RYYL3HHE
7WMM9FNL
7AK4ANRX
9ELELRXF
KWLW7X4H
MNN7C3WR
CFP3REXL
PA9N3AWW
XPYLH44P
HK9YP9TR
X9ECAAXT
LT3C7XT9
T9YHNY34
ECXH43KX
FWYKXT9H
LYN3N7HC
4MW39CF4
RY7EAFEX
RWHPYFNT
RCYM4PCL
9P37TH7R
A9TRW49R
H9L93XRC
YLNFEF7F
C7E934X4
Y4RKCYEH
TTHHTYN4
ERWR9K7L
ACHWPX9F
TEXFPPAC
9XHTW4KH
H97AXHHR
3NH9MRM7
EKAE9RPR
EMAAFX9L
KWE3974Y
NRKXFH39
ERX4LYE7
4E7PWTXR
WM7373EY
P7XWREPY
PRAFFC7R
A3WTNFY3
Y7KAXXW7
MF3LFXHH
WTWHWHYK
MKY4T9H7
HYCYFEFL
C7M9AMNT
PXCX7NWM
3TAYRFC3
37HET9CY
EP3RTT47
XY9AMAL9
Y4EHHCCW
CTXAH9HY
FTWRREML
F94HYK7C
C3AXHPHH
97NE7YWP
7KPYTAF7
9T3YXPF7
LTL7FA7A
CERMXEHR
HWXHXATY
TPWKCK4H
WWA9HAXK
K4AC3YHF
MYT4YNYH
K773A9LF
99LHEK3A
FPR7MWEN
W9AXFEK9
4XFXLTNN
77MYPNCC
X4YRWHX7
NLR7TL93
A4PPNPYK
4AT7NNLW
L3LFYMNP
WNNHKTYM
NLEMEMXW
EF97PW7W
F9XRTLMP
ML9AA3RR
77EE9PE4
F4RX7HXA
LERKKEFP
CXM4F9KF
FT9PLNKH
HNLKCCF4
E9XMWY9L
7KWYK7EL
PLCEXXFT
P9NAXFFA
TX9M9LFC
EHEHAL4M
AAMHWY7F
44NNEHXE
T7EE4WML
9XLYN7NM
PKTRNN3E
7E7XCYFX
TF4AF99P
RPTRLYHL
4FN9LHFN
7XRRYXWL
A79KFAAN
3N9MY4ML
TT4KX44L
9TMN4KN3
WL9M3MHR
PMLTNKRR
ANWMT97W
E7XLNL3X
ENKKN3FA
9LXTHPYN
9XWM9WKH
E33LNM3F
XE9X7YAL
PYXNHRRH
MLKM4FW3
7PT94TMP
PCM7C7AK
L7PY9EYE
WL7HHNKA
PFCRNE9F
AEWYEYKK
ARF4CE4L
PYNP4YMH
HK3R4M39
9AWP37MF
7YWWH79C
NM7M3TW9
YEXRCPAL
9XHEWLAH
XR4CAF9T
L47FY77H
RNY99LN9
7NXH74CP
4PN3CAAX
N3CTRFT7
LXFEL937
HLL7A374
73PKMMWX
MCF944LP
7RFA3KRP
F3YHWXC3
TCWFE44A
7MLW9MNH
MYY3XPKT
E33Y9L7C
W49YX9MH
Y9CLRFEX
7XLKTTLL
NXM3HKPE
L3CREXYX
TY7PPFEC
7F9W9RRW
7EW4FYPY
7KE9ECHN
EYC7NNRC
XMNLNKK4
WXCA4TKW
44ATW3ML
HHFWTYFW
PXPLFLHW
Y4TYHMM7
XCK9KARF
KFT9CW7R
AEH9AFK7
4E9KX74A
R4AK944Y
AY93L4LC
C3XE3MP9
74NXH3YC
L3X73F3P
WFHAXAT4
C4FY744H
TNXL9E4Y
LNX9XE49
4H7FLPFF
FYEXR7WH
XMATTKWC
7WLKNKLL
7T4NEC33
YCKN9W9W
9AKPCH4H
R9P4L7CP
FRFHCRFA
93CHNFE7
9XT7PHNW
F944EYNT
PW77TM7L
WTXKPYNC
NF349H7L
9RLWLLXM
XTYCM4RC
H34M4CXA
AXMRL9NN
ARRK49KH
PLNMC9YT
PY79AN3F
3WLN4K4X
ALAR73L9
39H3RTPA
NTT9TMY4
7PE3TPTY
3EYAFLPW
PLWFT7XW
9C4MCLYR
M94XNRE9
9RMFH4T4
KWTTPNT9
XYATTRA9
3YAXX9FL
E37KYP9Y
443N3FPH
NKPYPEFH
47LC9YXP
NKRTCMAX
XFE9FFXN
XNYR9CHT
LRHE9CCC
F7HWNNW9
3NA3RHWF
MEL39TRN
4M9HPXT3
FWNYAEHF
R9KMT44M
EFNPM3TF
34RNEK3A
MLT9WYFR
PHRK4WEX
HRXMPK4K
PELFRPR4
7EMFPE9M
KXCNCPKN
4HTRYPX3
LWNKXPWE
M9NNFXF7
3LRRL7KF
CLTWPPHR
3KCKY49M
NLFHH34Y
XYCXEPCC
4R7KWRLH
RY4HPRW3
49FLAHWW
MLRXYAWC
YANMYH33
KRPNT3LN
497A4R47
FHRRLHN4
XKKT7473
FHPAHCNN
YYEP7RN7
H7EN7EFE
AXMATH4H
NLARCH34
EPWNCFYT
T97XCRPA
HH4LXEH4
KTY9XFYL
N9PC3XXE
AFHFCXAR
TCW9YNXL
PKRCMX4E
WCLFRPLL
4MKEFNP7
WYKKPFRL
NM4RF3RK
4RRXTMPT
KMMWNXCF
A43YH7EA
MW3AN3L3
79WL9F4H
7PCNEYAX
EFF34WCH
7T9F9CEA
MXWF3M4H
7PTTYFE4
RENYTLEN
EE9PHKEA
WEHF7AHM
NPY9RRHR
4LM99WYX
9ALY3NE9
44RLYHC7
3PH9HFX3
M7R94C7E
YMLP9PXL
RP9WYF9X
YMRHNKE4
MNRTFCRM
4PHYCLHY
NLKLFH94
9TKKNNRW
3M4FFANN
RNPW9ECA
NY39M3M9
737CRYAT
AHFENART
4RT7AKX3
PN9FXWFE
NPM7PAR7
P4WLEEF7
LWYCHXHC
XW7XXHHX
HA9RTLKW
7R47LWNM
L3RFACTE
X7ANTCYA
AAHRF3PP
PXKEYNNX
RERA34XC
PCX7RRK9
3C94NCNW
AANWKHA9
A7YTTNC3
CXX4RK3P
TXFKXNFF
TPLCFL43
YKT3LPWK
XCAXXHRL
ETFCPWMR
RKMA9YW3
EMLKA943
4WYERA3C
W4Y9NFML
3MMHNKMF
FLENFMLX
F9PMW4CN
RY7HNTCX
PP74R393
ETKMN9EY
HX3HH4XE
HL4K7H9T
MLL4LFMC
PLP7NFYM
77F9WFMN
P7CTNTAM
47R4M4W3
93WW3MRF
3LHN3RLN
P7N9WTKA
NKLPHTAF
4YY7F4NA
9MPXANRY
RCHL4LE9
HMXP933T
TFXXNAWA
TNRHWNHH
LYM7T7CH
4K47YCCC
NWR4YXMM
THN73EF3
TH4RMHNC
XPTLXREX
TLT3999A
K4FXLTTH
FKC797WW
FY7NMNC3
L3WXNK3W
7PKT9RRM
WT3HP9WC
FT7PNRFY
9T4ER37W
4FEMLLW3
49MMMNPA
TCRXRHPP
KF7A3AMP
CAPR3NKE
TPPAXKX4
H73HAKH7
YXFYYTHN
AHW93MRE
99M3HTYP
E33WHH3F
3EMCM3CR
PY7PLN3P
F9MAEF7A
XN4HAFA7
W3KHTPTM
XXM3MFXL
NEN3HF9R
PAYL474F
9YKAW3YM
WAPFR9R4
9Y9EKAMC
NHTPRYYF
7WACNTAC
4CK3YY4Y
WCKTRP7H
H3X7FP9X
74HAM9X9
AFRLEFX9
C7ARHAMT
NAR9PTAX
NXMTTLWM
YPW3E99P
EWEXR749
MXXHP9E4
79TNXPRT
7HPYFXP4
RRCFT7P4
4NA7FRFW
77TATAYP
XYXRFNNM
4WTFTEMM
RCNRNEP7
CHYR9C3A
PRNEM3XR
L7L4EXHK
E4KRNLCM
NE7AX3LC
337TPMFW
EAMMMMTC
7E4C3P74
LFTHRW3H
FPHN7EM4
APWAL3NN
CN4AC4WY
K7LAPWAH
RFC7WCCW
HRNMWWTL
TNYNXFYF
R44CT4A4
KWAEWTHP
4XR343RX
LYA43F4M
R3HFKHLX
TW9TTLWY
99PE4RRF
RTNPHWMC
PCHYCFFA
ANNTA7TP
AE9CXFNC
F4LKCYTT
PX9AMCW7
TNFA73FT
XRYFERMA
KAF9AENR
N9FHNY9L
AM7N4MYP
HEPM7PET
AL7FNEWR
CWCC9RT9
PXNNL9E3
WNLH9MAA
3NTXEPRT
XKMKFEK9
X9AHEREE
ERHXRA7K
WRRLP3E4
PKNFER7L
E9EPY3N9
T7NWN3CH
7KF3P43E
TX3W9NP9
XA4E7EM7
4949XRT9
FWAE7FP7
TX99PFPF
FNC7WYRN
CRPYEYWH
4ECFYKXM
F4A4AA3C
MPCY9FP7
9HEWEYCN
WMRN49XE
KKHCNNXY
NCYL7EXR
MNN3MXMX
XKW9KNC9
RXWRMXXK
T7AARFMA
7FP7CNMH
WXFERXKR
FWE4KFRF
MXAEM7KT
PXNMMCNH
RN7MXT4W
PE7RXNXY
7MTY9EMR
XYLFTTL7
P7M99HL9
33P7PNRA
7449FH4E
KATHK34F
X4RRXNME
FTHTRERA
XCEWNCKL
L9CKH4YA
HKEEPKAP
AAW4PRWK
H43CFAXR
KTA3HCRM
NNE4MLHF
TMYLAPRW
FE4NY7H9
FALFXL7L
YXXWRKLE
FM4TRRYL
KRML444X
CWT7977T
TLTAYFRN
RXFR3AF3
MH37W3WC
FX7EL444
TKAWHNRN
YR9ECHFN
EFNYYTXL
R3ECWWEN
7AYMARH3
77CEYRTN
MWPNT3AR
49RKPTCT
4FNP9TKL
WMT7YFPP
7YNHT4KL
FAXPMCCH
9HPTFAFY
C37EHFWX
7C3PT337
CARY9KAW
LRKHPT33
ARM3EWTM
CHRYWWK3
K94APXTY
K7PYFFPH
77CATA3L
E4HMR9YT
L7994373
PHLWTYXH
AXCFNLCW
RR4RWTH9
EMTFMLNY
T4HTMATM
ANFL3R9C
49AAC4MC
YETXCT3A
XYNKWXME
PHYTWWKR
M3T3X4NX
MET9FCCM
EF4NL4Y4
KTRKPP9M
PNW7X7PT
WYF9LTCY
LRPFAR9T
YYMYLLP3
M3P9EC7N
TT7FNWTC
PLK93RF9
N347RYRL
3X9RR43A
7YNWRN3P
9C73T7RF
MF333Y4N
TLTWLE7K
EYTM437F
TYKE4CT7
XX9TMNHL
PW34NMWN
PRXTCELN
PL3KYKAW
HKXX44LK
ECAAHNPF
A7WX4KLM
XXMMA4NR
N37H397C
WTNTR7PF
KWKNWYTY
W4M9E379
4ELTTY9K
L9H99RH9
K7MC7HNE
A7TWMWNP
H7RNEF34
PM9MF9PF
73TT494H
4AMMANF7
XAKEYF3C
YHWRYCPW
CFFNHXEX
HFM7LRH7
TRRXEKMP
EE99K3FL
CLFXR4CK
C47A7HY4
FCF9A9YK
4KWCTM3X
CXPCXRE9
C3XENXTK
K79X4CXR
4YX4AALT
9ANELR7Y
F9FANRC4
KM37ELRA
NAWWM4MF
PNXMFYWC
CEHL7H7L
XE9H7HEW
ARFLRAN3
WX7LP3EY
WR39X7P7
WEE9AEMN
3C7YA4XP
WC3LNMTY
HEYWFKKE
7ACNNTXR
CNFTTETF
ELF7WPTF
RHHHT3W3
CYR9K9LX
R7AAYEPR
WAMRP7MY
9CP9E9R4
RYC9FL9W
CL9CP4LW
AFWFPCAE
MPR973AR
ECC4EAPX
PLXP79F3
ATFPTCMY
HLW37C3R
YR3RTRKC
F9H9F7AP
44PMNHWT
L7AKAA7Y
9CXHKFLR
RCY9RKRL
KKNTNFKH
L9E4479P
NYTKN43W
T3YLKAYK
XXHRACYE
7MWWHFXX
XF74P7EK
M3ER79KA
LHL94RME
CHHFM4R4
MPEXRY47
44FY3LRP
TRE7KHK7
A7C3KH7P
K7LKLLP7
AKWKM9CH
ANX7HRT4
ELL99MHH
WT3MTLMX
X7ET4W3A
RWWXRHRA
KMF3CAKH
WWMXTHTK
WNLTL37A
E3LECLMY
LHMCE34R
9K9HM44M
LCNMA9EW
X3YMMC47
LNWEMLAC
N93AKRCL
M4737PW7
C3WTLFRM
4YNNCM3A
HW4MTXWT
3LMW9L4W
NWYTNCW7
KNRR4KLR
MFLNHKX3
XWMRYRAH
9XWNNFCL
M4XHCHLX
PLHLRTXX
X9LMYHXH
AXFXF74L
Y449KHCP
H9WN7FRF
EERRNHPT
RKRETTW3
E4FLXAYL
K9EPN3AY
AAPETFK9
XXNANXMT
494CF4K4
9AA4A4WR
APH7LAAN
RLN4N3CN
FCL9XNHM
Y4N33TWW
HRYHHH4R
3FACHFLR
EEWWT99K
YHLEKXWK
WNLR7C3L
AANFFRE9
NWPT3X97
9M3AFCA4
AFPRNYW9
T4EFTC7N
9F4NL39P
RCH39F9T
THCNHP9P
7NETFCX4
RK7TLER7
7KMFRYRH
FYREWPNF
EYYYEPHE
PKWXEWMH
HLATLAL9
FCMNPA7A
A7XNWTXY
393HMKXF
4L4HTELW
F4MEHTKL
EXYFPXXN
P99T4TNN
PFNYTNRN
YWK7LTC9
CMM7FNET
3TNNFML9
AK7LY4FW
TPYRNAAN
FXMLXKL4
WLCAPL33
FFKLLX4K
NFW34HWA
L37RL4NX
4LFA4LA3
TKRHLRCN
XCY3XLNM
E9LEFHMT
MPPPEYRH
KAHKT9A3
XH3RMFCM
W94NFFMY
N7CWL4XM
7K9T9XMF
K3PNARW7
NTKYW3EA
RHRXCC7Y
TM7AWAWW
MRAL3E7X
HNWNC3AY
REA4RCFA
LMPWMYYT
WNXNN9NE
4FNPL3RT
FF9TYAYX
XTTKFCHA
39KCFMLA
799TARC3
4HENATRA
E9RHA9X7
LP4W9RCT
W3W9XPF7
4E3AP9RM
NNMMATN3
79CWWRNX
WMW9XFF4
AHETRELW
NTXLEWWE
XFMA3PPY
93EEM7L7
AET3KLXX
APYWMPMX
4CNCCCF7
T7F4CFXH
M9ATCRAL
PMY9FYHH
RHECX9MP
RXHP4KFW
WETXPYAN
YL3HAN7R
3LFW9NNX
NWLCNNLL
CXCPP79X
XXTPLEE7
LEPXE4CH
HTTX3LE9
LH7YH97N
AN74NPWP
PXRRHCFR
3M3W7WCF
943W77Y7
F97KXHL3
EAH3C9NN
LYLPMHMN
7EHKLR9P
CEE4M9TC
4RN94EHW
LMHTNWRP
97MYAXMP
EFEFE93W
THNFNWTN
XPYART7P
MFN9HLCT
7K7HFKRE
7WAA4FAT
4L7HC3KK
CEH4F3AT
9MW79XRL
EHXF9HXP
X7APMH3F
TMPWAM4L
RFXLCF4K
HFEREAYW
MPFNXAPT
NKELXRML
EAHYWTHY
HLLL37MR
LHNXYYN4
XHT9ACKY
773HR9KR
XKMCLEXY
WKPWN74K
49XRT9XT
F4A9YPK4
NKCCNE9A
T77XMTEN
3NY9LN93
HR7NMPEN
HMLAERMF
X7M7YN4C
FA7FR4PY
XLF7X7MA
L3F4TPFN
NH4LR4C4
XN3KHNFM
34ENNNTC
RRFMX9P9
KL9A43W9
LYLFACPK
H9NLNL43
9RMAN9YM
39YKHNCH
ACE3XKNT
XH3P3ELW
M9KCPE3A
WX3F4RNC
9T47KKC4
NYLNAKW7
M9CNY4CX
RAP7EF3M
TH9E43X9
PRXA944E
FFLL9XF3
73AC39TT
LHYYYCYP
P7PYNAK9
XCF4M4RK
PY3XF744
4RRLNMTF
PNNRT7TN
7LL4HHEM
A7AA3TRX
EMFCMRXA
PCRLX7EX
FNHF394R
LLAYYWAX
NAMAREAN
4ALCFK77
4NKYWTNX
WMH7WAMA
MKNTTEPR
TTY3TTXF
MXX3NH3W
LRAXPRNH
7YTLMWEM
NE3YPMTE
T9F9FN4X
M94LYR7T
HHRLYPTF
CT44WXET
3THM7ATT
77E43XKT
R9NMWHLH
99FXCWM7
AHPLHKCP
RAXW4KEY
7HEMKHP4
FA93TR4H
P7PE7W9W
PXT9CT7E
PMCT3LYP
PMXFRPC4
3WFLWYYA
PHEKLA43
PH4ACM49
NMCHHX4P
LWH9LHHW
7LKFM4YX
44X4M9XH
ERCM37PX
94PWN7HR
W9KWRR9C
X33E3HWK
N4PMFYY4
RLYW9WHF
WNE34MEY
MH3E3YHP
Y4A4LPFX
EAWLPCC7
EREKN9P9
XYF9FLTL
73MTENA3
PEAMWAML
KMXPNTW9
43M7YE3X
L4PLM9FP
X4CNKT99
NYX4PXKM
3NN9F37K
7Y77H9TA
EL9N474R
Y4MXWXCT
RATAT43T
H7NKPY4E
7W7XXXXE
3MPXXLH4
7XC7N7CM
L9L3XEHA
7FFRPH9C
EW4YHL7K
LPTXLPMX
4EYT33RP
NK9R7ACK
7KWYFFNX
9MAC74WP
H4NHKPLC
WA7NKELM
CARTEK4P
L47FTACA
4X3NNAX3
NHCY49YN
NLC3WRNE
FH44N4KF
49TPA9MR
WHYLAE3H
WW4WXEYH
YRMYCEXY
7E9H7RER
EHXNTHFX
CC9KFYAM
XLXWAPK4
CK3MAFNX
3XKEKKKE
KYRXNH3H
TEAC9MWW
T37CLRTC
HL4KAEXK
EC9TA9KK
EHXP9M9T
ATEPPFYC
XTR9NCE9
9ANT4FHC
CKA9KW3E
NKXKRHLK
NRKC7CNL
CPKA39YX
TXPRNTNE
7TKARCRA
MAH7TYPR
FTE4P7RM
KC49LNFY
W3TERHLX
H33A3Y3K
7ERXH9KX
HKY4YXWP
K4MEKLR4
WPCLT9LC
LLYR77AF
FAALMFMN
H4A33F7R
MHFCHN4T
AMWPANAX
MTX7YH9M
FP4MPCKR
XT9FMMYX
W4T9YW3R
3W4RKC9L
MPYHXMMW
R7FXMNHT
CPRH7YLL
LMT4NWAH
CKMY49WY
94HECWC7
9RFKFYCX
E9TPYPCH
Y33CYW9M
LHYTCMKW
W9NT9Y43
KCNKCR9M
3F3L93YX
PF9FTRKM
HMPW4NNH
HNTRMPCF
ACPLTCMP
M9Y4N4MC
EKYCXTW3
7N7KNNME
CFLWFYYN
PNNKATFA
WPHCHWEX
YKH4NRKK
NYAMWYWP
FRYPTXMA
M44WXPY4
PACFWMNL
PP4H4WLK
MHNNEYEC
HHC4WTWT
EN9H437F
P4MT44XP
WAATEH3W
MLMLTXCF
NPLRR4PK
Y97N779M
A7LLHW9E
WAEHAA3R
7YFKENAX
FK3NFYXH
R3N44CEH
ALCWXAPN
7FC4CRR9
3H9XNAPP
AP7L7LAF
NEYRR4LM
RACMMFMC
FLC9KRKE
ETW7LR47
CPECK9HX
YXREX7MP
AXLLW4H4
CNX7KHXL
W4LWHYKT
P47H3R3L
CPL3LRCP
XA9HRRNX
PK3HCLKF
MF99RMWT
PT9YKPTT
RPWNRAF3
9HPLRERP
39AHPKR4
FMEPKRWC
XFRETFKA
LACT7NHY
KRWHN9KK
AN9FMHYX
43XRYT9E
FCNLAPWX
M9L4K9YY
FYYHRKE3
HXNMAEM7
YTPNELNR
NM7FHMFM
F9PACXWA
M39F9EHP
PH7RP3WL
YHERW9PY
YKAA3CCX
RL3T9CAE
M4WNXARN
YWHFK7FH
LWTN4MWC
C4TPAY4M
LNEXCTYE
NMRHKWNM
TNARHHKP
THPKEKPR
LNKN9EWR
44MYYXX3
H4HEKWRR
K7Y4CEAF
XNYPNKW4
W9ECMEYH
CT7A4MX3
AW479YYY
TTAWHNCF
W9HPPRXL
RM3RTXC4
4YYWPE3Y
FR3HTPPH
X7KK4YAC
CYE39TEY
M4HKEFKE
AMRKMWTX
93F9X4FK
KXNHMNL7
WTTF3NY7
LP9HNYLX
CEENY3LM
YCYXY4WH
ECRWW9PP
NXX7F9NK
WYTYC4C7
TLH99YHC
ARY9EPW7
XAEMAKTH
TWF3P9LF
K3CHTCRC
CHLY94WP
H3AH9WMK
LM9T3EAW
R3TY4CLF
PPN439F7
XYFHM3Y3
RT7447EL
MC9LACMA
9N4NCL9L
A3LRK4F3
3WLMLMAR
H9XE4TW9
A7H4L34K
TL97LEHY
CEAN3HFL
EW9NXY9N
NK9PY79C
49WHFWT7
LEX7P3AK
3EH9FM7R
HTWT93K3
HAKFF7NP
AKMYFXAF
EY79PWY3
LR994HCC
WHYCM9T9
9TCMW3Y7
FNKELCTM
YCTAY3NM
A4N3PF4F
LC3Y4CA3
TXLXMW9P
4EW7TXR9
3HFLPXF7
AF4W9A33
EPWL7X4E
79YNWKHK
T33PCLWF
RR3MFWYP
N99AAY9K
734FMAKP
AWWEEP3N
CP97TTFK
KHCWXWHK
T4AA7LK3
PHPKN4PN
MEX3EHN4
F37YPK43
F4MCM9R3
FRMAKEAK
CHK3PM4T
C9C93HPF
RNFRC4AW
CPN3KNN3
XWFFKAAN
4HH7M3TP
XXHRENEH
LFAFW7TX
HMMTXXCT
RXWM44XA
A4MY4FH3
3M7YP3W9
CXE3AFNY
WATHNPTH
A9MFFNPP
LMFCAXCA
3FLNT3LT
WCPAA334
YYCFR7KC
9E9KL3M7
4LPP4XEY
YYHLTWKW
TFX99WEF
HY93EEYA
MRLE3KNF
9XEKCAMP
C3AYPTNC
A4PKCXHM
R43CTYNL
T39Y7YXL
XLXTXPLE
ANEL3K7R
KXNRCEH4
KF793RRN
EK4NTNAN
FMTHMMX3
E4F4YHEY
FH9XYMEE
CHN3YPNH
N9PM9LTL
CXKHFCPH
LMAX77AE
TCFERTF3
C9FCR9FX
HXYPXWPE
9NHNWNMC
NMEWRYLY
K4YKE7FM
YXCRE994
E7EPHN4N
APMCLHWC
EKC4XYHF
YXXPCHLE
FXC7AAFA
4ENEHRM9
M9KEKNFT
XMMPL4FN
PH33YRYN
WHPXH4WC
HLLHPY3X
MRLFACLT
CFTN77TK
499X7T7X
LKTTL9K9
M3W7CFTK
AKRWCAPT
HP4ETMMX
RYW7Y9T3
HEYPRFMH
FRYXPTYW
LWLLA7A3
TKCP73WP
NMXPFHXH
RC4MR33C
YYCFWRWE
AXFHR7L3
7TMEWM97
KP4TLYH3
THHLPEMC
LLP4F3K9
X7F347HR
47PHR7H7
R9ECXNWR
NEKTK7MF
XEPECFWE
WE3WK7K3
KM9YLARF
HWCHFCLR
E9HF3AKK
73KAFM9X
RXTKTRFX
77TT4HWY
F4KPXHEC
3PRL9LML
FKKWKLA4
H4HKCKFF
EWRH4AN7
F3YHLF3W
THTC4LM3
9KTHXLFW
YNRM9YNK
3PT3MFPF
MPELA3CK
LLCHYHAR
3PXX9RNE
FMMALRPM
EA3PMNKY
AFMW7T4Y
HWF7FW44
KEC4C3TP
FTANNL3T
CYHRHTLL
LYLMYEE4
EL49YCLT
RFNM3TRF
AEPKMALH
KEEM9CY7
F39TNN7F
LYT9KHMH
KCECLMXX
XXR7AXAL
CFERMNLR
ARFNNXNK
779ALR97
NCRWL3XK
44E93L4E
PP9WE9FM
NKXNHF4R
R444EWFY
AHWWMXTX
WAHEERXX
HYMFE7FH
K473PKLK
T44YFXRN
LTWM4KH4
CCXKTHMT
TW4AE4T9
NMR7WYHY
RF47P7YW
94WN7Y4C
YXFKAM94
CLK4TETF
WT3NTPRP
PWFMKYWY
NTTYXHFE
PEMRC7RF
RXCFTNNF
W4CY4FXR
LXHFMR7T
PMFELXNL
E3MKWYPW
LYLYAN9N
9WFRMEN4
KXTWXAKX
4HHE4TYW
T7NXKXN3
ARN33EKP
M99RAL97
YNW9AEER
LYKAKFC9
WKF37LC9
K3XY9TNR
EPM4CCH3
W4XA9RAE
3YEXX4YK
CY773X3L
AM9T3TE3
7MFF3K77
FAC4LXAN
9EEKYPNC
L7P47AP4
RW9RCYFX
RFCH9C4X
K7M9RTH3
3T9EWT9P
L9AWEMAW
TENTRTN4
MFMPN7E7
T7HCCHKX
LXWKRKTE
PAX3LKPA
FXEMCRLF
P7A3WL79
RAHWRWN9
F3TWCANY
CR7NKFN9
HN43FLF4
WEY3FWYL
NYYEMLYC
A74L47WN
LYKR43MC
KMTA3MW4
9WAN9RLP
FKLMH7P7
9PC4FXYP
TYMWWEP3
X9EPHC9Y
NNLKY74E
77PNRLN4
EWTTEP7Y
CCMT3YRE
44PEYHA4
WRPLYP9C
3F4RXMK9
LFFPCNF3
YPAREHKL
9T7AEA9M
ERPN7HKX
WRLTFKTY
W7F9YEE7
CPYALEY4
RLCHR9L7
C3NP9FCW
7KEA4PWE
3LKTYPX7
MXHETX7C
4YLWR9AC
PNWKETYR
FRNLNFCP
TKFHYCXL
7W9PH4NT
A4AFHEKN
79CE9AMK
4WK4CFLT
F9MWKLFL
HW99ELRX
W3CYM9WP
CM4L3AT3
MT9Y9FF9
N9FRLCL4
MMFYME97
FKN733CA
EK4HKFN7
WLF9RFRC
T3TFWFXM
7E4TY3A3
FY7H3XX7
M3TANYMW
CPKLWT47
XX3R4L9C
KRKPNC4M
TTFNKXAE
XWFXNN94
HCK7WP74
FKWH4ELT
WLRACMM3
AWWACKKP
TNLMMACC
NR7P7AWN
7AY9T444
YYHLT37F
9H9WKMLP
M99PXPX4
ARWW7XYP
FA793XCN
H9RTTP9X
4K9FWRRR
PNMLTH4E
AR3FPMCC
9NLYEMHX
9HPPFK7M
THYEPX7H
K3WCFLN7
MNEPXCW3
LKLRXHXC
T4FAXNXC
ETPY3YXW
YTER7CPA
739ENX37
3FEFHRLF
WE7YYW7L
CYRYE4AK
C77AFP99
3PFHEC77
KCCLLWF4
47LT7PTP
T3FLN9XX
3P79NKR4
7ER33RP4
YK7KHMPN
CTKATPET
RTP3YXWE
TY3LTREL
4A3YCRMK
CYPLM3WP
KM3L39M4
FPTLHMYF
C99KPAHW
WAXWRWK7
HXPK9NEY
9YFMXEFM
L7N7P7YA
TFXEM3EC
PTNW7X37
WWH9KWNM
M3NLR4AK
KPXRTL7F
9YMNEFXE
LCPLLLTT
MXL9RCT9
WYFE9RNT
HRW7CAYA
H33WC7FA
7PWLWRKP
CFHY3LWP
Y7HHE43E
NWE4XKF4
LE3LEAE4
7HRXCL39
3W44M4WR
C4FYEM4N
9WK9WTCX
3KEREYTW
EFHK7RHF
77PPNRCP
7XWELNAN
WKP4TNMY
HAA4MLWE
F43EKYFM
KKYAHAX9
ETPRCNX4
LW9E3XAF
NNX3L7RA
LCC47YWM
N7CFFPFK
KKFXNR37
9LHMT473
PAT9XYCP
RFF3FETK
7XYWTRH4
AMR477KA
RX7YAC77
KP7R3H79
LCRRT7LY
CR374RXH
X4YL3KC7
79CLHHK4
MTRLNWN3
HL4ENCKW
HECN7XCM
C4Y79YX3
HYKYKWYK
LRELCKAC
CXNN4P9H
7PNCREFR
XERNAM3Y
4KFLEELE
AWXXHEFP
CN4T3NTA
ETKC7P9H
4KWMLNAT
TLTAC7KY
LHKY49LH
44HXRAHR
A79YYXH4
H333NNRM
AHTRXH39
HM4A4PYA
MHT9FHWA
FY4E3FXK
KC7ATNCF
T4H47ELA
WXH3FTXC
WMTMF74P
YYHCW7RP
YK3AFAKA
WLTNWCRF
EFYNPHL3
93Y33TEC
3HHCPPL7
YWMHTPAC
LCKCW7FT
H7H3XR9M
FNXLNWHW
HY9X9NAK
NHXMA3LK
A9X3KKKR
HXYPA7FF
3K4W7T7A
CNA9P7WP
TPN3RFH9
ATWRNEAL
3Y4RKHLP
N3YPNXET
4NYTRX4R
7K97KKAL
9EC9THCN
CLFWXH3F
X7E3TPTR
FCTYMWNE
K4F49XTM
7MC4MRLF
AM3YPTLE
XXCNPMW3
KY997CPK
CNN734WW
WTX4KYN9
T3TLWY4H
YP7W9LX4
KCYTFXFC
Y7XPF3P3
4HEP3YTR
TFLYFP3C
WEFKEALF
LNF73AYF
7MLCK3ER
CKLYNW9T
YEWR79TK
PXRY7PYN
KATCEXKE
C9K4YM9P
CHWFYNX3
NMLPEYMN
WRKY44M7
A73LTNLA
7973RNH3
XN4PYFT7
3KCLT9EX
EWMNPP9R
Y3XEFL9H
T3TCEP3W
M4EYR9YP
WHT4MXWC
MC4LRMFL
EMNRWN4Y
TLLAYHFK
CLFX7E7C
TTKCNPCT
HM4CNE7E
RL7PTERX
7C79E74R
M4T4E4R7
CMA4ENMT
FEYRRYYY
HP4XWCAE
CW9XWPCC
F3HTRKLW
ER4K7AKW
9MNCY7KR
MF7WHC3M
CKP7M3M4
33F733XC
YXWF4WLX
KXFPTA9N
MTRAAHWE
PHMYFC74
LTLMFF99
9HXW3AL7
CFRHCTPN
TC9CNPYN
YXXF4L3F
CLYW4FNX
HYCCPMMW
EWWCM3WE
FPH7MLFX
XNW377YR
H9WNFHNP
E4MF9T7K
YEHEFYY4
MX4R4XFN
A3HEMREM
FPMN3HYA
F4KHHMKK
Y7W4NHLT
WY7FYXA7
WFKTKY77
PYN3NXXA
RR9ETHWE
TMFF9X7K
FARPKEAR
Y7W9YWC4
7REPA9NP
R7WTP97K
ANTHAC7W
7PWT7WWR
E73WCFMN
7CLYWXMP
RNCK9CTF
XH7N4TTH
L3FMCWX7
9C9FHAYP
E4YCT9AX
L4AYACMY
A973YTAA
KALNWL3C
LYNW3LKP
7479PEKP
C3M9XLT4
P4FY3LM9
7LAFXKR3
YHKWTXMH
YA3TTCEM
EKW7MMXA
E94PP3Y3
PHMEKWYA
MLHXT9HM
RCKCM7A7
PN4FH4T4
W3TPFMEP
L3XEHFFH
E3XY3KRN
9WLXYRTN
M7HNYCCN
93P3ECRR
FFXFX9AA
ECYMXERM
Y3HMXCTC
3W7M7NWL
7Y7HAMNW
EW4EPKPT
CRT4PY4C
RHRM4TT7
NNW4FH34
CMLKYXFP
N4WTRKKT
3NHXH7RA
KKKF3AX4
YATFTHT4
7XHPN47H
4TT7LFWN
Y9MX9HH3
NYTFYCCA
YC3PLHFX
WK7MLXKH
33HRXNMH
4PAWN749
WH9LRFCF
9XLTELCM
C77TLRNH
NCPH9AYC
EXMHYTYW
AWCPAETN
HNA9WHK9
W9TCMA3R
AFYEP7RP
MT9Y7NEE
PE3AWHX3
9343ELMR
KWP7KRAH
A7AFWKTC
XKFWLY74
THA9TXWE
NRPENMMW
KRECTER7
77Y44AFW
CWC9LPKW
RRRRYPYN
CHLER3A7
APRLETX3
TE9THTEN
Y4R7XX37
WATTWY9H
3YE3XWEP
T3YWAPHL
XHMNCYHY
TT9RKXTY
FYXFMRA9
EHHEKAF7
WHTXAXAT
7AEN9PAA
AE3Y7X9N
AF7YLM9M
YWN73T4P
XEWWYNH7
C9H3ML7H
H43KHW4A
9KT3CYMF
9T7EMX4L
PYPTKK79
43FHEKXA
MYCL93PF
9YPMMA3A
MCXX4CYP
FNPE3HFM
RNY3E3WY
M9FRNALM
9H4KTYMY
YMFXLLKL
FCF94RKT
TLHMCREP
E4F39XCY
WMAFPNN4
AL4CYMP3
X3C49MFL
WMC73MF7
MF7KHK34
F4LTFW3H
3CA4HXYK
9M4LPW7A
NHEEXFEX
3NHWXFYF
EXMTTR9Y
KW7M7CX9
7RAWFYTL
WPKHAHFW
WYRXHX4L
YR9HF49T
97LCYY3H
ERHAH9KL
TNN3WHW9
9HFKTTNW
MA3EY4AM
PWYL4Y7R
RRT3XP7E
MP4TAYK4
4R47RPFL
PELNPPMR
CPR7CPPP
NCCMEYCX
KFH4PFRA
FXC9KT7C
CN43HLYY
N7E9WRHL
PFCK4R9A
N43RMNMM
9MH3XFY9
MTRPNYAR
HRAPMHKF
PNKWX3HT
PWYWC4FR
MYMLRW7C
7TRMRFYH
9YKARHXY
XACFEEHC
WA7RMN9R
NPT79KLM
3NLKR7AY
WEWTWLYL
CXNPE4M7
RL7FLNK7
4LHXYAFM
RHPWNFT4
NTKNX79F
WNA7FE3K
W47F44AE
7LE4CM9P
K7NLY49X
PKPA9CTP
E3KCYAWC
MXM3THYT
9K7L3AXM
XH37PK4M
7CH7KMTX
TLE9LCKF
3FHHAKCR
WLMTEYEN
3MLRK7HH
H7CPY7XW
CLFW7MA7
FH3ANY9E
LRL4HWT3
F3KTTLF3
PF4M9MPM
9WKEP3L4
YTLCWF7E
LC4YR7RE
4MHKALPM
9L74KEA9
KREXCXEC
TLE3PNAK
YHT339KX
9XM3TFW7
AR4CEM4N
E9RYE4N7
CT93TAXC
KRRRRYYL
CRWEY9PA
MLHE7T39
7M3C7H74
Y7LN47PT
EFXEWRR9
W4T79HXH
W9HAFXWN
TTRYHEAY
L7W7YE4H
7K7P3YCT
3ENA3AMK
X3PAHM4N
9E4RRYAX
N3NRHXYM
EEATX3LH
3LEKH79X
YA9NWXWT
WCLNA7KY
WNMNCMTR
TYN7M4CX
EM73KNEH
3AKATXCX
LEY3LWRT
HTN3RKML
HYERY9M4
PANWR4PK
NCKYPHW7
3MRXHM3X
R4ENX4F9
AHP4W3HP
AP9FXAXP
NCXMHFEM
7YMRNXPA
HEX33CAX
WAH3YAET
TE7CMN9W
WKTW7R7E
LXHCNYPM
7X4X3FLE
R3PWHCXN
TYKF33R3
HLETP7YF
K99KAPMC
A3TXXYF7
7LNE9PPH
7K7E33AC
KP9RYRXH
PMWYCAH9
TF7FFFAL
PT9CNXX3
W7LNLYLF
P7XN934K
EL4KM9CR
9CR4AECH
MTRFCMN7
CENPNX97
XKPMLTCH
XX9CX97A
AF44P4FH
EWTE4W7A
7HPCEY79
M4HKLYR4
NY3L3L3C
XLMKXRC9
AEYCMANE
EEHKCX4P
MMLXF4T9
TRRPTNXR
33HKFPK7
TTWFHLMY
94YXMAC3
4EMXLKHP
XMFM443R
3KTEWXEW
4L3KE7HH
YFEPFFTW
AAKA9FAY
XXHWAX33
3WPF3MKH
CEFCCX3K
9TPM3RA3
KK7WFCLT
EC33XW3Y
EY37WPXN
4EMFXWXW
XX7LAW49
73KN349A
4RXFMHHX
N9X9CEYK
LY43T9LE
EANF7NTK
4AHWTR9R
FLMKHH3P
WKCMX97P
3TYAKPL9
3TPAM3EC
WR34FFAA
4CLCY7YN
YWCLWTT7
MPP9LK3E
EH7K3RFF
H3TPKYWX
WW3YC4CT
CCHTWXAY
KPYN9XAN
XR7KW3MR
9XH37NTF
H3LY4WWC
WTYEXT4E
7REKNP9M
Y7CFFLAX
TREFY9RT
RNY737N9
7WRLHKNW
7AHCLCTC
WA4YAECF
4P3AWFN3
7XCKCMKF
WEWRYM9Y
39HH4YME
YA7P4LPT
LHNTYNXH
HN7NP3MA
9PL7P7PL
YPL3YATP
LLAPWPLX
LRNFN77H
HCKWFAYC
C3PTCEEH
K9H7MRPL
KL4W9KFT
WPAFCE3F
CMYFP9TN
4L9ACPCA
9NHYWCMY
3LECX4CN
FN47MRNW
47NEPTRA
A9EPPPA9
X7F9MFT4
YLT73RXK
9A9R4EWW
M7HYN9WM
KEMMRLT7
C3CFEANF
M4FMLRY9
AAK9NXMW
3RTCKWWT
PPFYWMEN
TXXLAY3X
4WFN9AXH
HAK939XN
FMEF4PXW
WC9THXXA
WX4Y9NEC
F3TR77KF
CKA3HCAP
4CTK7KRN
ECENNLML
3YT7YKLT
YCNY4A4E
L9W7N7WR
A4P7MTP7
FMYEMNEL
N9L3HYXN
YLWE939P
T94MM4M9
CAETAFXR
43TKLTEN
3TEN9HXN
3XRMAH9C
XAWXKEMF
3AXEAX7Y
33EALXL9
TLTP74F3
TAN3P4PA
R4HN9FN7
XPXTXN9P
XE3MYNEX
3EMHTPHL
9LRC73TP
7NW747KF
KX7LT49Y
3EY3LMWW
CTMFENTC
9YYPT39F
MNY3LPC9
4ALAH3CK
3EMTRLMF
LTPWFNKR
MN937RCK
3WWCA3P3
P773PXX9
3RKXHPTK
3H9LKEP7
RATLL7CK
XPML9MPR
MA7YRNTE
KAXM743T
4H9NKR49
YRT3LNX9
FTY7KPWY
MWM97TCL
RHP9WT3E
XY97Y7TF
RREFXLNX
T9ERXPRK
MKMWM4AL
NCCFCYWX
N3CPA3XE
7WLMT3FA
NMRWPH3F
MTF4EMHX
74YWYCPT
CH7XXXYL
4YPWELKA
97A7NHWA
RTFYN4AA
FTYTRC37
W93ECNM4
KNEHXH34
TELFKFT9
ECK9PMWF
PCY49EPY
4PTH3EAH
4ET9LN9Y
3KMLMTXE
HK7CCTEE
Y37YPRRE
PWEPCCAF
N7RW7LM4
3E3HFRK9
REK7CANC
TCHNR7EN
KEE4TFKP
NA9NFA49
XLY934P9
997CH4P9
CXKPKEE3
WLA9PKP7
KWMRMWFR
LKTX4X94
MXM39L7L
WN44AH4K
NMY7TXKE
ERHNKXKL
447W7FE3
L3KWR4LK
ME9K7AAN
KMPFKFR7
K3N34FCT
W4CEMFKF
HY44ENKN
XXMT3L3A
NMML4KNC
KM9YHRTH
EHL73T79
ACHM94LE
K4PHEA3Y
P3W7NE3F
4HP44Y7L
NFYTMNAN
ETRHRLCL
T9HFX9NE
KWT93W34
RTNLT3AE
3R7494CK
R4R799LM
HKTN99Y9
R3XPFMLW
M7EP4CRY
MYKAYLCE
T7KXXTLP
WMLCMKLC
XEAEK9LA
7RMMMR3K
94RMTA9H
RKC3HWKK
7TWPALWW
3FEMYLH4
33KN9KC9
X77LAMLW
FR4TPKLM
L3EWAY9A
CKLPLLKY
N4LKWFMN
TWNNP7L4
CMANX497
3NHHANK3
ATWK77F3
3HLTEPK4
NWMPELXM
AN4RTMRA
KWMRL9PY
WFLLMMYK
RCKENRX4
WYYMR7RC
4LXPHE7K
9RAK49H9
F99493NE
HXTX39TA
H3F4A39F
9W4CC949
4LPMTLEE
XPN9NWEN
WRKMLMXX
A79AEA3T
XYFTE9MM
XRNMKWWX
ATNRC73X
7NR9KF9C
EHCWE4RL
FFYMP9MX
94YW3HXY
M49ACTYC
YE93LANK
KWEW3NNA
RXF9EMXA
LA3H3A3R
LNH7AXFX
A7WE9XHP
4N74TNP3
P7HNRWF7
RFLXTKXH
LXX9KR47
MRKF9TA9
K9NMM9A9
WXLL4HC7
M4EHRPHT
PCMLCFLX
MXR9ATCW
HKRMEHLK
HWT3NC9E
KK4Y73LY
CNLFN9R3
TXNFR3E4
C3XLHYRX
NHEWH4EW
7EP9773N
XKXE9H4M
KYPE74WW
Y4CKHCLY
XKAL4F7Y
EPNMN73R
7P9R9RY3
WTXH4R94
NW7EWCMC
LRMXCCT3
WM4HR93C
444KCKME
CWHWEALW
HNCAPAYN
37YN3L3F
FTKKNLFR
K4CAPAK7
4RKFCN33
ATYK73NX
4HNRRKLN
7FNPETPA
MKHY7CRL
FH4H9LFF
N44WYTCW
LTCALCL9
LMXKN4WT
3F4RCA3C
T3TFF3MP
7NPYFKCC
MLYXHN9N
9LKT3WM7
XNERCALW
XAAMKNNX
M4XKYXM9
WLW7PFRK
RP7XFYPY
R9K9KWPT
KKWKPX7P
HRFTALPF
LRCAHRMA
L4PNFHWN
A7XL4TYR
CEW4EMY7
KLCPWN47
XF73XFEN
TYML9RRE
LAAN4WLM
R7YP43YR
PCN3CPWR
XA43H44C
CA97F9TT
7KECNY4P
KLXP4X7E
47A4XNFP
Y9T349CL
KRL4HAW7
MPT9ACNX
3LMAEMLX
XWEYMFCM
CYEEEYTM
N9K4LM9E
WYLXX9KF
CMCY34XY
AF7PK9TC
XP7CA4KP
FH97WRHW
YHHNNRAP
CCRCW7XY
4CX74CT4
WLFEHMPL
PTHM3YL7
3EC7CNEF
XKN4FWCE
H3NF3WF7
HHYPFFCL
KANYKH7E
XKR4MCTH
PA347TYE
7E9HEA4T
9CY747FA
9PRM9994
AY7XL7WA
EW9WWA9W
M9WA74AY
P3AAKFET
33P7NXKY
9FET9HPL
ENPHKAH4
RT4CATMT
N3KXATEM
94FWNXCL
HC4YFCT7
PERWKMPC
PHYPA3NH
73EMT9K3
EWC3XE7Y
3M3XYHPN
MEPYECTY
W779TEMH
YCMWRRYC
CHEFM4AP
CFLLX94T
LAL3MFRL
4MFENT93
9RLXTXY4
FKWEYY7N
AYPTYHLN
P99KYEL9
A9L3ELCP
KRNRAAWE
PMTWLLWF
LYRCM9MH
4RAAXXTN
TENNKNYY
CA9PYNCP
E3Y347K9
9HLFPKMR
3T9AN9YT
R3MM3XA9
CFP9TT4H
AN4N4LE4
93KH7T7X
R7XX44XA
T4C9XKRC
K4ARFT97
RWMRRNCT
Y3YPHYFM
TLFCRHNF
4ENX7MAW
N7C4KTNR
MM9XAWY9
TXFANX93
E4C94CLX
3AFH33CK
HRRENPNF
TPKMY9L3
3YYTMKAK
4YWRXCXA
EYPXH7PE
FCNNNRMH
KPYYPPRF
9MEANWN9
C3RP3A9N
37HHX3CA
CMM4TPAN
EP4P7REY
R7ATA3PC
KFCTWAFE
WYKYT7A7
TPP43AMX
WTC3HNEE
ACKRTAT9
KHM7C9EA
XLM3PAYA
4A7KMMMN
T9RWY4WM
AAPMNETW
TW99X7AC
MYYFFP3E
MHWAA973
7ELYL49A
XT43AFTA
TCFM3YCF
EPFPE9NM
MRHNKMMN
TAXW74FP
YW9P33RY
FPAEKLHH
AMWHEA7L
LNPER9NA
AWCTRHHE
43F4TKAH
F3XCWFXY
43T7WE7X
ERPTTAHN
FK3FCN7H
74NYFMAT
7XAHTWRN
39C4MHKK
M4YWKRRE
CPF944X4
RXYYY34L
AHMT4ETL
M73RFT37
HNN9MYCA
XKCHMH4K
4FKYYNN3
NFNRWWEY
ER33ATPK
PFME34H4
XMHXRMTW
WF3MLR7X
7HHWCAEN
7XLHWPMC
NWAYECWT
9KYY74WP
RPXX3KEN
47LYTMXH
3MY7RFKW
LCWRHPMC
R9WKNANL
T7TR9HAR
TC4WYRCY
XFX4LHEX
R3RRPXCE
34RTMAKF
9HAYTLCL
HLLFC99L
E4PWE4LE
AALKM3FM
99RYAXEX
9XLFTKFK
LHKXAF3H
377MM37H
3AW4NNTA
EHT7TTLP
WWW3H3Y7
4C4L7YKX
7E7W3L4E
CX97HFR4
L77A9T77
W3TW79PK
PRPK3NMF
HLR7RFN3
9PLERXR3
RRFWLPAM
N7EXWACW
EMWAFWRF
4AT4W4E4
NY43CMYK
YXPKY9ME
YMLY9K3A
HHCPFLYH
X3ALP7CF
KM4WHYTR
AAMCCPTT
EMXKE4FT
4399MYE7
NMM49A4A
LNFKYPEN
T3CCXHY3
NHLE7XF7
EACWR4WE
AAEPTAKW
MCTNCR9K
7TWTENEX
R74KMEKA
7Y7K9WLH
WTLYR3CC
HFKXPTP7
49YTPR7H
EE3HYPKX
PXEMXHCC
WT33XXKT
MNLK7EKC
34PEKYTA
RWYTNCLA
7T7YY93R
CAYWCYC3
MKYFKFLX
A99MKAY3
XA99ARXA
EP4WRLX3
ANN3R34K
LTMRTH4N
RM3K7N7K
R444XLXF
TXNFEAAR
N393YKWN
EHLYNFM3
TL49PHPP
NKMPA7H3
RPYHRPTH
XXL4YTXX
9KTLALAR
TWY44LM7
YAXE949T
PYKTXC3R
7TTN9Y79
W7N4NCTM
PLR9CRPH
XYWWXEEK
9RLLFR3H
RKKKXE4R
XTHEELKE
EYPPTACC
TCHNKP4R
MYXLYMPX
KPMNXEFY
FYKTEKRM
PWKAHKMM
MFNNWK3M
FH4ELLM9
RXLWMTP4
PTPEEWLA
YNLM7XTP
LAMANYT3
3LM9PWC7
PC9WCAHL
MFPFREAP
FMW3YHNP
FCPYPKP3
Y4A7AYKC
W9FYNT4N
KFRAMXCX
NW4YYANL
3KFPL4KF
M7P4YKAN
ERN9MAM9
399LMCE3
MN77W3RM
NE7NLT9N
E779Y3LA
CEW7CRLR
NFTNWLY7
XE3YKAR9
HXACAL3E
4YHMYATN
4NWKWPHK
RT7397CT
YFWKX3E9
LMNEFFY9
WYEWEXLP
AHHTE34E
C4F74Y7E
MHMNLXYR
MKT7MHNP
TACKYL9F
LTFEC7KX
94YKNMHE
9W9M3NNA
PHX7TFF3
F44APHPW
MECFLHXX
K9CFCLC7
3LKWRXMN
YH4A7R9P
TNR9NMHN
MMAHPLFA
HNACMTC9
CLKFH4WM
PFLRFX44
4PC7CLKK
WNTMW7C3
HP9C7HFY
TFN7Y34L
CN3KWEAX
7KLRXME4
C39H3KXW
PHM77WWL
HP7KXYKC
YWHPNCHT
KKXTFYKP
RKYAWCM3
W3T9NLCN
Y9LL7YYH
WAYLNLAM
HCRNAAW3
K3WCW4EA
RE73CYK4
W39RK9RF
KENHTCWN
PEXPK3MK
YEALPCKL
EHH7FATW
K4E49HPY
F3LWA4AW
CHP4PYPL
LYNKRCFX
94PKXFAE
39XRML3T
7HEY7YPE
CCWKEAT9
HRFPFR3L
H7H9399E
WM9RNT3W
44PMN4NL
CM73L9X3
C4AXKN3C
3E4A74NE
3HY43F9P
WFEEMHHA
XPXLNKFC
PYKNLEXN
43PEWCEX
EMFRKNL3
TRK39PTW
LWMC4KTA
NLN7HTMN
LNMAPLML
AXF4YWMK
TM4R47CY
R4PYPYF3
EAP4XF37
FL3AP93N
7PFRPKM7
WXXFMATH
4LTEEW4N
FTPFC4AC
ML7FWT9P
CT3K4MH9
9ENFTNCN
KXXYYEET
L3HK4X43
E4MNARC7
YYM4PYYY
WNPXHFHP
PRFERWM9
R77RR3WM
CN49TPTY
PMRFRFKC
ATYLXLXL
R3FFXXYC
HL77AM4T
ANRA7LWW
A7MPE7HX
XMX37TTL
CTE3CXXR
NC3MXX9T
PK9YYMNR
YK7H7NWX
PRWMMPMN
LFK4LLHK
7FFK347E
7W39HYXX
7F7MK7XP
PTK3EACR
HERKNYKM
YKYTMLP3
RCE9T9LF
TCNM7WWN
T4TF3EY9
7H3RY7CR
NHPAMP3Y
NN3FHKKM
3LMWW3R9
AFAN4XEH
RFLENRLP
CYTKK7WP
H3HMXWKN
FKAW9KER
HTPEN9KM
CEHHWAC9
XRLTPCE3
4LTYANLE
C9KC4E7C
KEAHWR4T
YMTF3NPX
H7AALEEN
L3FM9X47
TLMFEMNX
F9RHEEAR
3KHMKCPN
N4PL9WFH
LFTEH7HE
HMM4WWEE
CKR37C7C
TA73K9RR
FCK3LP9M
CAT9NFF3
WWKYK3TL
TPPTFPYA
XKATKTEW
XRWMT7W4
LXHR9LP3
XC3YK7FR
YFTHMEN9
WTC7TKK4
NFP4FRET
MANNPMAP
KYYRLRPM
FXAHPXFR
H9L97KK9
YLK7EK7E
7PRAY777
PXLNEFHE
NRC4XPKT
9HPCX9E3
HMWEWP49
7XCL3A9C
9XETHWYT
N7AF73HL
MPHPNPPX
NLMPL9WR
NT4HP3XC
FE4AR4HY
FPHEKXEE
PFMK447W
EX774LMH
YFEHLLYM
LLTNCLYP
PP34P49N
PM7HYT3K
NNTLCR7M
W7LR4YKP
KK9YWLYK
FLLEALFF
LYMCFHYR
HTLXXWEE
XKXTXYNE
FE7XY97K
HCRY9Y9W
HRFATNYC
KPFNWLHT
KWW4XRMK
CERR3P4K
HXW3NYLF
E93E9N9R
HKT4PRA9
YKAMWLWL
RERLF9NF
MFLFERKR
HCWMTNLF
9HY7FRM7
EMNMY4A9
WFLNXYAC
PT4AFMFE
FK7EHE9R
CCR94LPA
KTYF3AYF
XY3F3ME4
9PK4KR47
7LKEXXHN
9C9RFMEP
3KFLFT3T
RMHA9XLW
LN9WTKTE
W4YRK4W7
TH3XWHKC
EKALC334
AM9RHFLC
XRAKLTHR
LHFWLAYH
N9WKPKY9
P94NEECL
97TYCLXM
ELLHKWHC
F39EN4WH
3HYN7TYM
HYW9E4FP
XYAWEYXK
L7ACKW93
FLWPTF7X
WT9A339L
4RYH37NH
7LM4WF3A
CWLRLF3E
RKH9KWLR
9WKCXN4E
KH7E7R7Y
PMRMHMPW
R4NT7TLP
WXWCWPNR
Y4THTEXC
YKR9X3R3
WP47LW4E
WC9ECTNF
MH3RFLF7
ALFTK3FP
3P9AKWAY
TXWPCLYC
NH99LHRF
FH3XXNYK
NXKY9KCP
M3HLEFNW
TKNMMNEY
P7W3PHNX
9L9EPEA4
K4XT9ERR
WM4LC9AC
LAX7NCH3
TNWFHWP4
MFETTCAK
WHYLNTFY
9XEFF99P
TY4PEXFX
KCYF7E73
YNKKLLRA
NFTFEMPA
YFTMNMAX
MRCHXA3K
C7WHMPRF
7PRWNMPC
XFXRNXPT
PLX3FN74
4C7CNRA7
C93FR4FF
ATWXWRWR
HYFCANLT
CCH7P7WX
ATNT97YW
HY3KRW3L
C7MTRHTN
P4T3MKAA
N37HYKMT
H99FF99R
WXCLHMXA
EXMKXKCA
LLXMK7FF
EY7FNRRP
49R7ATKH
R9RAL43R
ANMYPMNF
XKLPLY9R
FMPWLXFC
4MWYFFNX
RXP7F4TM
HTXPK4NC
PEFLYWE4
PPALA3PN
9FWPF7LL
MLXCYLMN
YERC43FA
K3NRYY4M
7L7MECHR
PN7EMHEX
FLLETCYY
XACCCLXN
RRXLW4E7
NCYNC3EE
LRNXX7YY
97W3ANCA
MLYLW7RY
337F4P4M
AWTPCAL3
R3HHCAAY
YLM3FX4H
PMRAKXH7
H3AN47HP
PTMYWM4P
X44YLMT3
AMEAALFW
YMTTWK9C
X43TEYY9
KXWNXWY4
WTL3NY3E
LCAA4XYH
7XH9P3EA
K3WYKWF3
LC3YYRHM
XARTAA9T
AMEN9ACA
9T34H3TW
NK3KCFR9
RKMKR7NW
77FFYNAE
WHKXM7AY
LA49CFC4
AXR3XTNA
4XRH47TA
LFC7PCTW
CKN79CT3
MPTH9Y7T
7RYPKCAM
FNE3WC9W
A3YTPXAR
9XLK9LMK
CR3NLM7N
XFYRERFM
ELTC7WPX
3CKTEHHR
9HRXKKTM
KYKYKNPL
ALWLY9YK
CMMT34H4
XWKPAWY3
4HREMANC
YCXCXFFN
RPNRFMC7
YFMP7LFK
TWXXMFW7
AKLMNMNA
E94KRRRL
9TNMPEFH
7L9XTFL9
R7HLXK9L
4FRE3YE9
TRMMCMHE
HENRMWNL
7A3THEP4
HCAKH3YN
LHNFYAH3
RHR7PPKT
REHAFLK4
TWCRHHRA
FKECM4C3
KXMMRXEW
TAWK4X9X
4KPEHNXM
WFFYCYE7
973RYME7
KHKRRLWT
FMNH9LYR
LHPPLX3P
AFACMFYF
HYEHYMXN
EYTP7PRL
M77NAPHL
TAX9CLX7
MCFMXLCT
3WAP9TPC
P9LCM9RL
EXCECYF3
LX39LER4
7RMEA79F
KRCX3L9F
YW4EERY3
M7YRTPAC
KX7N4WWL
AKH77KRH
C4PH9HXM
LLRHXXT4
4FKANEPP
CNNXY44T
FTCACHCA
T9FL4FAF
RATEWNNF
MM7NXECY
MPWPNFRN
F99NYRNE
N7HNMXHX
Y4EPFNNH
PXXL9R4A
CPCRTPA4
4YH9LYCA
ELM7C33W
TXELYWK3
N79YLRL4
TPN7LFYM
YAKRTX7N
CWCHWWPT
3LX34EHP
43MAXLYY
49KKC3NP
NF7349R7
XHEN4K7M
TPWNTLN9
LXWM7T94
L9YLMRLM
A39WH4PC
WTP4MT4P
MT793HXF
NNLCLA9K
H9XHAANT
HNAKR4PL
4WXMLLKY
LHTM4PP3
C3TF7MEX
77KFNCL3
FKE3PCM4
ECAPTTWW
LNYYCPR7
MMP9TMCM
L3MKYT9W
HHTMTLER
KPLYN4HC
MP4FCRF9
XT4H99RH
7RXWRPKH
WE3R4XKE
X3CE7PFK
FFTAMXMM
K7ECH93E
ACKMTT3X
EFNCCMYH
H47PN4KK
XWXFL77P
NK7XKEFE
NTMTAMX3
HPPFAYPW
HAN7LYKK
CT7X77HM
HAF9TNRX
YRT7WHTT
LEXHP9C3
LRME3KRT
WWWPCAER
3RKCWXPY
9HAFFMPR
7CPA3FAF
N7HH44TP
KKMNKEYX
7YYL4HLM
TC3PAXP4
CCWCK34C
TFCTLPEH
FNNKTWEL
YLP9FHXC
7FEF3XN3
CYKTNPNR
YXE33RTE
3KTMACAF
MF9LERLM
HTKEE47P
RX7XCANE
PKX9HL4X
EAK9LMRX
AYAEANHN
3CCL3WCE
RYYAAHWM
4N9ECMYW
3T4APMP7
WT44FKLH
X7PAPACK
KPAPWRRH
HENRKR9H
HRANNW3W
MFHTTHTL
ETPL93KN
AC3WM4EE
YRXANEHE
4FHW3FCN
4PHFEXRN
TPRNCKFM
EHKAH4A3
K3FK439N
KPR7XNPA
TYMLPNAF
AKLX47PP
KP7M499F
EXL4CP7A
XT4XKFP3
39NFEA7P
7MM7RAFA
HTXKA3TX
7CPHNLRE
YL4XLNFA
CYNMPMRL
7LMH7MNY
CAENYCWF
7AN3KFAP
MHN4CW4C
K9T3NMWT
PWAKFWMF
7AMMF9F7
T3AAL4Y7
EAF9RW3H
RAX999LP
3FPFRCP4
WNENNCTR
PECLRAY4
XKHHH9EH
FM7AE4WC
YAFFA4C3
4T73HXFE
FHHECF4E
ERNWX7HY
ECF49NEF
L3AMECFA
M3YA9TCF
M33M7PCM
CNCTPFM7
MCHH3CP9
FEW3FRPN
KTR7WTHP
7HLT39EY
ANFCX7MF
WXE9NFXH
MCA4KWKC
EP4RCLMR
ARLFCHPT
NKHRNRET
939NRNAP
NALM3A34
4E39MNYL
TRP7LRTR
TCCL39EC
YNPE3YP3
YFEXRMXT
H49LT9C3
3TW7P3FY
P434KMMM
FYERMPM9
CKPHLNTX
CK7XPYTX
9Y4FWLAN
3PMXK9CM
ANCHHMPH
NLC4TLKC
CCMEMHCM
NHL7TWYW
RFX44NNE
9TW74LTA
TFWKPYAP
33N7KEMN
WWT9E3N7
YKTH4HWY
W4E4PELM
WYNANNP7
XMPCK3A4
W9KR4CCX
43M4TRHN
RELK4RRH
MYTM4AWH
HAWK3A9Y
MW97PWCE
N7HCMECR
9HK77RFC
WKH9TAX4
YNHH7YTE
LWARYLLH
4PYYC9HY
YKPWCXY9
KA7FXLEH
FMTTFH9M
4FHEWP3W
9LNNPH34
RWMFM7X3
7RKWX7KH
HPLNYFKF
TPA7HHTW
44F4MFA3
T7RXNKNF
XT3PKYTT
RFYA34AN
9N9NHFTY
EYKLRYEK
FNXCR9CK
RH4YRHWM
9FN44N7A
R3RYTNA9
F7EF7WWM
AC7FMYAC
E73LFNAT
WPKNTXCN
L3RT7AME
7XYKPAFF
CKL3PPWY
WHXY9M9L
FFAFXWCY
LHF9WY7T
KNXFFNLT
PKENKFTL
MYNKWY9K
MXRKTM73
AXHN4MWW
7M3KF4AP
PFWE9RYM
A3W7LKEK
TA7FX3TY
4CKFKHCX
FHYMRN3W
EHL7CH7T
L77R9NP9
7LA7PRF9
MLHTATY9
KY3F7NAR
73Y7XMMX
L3K44L3C
79P3EP9H
EPAFPP7A
4H7EEKCN
CT3CN3MH
7CLPTE44
NWAPFAPP
ARRKL9PR
MTCYXKCF
7YHXL4HF
W4WAEHTF
MPRLNKLP
RFTE3X7C
TPH3HXR4
W4NAFE94
RTNK49CT
4L9RNTYL
M7W7AL47
KFKF34M9
H4AE9CHX
HXP9XEAC
9AHC99MT
T7KEK9EL
7LLA734P
CWFM3EW9
EW4LWYYE
4FRLCXKH
HLHL3LAP
LRCXLXA4
97YTEHAX
PAHHPKXR
RWPH3H9M
P4CEL7YH
F49TWYRP
9AXPXRE9
AK4MRXT3
KTPEY734
9MXP3CYC
7H9PXA4W
HYPAM3Y4
KWPHKTA4
343WYFHA
CFEKC74L
YTFWNH3L
PRAPT9N4
HYFA4MTK
3LEPK3C3
XEYEYRRX
7HPPR9P3
HHTCTKXF
94WRHKNC
4N3PFWXY
E9PPPL3R
7HPMLEW7
E7MTEEWA
KMEMXAKL
LFNMEMPT
9LEYY7AF
FXPLL4EA
YPYKK39C
3N3LX3KE
43THAHHE
EKYEFNFX
9YAMYKYH
4A9KMYNA
HAFMWFM4
3LP7CCAE
9MHLKKNH
3TXXPCWR
M39R4A3X
7TYRPR4C
KX3HAF9T
KRM3NLX4
F77NM4AL
7TANKFWY
P4MEAWWY
LXYA9HNM
73RLTN3P
YMT94WYF
TFMTE33W
N93CMPF9
EFRNFRTL
AAYAFN7K
34FTYM3A
XHLXKXMX
4WMEPFLP
3NKNFPNE
EM4PTPAY
X3KWPTMT
PNTMA4A3
HRLP3HEN
EWK9LHC3
HXP9RX74
H44ENX93
HRTPNKPX
X3PNM3N9
MXCPR7PE
94E9MT9R
AKHWHRWP
W7XNXMWR
TEXXYAWT
MEAWFWY9
P3WNLAFN
L9LHPPYX
TF3XNKCX
Y444PA9H
CP93KRH9
AXNTLNCY
WKTHXETX
7PYM44EX
TP9FTPX9
HLHACFEY
AKYPRYNT
W7XW73NE
3NNT4WKA
KWNKHTCE
XEX3A3TH
HCCXY9KY
M737C9T4
RECE3HAH
9PR7XCWE
7F33MEHP
FATKHTT3
YNFMXYHE
Y9N4PLW9
EAKAT3FK
44RNWLET
NKTWTMPH
9FC7E4L9
3KAKM37A
XWL3F4RA
39XA4C97
LY4NTYKY
H3AW4TYC
M7YYWTTE
YFLXYWXX
APPRXCRR
NF3HEMRY
EXHNEYWR
FKRN9KT4
M44PWN9A
K9W3LRNM
XAF7YNXW
FWRHFRTA
RN9WH4HC
CCCYFFKX
TKRK3HFM
3HWKXTF7
7P7A9XYK
XM7334FA
PNCAAYEY
ANKLYRHM
Y9YKAHAW
XYYFFKT4
H9L34RCT
FFWKN3YM
XXC7P77F
KF9TNAXX
YC7YHCPC
4HF4PF33
YLR9N4ME
YR44TC33
H3AXFF9K
HT3ATL43
97PNH4AN
XCCTM79X
33WW99N7
EERA9PTE
NMLE4MYA
PCEYLHL4
FTYKLXMN
7773YAWW
PFY9MP7R
CTRCWYFY
ELKFLWTR
C4WR4XEK
CRN9F3HH
XLL3TKWN
FKAKH3TF
3CYRMLFK
K3T39EL7
ATKXCP9Y
XCRCCEW9
LWPKAREP
ML9CFLEY
AEYEXXX9
49WA3YLA
L3YLA9FL
HCLEMWAT
ATMAHM3M
X7M9N7R4
HMXCHPCP
TRXM4MMC
R3KM4TXP
EYT3HKWY
ETTL7YRM
7F7TREPL
KXEWKE7X
HFRETKYP
9CRE3TWM
KNPMMEFK
W3H99A3L
F37AL4XC
HRCPE7PE
W9M9WHCK
WWRKAHT7
R7FXLYEX
LT9CW4TC
AYWCC7CL
NEFNTKFH
TEXP3WLK
XLK3K7NR
RRXTXXFR
LETK93CF
YHF379CF
797PFACX
3CP4T9C9
3WRF4Y3W
AN479WWC
EMCP7FX9
7CFFMH3X
9PFKXR9R
XCH3KALM
MLEKW497
EPAYHF4X
3XYRKFAR
L4A379W4
FCFKFNTT
MKEWANHX
WXKTPWH3
XPCXKW7T
9Y4XT7RC
49KAX7RW
LMCT7N79
R93H77WN
FKHYH7PE
R3KCFH43
3NLW9MLP
ARX4CPRP
9KFFFNWX
WYRHNRLN
4RCEL493
A9N9CYM9
3W9C9F99
7FNCE4CH
NEMPYKTT
KYM3PY4C
3FT4HLA7
LWEY4AKL
TE9PHE7L
RXEPP4RP
E3RRWY3P
CENLF7E4
AENP3AEF
99RF7RWA
TACPLN3N
P4MKAFWL
HA4A9E3C
L9TMK3YW
AYE4MPXT
LYWL9FMX
PT7C43TR
APLYWKET
LCKFN79N
37KEXCHK
XF3XFKTE
AAMY7PKH
TRW3FN9C
TRRTAWY7
KPC4C9YM
KXLNTYT7
XAE9T7NN
4HXCKWRA
34NY7HN7
W44NE4PN
MW934CCP
KFA7XH74
C44XE7YC
FAPFCMTW
HRH7AKCN
NTXREHHC
MTE4WLW4
3X3LWYP3
A4YK4CAL
3FKHCFMT
CN7RRHAH
HR9YKL79
XCRNN49L
RMR7AL7Y
RYXNWCFM
4YNEFYHC
LA4FLF94
RXNAANK9
FPLNHLKL
3C9EC9TL
XKAKNWRR
77LT9FK7
M4AYLK3L
FWPLTR77
AWTKMWEN
4P4Y3MW7
NKYKMMLL
N9XRERTH
WXTRHNTP
Y3N7XEM7
YWYNRM4W
LKC9YLXM
E9TFXPR7
MPLCPW4W
E7HMMY7C
AHXHCWXK
K7339ERM
HKAMMF3M
KEEC9WT7
YY479MX7
WKWRHKF7
YRN9PR37
X7NYW4RX
RMFEL7PE
PXLH7K9L
7HENE77P
WP4LF9N9
4MKETF7A
HN49WHTE
AWYWCA7N
K479X7XC
YMHETYTC
RFKCKRR4
TWPAXC4E
FTKWFX7W
EF3H3Y7X
9TEYKLWL
T7TMYX9H
RL9W37YK
3LPWANKY
RPLRXECL
CRME3LCA
RPMRLP4W
YNW7ACRF
4M3HCENE
WRNLCPKL
XNTWWM4E
3HCFWXC4
XH4H3HKM
PHKRNYF7
R7F4XCE9
X9AATALY
AML9E9F3
7XXYA7AX
FK74WKEW
AM93KKKK
9MM77HNL
NTTLXKXE
YPCYAMMK
KR4M7KFL
TRTFL3PH
AXHLLNAW
4X4L9LR4
7MWPAELA
XKMYMRWY
HTMKRWCN
99MNF3NE
TF9M9WLW
RKCHWWT9
ACHCHRNX
3TKLE493
73PX343M
3T39FXAN
PLY9EMHR
XWCWL4WR
TYAWLWN3
TWKRCX7X
TNMT39CM
XEYEELYF
YKCAPKCT
TFMYHHYW
34LACNCF
MMPCN439
3WLXR33H
3XW9MAMK
7LEMCR7R
4F9HN4Y7
WKEM93W4
MYNHHFXY
9LXYHRMM
PLTCNEFC
RFYW4NKX
KYRN7F7W
WREKR9HP
HAX9YTN7
N9N4E7FN
77KP3FEC
37477XCK
A9R9L4MC
97KCWFL3
43TA77AF
N9YTNALP
3TNEKPT3
33YY9TH9
K777XFRE
FTFTXFX4
KHCEYXNL
CAPC9FT4
AW4RK3KC
FXCL9TKP
M93X9LF7
KY79CERA
33H99N74
4C9M9WXF
EXKFMKCL
FRXWP3NK
4KF933NH
NHMEPL9F
EP9NEFAA
WMKWLCMT
PW3TLTE3
NPMFKLTH
FELC3MH9
PTNEWLK9
4YFCWTYA
9EE4PYRT
34TTRWFA
R43KCNCA
F4YRMLA7
YRTWKWTP
YFNRE74T
A3EEWPCP
ETYM93KM
3EXRT9ML
PLLYM7RC
ALEPH7HN
TL7Y3A4P
4PF94EC3
433NKWMA
ATL447TP
4LEYYHCR
NFEMYYNE
THTYRTT3
3C3NCWKP
XYKLXXLR
KPPRR9TA
FRA3XWCW
R7F3EAWW
9AFCPF9M
RLKYX4PR
4L4NKCCL
A7AHWH4T
HYARF97A
XFATPKK7
3NXXTXK3
7YTPNNNF
3MCNX7TA
4EP79KMN
AFHE9PXH
7CRH7RY3
PRNKPWWH
XTKY4WRL
PLEELY3C
TLW3P7N3
ENNKXK9P
7MX4FMLF
PLHTACFR
CKN9PHF3
N7Y43MWN
PYFKAM43
RN73A3MM
XFN7RH4H
FHNNWFW3
XM3N7TWN
W3EF9WFF
LLXT7E9M
XCXFLMWY
PX97NLMA
YPYE439P
49L99PH4
X7YPKYPF
NCYAMLEN
RH7PA9KX
7YEL3CCR
4WFX7MHX
LFXFYREX
PW4PWAFA
AHLWLFN4
9NXYF94W
WTM7RKXH
3THP9R44
FAAPFYAW
7YEYFW93
MLEHR4FL
EMRPRENX
WANY7PRA
WRHTYKCF
W7EW3RNL
9FLXTL9E
NMP7HCNY
TPRYHPPK
LMLCYTTP
MA9NLAC3
TRTPNYF3
NKKPFA9M
H4MK43KX
33LL9FEM
CC4YTPC7
Y9RELR7P
AYENWKTX
EMFKCKYH
MXKW9YAM
9XRTTRMR
CL77RK39
4NW9XM44
M9P7AX7F
7AMTF7CL
LH3WFNFK
YL7L3KXA
CK33LNKC
4RLL3W9Y
TWATTTYE
9HA9RKM9
TAAT9C43
AA3A7W4K
R39HE7KM
97TAMYM4
YE3EEAFP
MWMH77YA
7X9P9WWW
K97LFKE9
EWFKCPXY
4PPPWPCN
9737EY4Y
RM7PXTLA
773FHP7N
CE3H749T
ANT4YPC4
NWTHFCPP
NF74ALH7
YTHALPHY
HFRMNAML
YWH3YHKC
FT7TKKNP
WYNKA47N
7YXP3LW7
PRR7LHYH
7REN4TK3
4CT4RKCL
M3PWA3PP
PCNLX7YL
M4A3MW3T
EYHLCT3A
347WAFMK
7CC3PCPT
MT7A9WMP
KF44EXLE
4RA3HFKE
9KAKYNLH
HMMW3ANP
P37RC4YN
4RM4C347
XPRFYN7L
EWE7YCM7
K7W3PTAM
MWFHK3F7
MRTA3K9F
E4TRCEYF
LTT7HFN3
4CLRPF43
E7KYLECY
TCC3Y4WA
METHWY4X
WW9TLFC3
TWAAAKCH
HHENXFA7
A34N4W3P
RC3C937M
ALWLW7TK
PPY7FYR4
RE77TMN4
XTX4LHW9
MMN43FCT
EXMPRMPR
9TE3MPA4
4RKCYW9F
MXNP44NT
HFMMHETP
FFWWAER9
TAYNNACX
CYR934NY
3M44FRK4
E7EPAPWP
WXPE7CLX
7P3CT9M3
K3Y4C9AW
4P9R4YMT
3P7HE3PT
4FKXRXF4
NKNFHRNY
7CYNF3W7
FPTFE4XF
YXLCL97T
YLAMLXKH
CXAYYKKY
EFMN9AAH
AMEXMPYX
9HF9WEAH
LFYRYCWX
YWAYYCAF
A9HX37WE
WEEFHWTA
RLXWX799
AKCTANLC
YAFLT4CW
4K7RH9L4
FCLKR3WL
7MM9XHAW
RRCHEH4N
TEHMR4YR
YFY4KRMM
R33LNWAX
CK99WMNR
R4XXXN9Y
97X7A9YE
FTYTCNH9
44XCM3KT
KH4RANTR
ELMCE7XN
3KP73N3C
FX4NMAMX
TFRY4PYW
PAWXAXCN
Y9KMKCPE
N7FKLKEN
RPTKEHCK
9HMRLXEL
9TWRTMCF
H7NKW37X
T79K4MF7
W9ENHHNX
C3R9TL9L
ANA9YPT3
LAWEKCT9
Y4TY9MY9
WT7HRLFL
YEEMFNRX
7YXE7XMA
4TM4WHWN
XCC3P9PL
W999LAMK
HEKAXKL9
7FYKTPRT
R4LFYLPL
CWYXPWEW
HEMMAHLP
PLRWNE9E
T7X3XMF3
WPPACLT3
Y9Y4MYCN
LPT4CKLN
AXXATPH3
ELWFA9HN
C499KK9E
3AHAYAWY
Y9EE44T4
FXEXCHRK
RNRCHAR9
4RA4RC9R
LLMRWFW4
MCKRKL73
WAFTWWLT
K34NLEN9
3ERRNKCA
RYLMNY7M
4ALW4H3P
4K3CL9HT
FRKMMM4K
93M7XEKP
WFF3FPCM
YE79XEFM
K3TMHPXE
PNKPLC7H
PW93PR9R
XKEACTK9
TMEA3EYF
X3CCT3LY
TKKN9CTF
ACHNAMNN
P3YCTWLH
XPHWLKNH
FCCRK9L9
XPANNXXW
3FPFYKER
499MP4TX
CELXMKMM
TT9LL73E
K4R39TPA
44WPNF4H
4WHTMANH
WHTWCKWK
4AYLAPRA
H3YMLYML
LWLWXA4A
L9ALMXFH
FA4T4NF9
CKE99M33
X4FTKLKW
NLL7ERLC
NTR97EYC
HRKM9YF4
KY94KRMH
TTN39T3E
YPYY49PN
EP3WXPRE
YKRHNRNK
33HEWM9F
FTAL4RAH
7WLA7KML
XMELWTPW
X9T3AFWF
4TEMAPY3
FMLRXCXK
KXAN9R3H
N37MPKTF
TX74XW9M
HR733RRM
9ANNYKKT
H4FYC4KL
H93MXERF
MCLXN3XX
XKCRL39M
LMTK7FRX
PLMF37WE
FA7YWFL3
9CRFN7EE
739CFNHR
FM47443M
M3PY9HMT
WFRFL4MH
RFRMLLWL
HEXCH9WP
A3ME9XLK
TF974PWP
FMNPRME9
TNKN3EWP
LRCNW7KK
TTPX7KEA
MXR7K497
RM743497
AKCAMWXE
7TP9NCFA
KA99CWWK
WWTRMNP9
HFCKHKAF
NM7MLWPF
N9ANAEYW
CNMWMXR9
WYEEKRMK
XAE9FYNF
MHACNTYW
CWTLWPEL
YEYFHFHP
REHN44RX
F3EWK4RL
47AM37L4
493EFRYT
4NMMNNW7
9LE77W4K
7K74RYTA
XHEEA3AL
WP4LNPCF
9KCHPTM9
RYWAN7L9
3CE7HEXP
FYARNNER
T34KRAMK
EC3WERT9
3KT7YLMN
YYHWCRE4
PHKKT979
Y7HLPX3H
KPWN7NKH
AR7F7LPF
E3LFEMC9
NRWPWKCP
9C9HMK94
CWFH34K7
YT4YWNLM
M7HYX7KK
K7Y9TTFW
HH4XLNMK
C3LPT93K
YRPNFYXE
3HFT3H4A
HPWY9NKF
YHFPKPCP
KL4YKXPL
PW43TLPE
Y74CKXXP
34C4LTRK
FFRR3FPA
4RX7NNRE
FPT97M73
XWKLH7K3
79FNHKKC
RL4TMLAP
XAAXCR4Y
FPPCFFHX
TEYRW3NX
K9EKYCAM
KPRAPATA
KHH4KELT
LYELFAHA
49KM9R7F
TTPXEWLX
FPH9WP7X
HHHWALW7
FNC9AT4T
E7YXTP3N
PY33R9NT
MLAHMFCY
4KA3PAWL
L7MNRKRH
7RYNELRR
97APC7XT
9LP9HXWP
F9FFFFW9
LYWXMKHW
WHL7KXNT
XXY9WXY4
FLMMML7Y
F3WLMHAC
XRFYNYP4
ATHP9YWY
XNHWHEK3
NLYLFY3C
3CP7P99X
PTMK9AMT
YYCPWECH
ELY97CLC
34KXMPFE
LPXCXLPX
AA7PYPNX
AN7XCFCF
47MC74ET
HRLLCKAR
4WHLAP7C
CRMY33L9
CYKMANLF
P4RCXHWK
KHXPF379
TCMT4XK4
KF799ALC
KWLR4H7X
RHAXLCW9
9HAWH7LC
HRMXLXPA
R7MNE9FF
YEF477K7
MKR7CKCX
CEXYE3WC
PA93CHHE
W7N7AKKK
NWKC99TX
FYME7NFR
L7LMKPMF
PHAKMTEN
LNXKWX4E
WE7CTY3R
4EX7KHLA
EAWW9T3M
CN9TPRF4
3HLENLEA
3YFKYERE
CNN4N3RN
RTMNLAEA
MNNLA9RA
HYCXM3LH
HXPYXR7H
R9T43ELA
LMCLKP7C
AXTHMYRW
EF3RKCAP
H9W7XERW
HR3XWYAN
YR7A4F4W
E4XCAHCY
A9PHYLHN
TMLLKMF3
RN4KE7ER
4WAHYEXL
3NARH7RF
WHFKN3CP
YW3L47KH
TKEMF3NT
PEPC4HNC
XYYANHCC
CLHPCXPX
7AKNTLEM
PRYYLNEK
7LXAMAEX
LCTRAAH4
3M979ATE
TPE39ENA
HKYM4XHH
EAMAMLLN
KPANPFCY
CERX9WNP
H34NEXT9
LWP4EN4N
L7CKM3W4
T7W9WYTR
TNR7LPAT
L799PFTX
X33EHYTT
FPWXXC3L
HW4T3LLR
NYTP9W74
AYKL9HLE
XCCEKLMN
N3437WRP
PWMCHNTK
YWEAPLPL
YWAFMA3K
LK7XYCHL
4Y7WCTLT
H9NMTMAW
FHETP9Y7
MA77KMHR
NKA9EL4P
HCL3Y3LH
XNCH4Y37
LT73EXYR
7KFRHRCK
KLHXNFE7
F7WMRYW3
F9T3KHPT
TRWML9ME
X4CNCW7R
HRR9FPKX
W3XRCXLR
4PCTNMNA
NE7HNPTM
XPRLFPNR
REM97FK4
X3LE4MR4
CTRCWRF3
YKMET37A
ERTK7XCX
PTNR3TMK
PX9TX4XE
77MEYECE
3AW9T7L3
HHYFH7T7
N9YPKENA
NCE99FTT
3933AFCT
3FLKEEXE
3HENCLEY
TMYWE9LT
LWHAE3MT
P3LXNWC7
MNX4KA9Y
T79YKC4X
XCKKH4RE
F74WTTLT
HMF4MAFH
XXLRHTPK
YCEA4CHN
A7HRKATH
C9EYYHRP
WHHKPTRT
YRPPHTTE
CLMMKTW7
CEAF9MT3
L4R9RRF3
MNA3WY4N
MHCTLMCP
YFPWCP3P
PELYLP9K
PEWWWKKN
9TPCLTRH
NRPTPAL9
AKNA34NA
4A3NLWMR
WYYHNH4R
X4LTAWFY
MYF4LNHA
HEYTTA73
Y4T4WELR
9KE9HHET
W44AMTMH
X79CXHC4
CY43M3ET
4FRAMNRE
74E3P9FE
TW9TKRA3
W4WCLENE
EPTY7YCT
99PXLT7N
YMMXMLER
TXLCNNAH
C4A9LXA4
HW9XTEY7
XY77YX3A
MHTAW4TM
NL9PMKWL
HMM3XHMP
REXNX3KF
KWRXXLAX
RHXKPC4C
F9FPP4CC
4LR3CM7N
W3PAXFTH
M7NLRAN3
4FMLKP94
37CL4RLX
CT4EXW4P
9H9RLW3W
MEXHWT3F
HETCH9KR
MK7TMTRX
LWTL3WFT
FM9F4EKT
NXF3CEFE
E4WCYMYN
PNXW9FX4
YYFFH7RM
MEF4T7FL
A33AFL9W
7PXC74CH
K3HKCENH
ACFTFHKF
4T4AYPE4
NF3L4R4W
CP3MFLCW
YNN3KP9Y
7PWHX4EL
9C7R9CK4
HAKXMPAL
L3WH7KRN
RWAYHXYW
YFRWNMWE
PMPX9443
7CMHLP9N
LLTY9WMX
XX4FPXW9
LF3XYAW9
PLPNMWFE
FC3EYL3A
4MC4FL3P
KX9MR7R9
K9F4P3TE
MME7A3LC
N7LMT4PR
HR9HHLHK
H7T7Y3HM
XPR4PXE4
W74RXXNA
HMAMHTYM
9MATA9HY
FCCTY43P
FM94XW74
H9PAE3PT
9YHX4MF9
FN7RYR7A
CFK9T7YN
CAANLT4X
PYLNHN49
MTRKX73R
TRPLW4CX
HLWKELTP
HLL3FCK9
RLXFW47F
4994FTNR
KHWAAENL
FM49KETA
TAM93FW4
XKCTNLX4
7LLWHCCT
YHXE4RN9
R9HA4RAN
NMNY7WYW
A39F7PAK
HTWNYT3X
EERRNNX9
FYWFKYFL
T44EHPA9
KY4CMATT
MERM9M4P
W9P7L4HM
KH9NT9CP
9ET77Y7X
PYMCLNAR
W7XHC4WY
3TTP4R39
PHL4CPCL
L9M4T7P3
X9TFWTKA
74AKCTKP
9KNYHPML
4KECWXMC
LNYEE443
FXHXL3YA
CNN9MA7M
NFAC7NPT
RATNPN7W
FKLALRK7
F4HTWPLR
T7HYYYKK
AFKE4HLR
CXXEPEPM
HLF33CE7
MCHXNFH3
WKFY34CL
E779RN4E
LWMKHT7F
EA4AHCKK
YW9K9NKY
FC3LKF9F
MLERNRPF
KXH7HAX4
F4AMNA4P
CPYNRCLH
NFYL9T74
7TXTLKCM
AYC47YPL
MK9RN73P
PH4CARER
X9CKRXM9
T99FREAP
LTHN9XAN
KTCLTX37
3EWY7WTC
9MTM3LNY
49CFPEP9
7MNNR9EW
4F4KCKTF
C9HFCL94
KL394NNE
KYK3AH9A
H3KPFC39
NFEEKYWM
FE9LA7Y9
7ERPLYN3
3Y999LWM
Y3NXPFE7
TWECHA73
TTKAPL4M
W74KXR4L
FL7EM999
H4NPNRFN
ELAKH37H
LPLPHWNF
EHMR3TYX
MXRRKRT3
CY3EM94T
Y7MFMYLL
LAPWLXPW
49LL7PPC
Y9YL7NMK
LXYH4LT9
LHTFR7LE
FRYKFMEP
993AA4E7
4EEP74KH
C3Y3T39K
XRCMMP79
PAYLAWLC
FY3TFRER
R4X7CEFR
3M47NMPY
7TNCMKTF
RNFTA4LL
P4AXXE4Y
CAXMMRLR
X7EYC4EL
FANXA3AM
34MMT9FW
EFFPH9TT
CMHH499F
H3NYTHEE
7K4CT9YY
LKEAY7MN
PCATWH94
HXRFP9KN
3AMNYYR3
WNYNYTEW
MWYET44N
EXM4N4KP
7LA9ERK3
KK7994FA
XAH34YL9
4LLERH79
ELPNM99C
94LERM9N
WNPWALAA
H4E7LCF7
TR4TCKPC
CT7XMNFR
EFKENEFC
ALNTHRR7
TFKRMEHK
AHER4HTX
T7KTPE77
7N77CA99
FPCT4FNA
RNL9L43W
LHKXTHLF
TYY49XA4
FM3A4KMT
MAL7ENEM
TRHRXN3N
EP73TA4M
EY4CWYNA
LPALYRHN
RXL3E3HC
ALLATA9L
ANHLN7RY
K4YY4CYW
YFTLLHWR
FKHLTNCK
CK9AAFFK
PPP97FA3
CEEK4P3H
NRKF3FYC
ETTK7R34
MLLX4Y39
KLPFHFXW
TFEWC9NX
RMXN3ENK
7RWK7TAF
FYMNXY3R
3FKAATFP
TTNE93TF
9RYWKY9C
H93P39WY
ELFCYNNW
4TCT9CEW
7LTYACXX
P43L79CY
LLM9NAME
77FLTKAY
33X3WNHN
Y4YTXHXT
KAHHCCXW
74AK9HNT
E9MP7AA7
4EYMYL39
T9LAW3PM
HRXEEANH
W9YLPP93
AK9HAH3A
YAALMPHR
FLLYXHFM
MLPYYA7M
ANFTWE3P
9CNXAPTP
ENTTXPAW
WFXKTXNX
WM7EW7NR
7WRT9E74
4MLN9XKM
9EWARP7W
KNNXAFP4
44AYYYHY
7N7HWWCA
47K7PP4A
YMXKYATK
P3CTKNXE
NYM4RCFK
ENA3NNK9
FYPHM4HT
AAM7NNNT
479PKRHY
PPRX4M9P
3PYP9HPH
Y77439H3
NANEP99X
MEHM44LT
LFYEFL7F
TY44NAYK
4THFRYCN
EHR7HT7A
H3PXAA47
MT9HRXYP
LTK4K777
K77MC4TF
CAA7LX3K
4H4HYYY7
RRTL3FWA
PRNHWFKF
3XYPWRYH
C4WTP3TW
TKR9RLFT
LK493WAH
F4AE793R
9T9WC77M
4C477NE4
E7CKA7XK
XNHHRY7C
C7E9MHFL
AN7FAPXH
WTRLYYR4
PTLCTHW3
E4W34FPR
HYNCXNNW
HLXPHWPT
WCX7FCFY
AP4LHXL9
RETNT349
AE9HTNCL
MR7AEEFW
AKXAM9CH
XNPHXNLL
HXEHANK7
TL44FY7E
RNR4L93X
N4YP34KA
FTLKTFH7
FTFN9HXN
FTK4H94L
XKYPAAW9
7ANAATWP
EWLRAY9E
YFRXR4LR
MXX34FTF
P3FHXN3N
XWM3TXE3
KCRRPFXY
C34K3HNW
LFFWXL3E
4KYC9N3E
HHMAWLY9
C9XHK9M7
F4YLNM3H
FE74M4L7
KC7RPCTH
C9RPAW7M
TKCEHKYR
P34MH7XP
37KPTLFW
KTTNWEW7
M4TNY3FC
KKHA99Y3
ANR7W3EX
LEKWWYKT
7EALE3RN
RHCL3H4P
LH4T9H7M
A4T43WTA
ETKALXLC
KH9HW3RA
MYFPCKWK
N77PHMA3
7LMFXCHR
ELECFAY9
LTP7FTHP
CWNXY7PP
H777K44H
NNFRKT9A
EM7FXE9R
C4EYM7CP
X3CAH93P
FN97K4Y7
WEYNNF9H
KCC7N43M
9YAC9YTM
C7KNN3PL
CNWFEANW
7L3CFWLR
4FX3FTME
YH9MNRT4
R9KWRCFX
XEERT7RT
H9CMRF9H
PTWK9PR3
FYNKMXEY
NLAMYLLW
H9PWCA7M
LY73EYMM
MRPPXK3K
7AENARRC
HP9TTA4R
MP3CKFWN
ENXTWHM7
HEMTCRK4
TCWY4CK3
LTWAXLNK
KA3R4A4N
MAAXKEL9
7YKFRTKX
93KXLFFK
EEHAWACC
973RT3YM
HLCRHAPE
Y4RX3NEN
YMH3WTWE
HF49KKTT
WCEYLL7H
7KPMAAY3
73KXC7NM
PRXT7RKT
M4RWXC4T
FLAXPRC3
EHAFET4R
KFARFL3Y
P3NT3EEH
3AY3AXNC
3X7ENAYW
9RANEM34
NRTNFAFN
7RCT9AAP
NMTMEYNY
C73LAEHC
4334RWK3
NXW3RFKL
A34N7XKW
33MP9P4H
CP7LMC7M
3RT7P4HH
M9CRWWY3
NANE7XF7
WTYWMFAK
HW73CT4T
MHA7T4RH
M7KK4MRR
WF7PFFH4
A3WEETAW
47NRANHF
NNCFYXHW
KXEM7TAA
T4TTAHHE
KML9PMNM
LRNMATWW
N99N9LRH
3F7P477W
CW9PXP4T
RWMRYWWR
XNHWN7HK
PL9ANNYX
WRLAHRLT
AWALXXEM
99X49F9A
TLLXNFLL
C9HT4EYN
NKM9ATX4
WTWHNKFM
W4E9WNH4
F4YRHFYA
TAHXXPTR
RMMHTT7X
HT4NMALF
Y74TNMAW
XC34Y7RK
AC9WWAME
YWY7CCFH
NLKY339M
W97FETYC
TKNF7LK7
HY9P3ERW
XLWRCN9P
WK4CH4K4
RALEWYY7
YPNMA9NX
L33R9KF7
ALL34KRN
3RH4H7HN
F99FAHCL
CYTP3RH4
YKKCHLML
WPMHX4EA
K79FMPKH
94TMHLCT
79AT73E9
N7YEPMXH
NNM4W4AR
TCNTFRY9
EM4TT379
E9ANFMHL
NLAF4EFK
4FE7Y7AL
KELR9TX4
X3XYKTAP
W3RNKCRF
HL3MH7LA
3NMK94AR
A4A4PM94
FKLPLTX7
X773W4T9
XEKA4777
TWTXF9TX
XRHFYAT3
HP3ENK33
P3KAFY7N
ECAKFCMH
NPMHRFP3
3MX43FLN
7FELXREK
HHT4K3XC
HNFMEFNH
4E44HYPW
FFFYMCM4
7EWMRRR4
R7YCTPEF
HRPXTKLR
KLCPKC74
HXP3X7HM
RAWW3WMK
C4XCCKTP
H77EX739
HCREEH3C
44HRCFXT
YHRW7N9X
TRK943MX
EWMWTFFY
KFARRT3W
NC44ECA9
T3AWRWA3
R9NHMR9M
LYNE9EAC
H9E37KM7
YKLFRYET
YHC7LAPX
ELPPE7ER
39NPPNL4
YXFXAHEP
YFFCTARK
4PHL3EPA
CXNTCCPY
KLLKW9XA
FWHWWYT7
EPL3PMEX
R7NWTWAH
9C7YMK7W
XTA394E7
KCEWANLY
HRT9A9KW
4XTHRYLF
39CCP3WH
KNMRALMN
Y4NRPPRN
YL79NKEE
A4W3THFY
P44CMAWP
NCL3PFPT
PMFWTWKF
Y4KNKYEP
F3YXC9TP
ERFNTWC4
4MTXYXNF
K9KCTH9N
APR9F9FE
RPNM4R7W
7NA94XHX
MXA99KC3
H7YPLXNE
T9AT97LL
3HCMLMAF
WAK3TAPH
YMTL3CNA
3YKNY94L
KW7F3E99
YN4RPX3T
9H799MMA
CP9PH4LF
NMYRLLAT
T3FPMFYT
9PMR9TLW
LTA93CW9
3EWXETTR
N9R3K9CX
NRN7AC9C
77W7EYXK
RWNMXFYA
HE7FCHPY
ECR4YCAA
7EMCXNKR
APXC3PFY
P4EKMNAN
P3LNTFMP
PCMAY9RC
ALRLT43L
ELTCCXTN
CENX4FFK
CKTAF79C
PANTPYNW
RL4RTNY4
9HAYWXXN
XWTMY7EK
M9YF93XN
3PP9YE3X
TLMKNKPH
PR99E4KA
E93F9YM7
4CNM77TA
EXNNKL97
MHTE4W73
Y3YECYR9
EH3ATKL4
9XNEELMN
74KYNRR4
W9MLN7HH
4X9F7FYK
4TEX79TM
7PTE7THE
TYHW9KAL
X3WK4EMW
NRLA7K3W
X3YRX44M
RFR3YKAW
LLMXF3ER
L4C4TXFY
PK3R7ACE
YMXAN34Y
RR7XLNCX
34EMTHKP
HRE4CAWK
NLYW4RPH
L79NPM7T
Y7EFMMKA
H33XERLT
E7MRA3YF
EAAHXMXF
7PE4HHKR
HLKLEFRX
KAECXFAF
R47HMAFC
97XEAPCN
H3KR9ELC
HR7THXYC
3MFANCXM
FFRNLEM9
LMA7RHXR
WRMHLEXE
LNK3T9KY
FCHCW34P
NTN73YFR
HCYEX7X4
TNTXHRCM
4YA9P3PP
PNMYAPCL
AE9XWKTH
MRAL373N
KLFWF9WX
KYLCFAAA
AWE9KFK7
7E3WAH4A
FK7THTAE
XEP7LE9M
LELKMET7
P7KKRREA
9LCHEXA3
9P4HL7HP
FWMFTRHX
4WK9RPY4
3MLYCFWN
F93TATY9
7L4NFNX7
XPYAPRNT
LNXXWCMW
MTL97TNM
RRF7CNR7
H9KTEWAC
LLTX7NYY
MY3FPXYW
RH4EHXRP
LR3AHXNM
RWTL9PA3
H9YXR7MR
94PMKW9A
APWNN4PM
CYHEPCAP
RKLWWRAY
E9K3Y3ML
HY4ATMH4
937FYR7W
P7X3MM7C
RKE4MP3Y
HA3PYTRN
3NAK4TYN
R94L7HTA
NEF739MA
KAY33KNX
H343NM7K
43LWM3YC
WMEYNH3R
LRHMXWWT
3KM9X94Y
W7FYETNY
XRC4734A
LXFMMPNT
A7YE33KF
FTA9CKE3
A3C4KATX
KACNKPHR
NTE3NY4R
WTYNFWW4
RPCNEAKR
7PLRYELE
NM7YRKC9
HX7TATYT
3R49XYK9
3KFHFFEF
PYX3EHTY
4TTNXFXK
CRCHL73L
4KKAYA3X
MMPY9TN7
MH3PHTKN
L477WFR9
XA7CNF7A
3Y3F94TX
TW4FX4P7
PY4CKR7C
LRWCH47A
RLXX7PAL
743TH9FN
TEKHCFE4
9YKEMY3H
E9RRKAHF
TMNYF4FH
YPC7CRKT
CP9Y9HXE
RXFLPFRH
MPH7NKHE
79ETNXRY
EPLFEL3K
CKRMT749
KFRTFTMW
AHMTC74C
7Y9Y7XWN
Y9LHRPNN
NHPCCW3K
TTHTA7EY
APPLPT73
PKNP7TWL
YYLHXE9N
CKKTA3K9
CA94CNN4
H97KLKEW
YYTARYN4
4M77MEAT
L94MANYT
EH9HAPWL
WPLLKFTY
MX7FYX4M
XKCLLA9F
FLXA37XY
H7MFCHR9
77Y7HLEW
49REKPLN
LFPKCAWK
NT9X4EYX
HE737LHC
WNA3CX4A
EPX9WNMM
RRFNLC7T
3X7PAMFY
W9KWET39
HNRLMLRA
MA93W3PN
9TTYCLFK
PL7PKH3E
3TPNXCA4
HK9XW473
P9PHXMKL
4PPKNY9F
E9PWCPH9
CMTECRMT
33EE9RTE
ECAKFX3L
7PW7MP7L
PAEAM9CM
CWTXTF39
HTHPKWRX
4YR4H3ET
FK4HA34W
TKLAN4MN
3XKY4FPP
MKRNNCP4
FACXW49E
ME9PFW4W
XWTT4KRH
TTWKP9P9
KNHMYKL7
3KH3N7CX
ACAXC4TX
39KENNCM
A49TCTL7
7WYRKWTY
WFRXNCEW
WR7MW7CA
X4LHTTEK
Y3MXTHY4
3P9TXTME
94RPRP37
RLKAELMK
FAYNH44K
799MC4NE
HNRRMKX7
EEFKW37T
YE9YRCWF
HXREPTMK
ATKK4MWK
MXLR97CH
HHTFEYLH
HAHT9LPY
NYY7XTLY
7FPKYKYR
T4HNFLL9
LN999H9R
NW3AELNN
WERWXXY9
3ENACN9H
EWALRLHR
FKYKF4YT
XH9WCHH4
MKPFECNH
P7CRWTYY
CT7EW7RT
YC43AART
KLFC43RW
EPM7YP9H
Y7PRLXLE
CNWNER4Y
7WAXRK7K
9CHTNNAL
N79WCATP
4RNKRTXW
MNXWAK4H
KARXRN9L
AKRLEE7E
RTCACRRT
LTXEMLKH
CT7PCMNL
HY9LHHPC
3T9KFMWK
NHYHWXTK
HWFLT9LY
W49NFXNC
9NAKCTLC
MKY9TPKH
YFTKX9Y3
HPEF7YTT
PNWEMLRT
YHCCNXNR
CK4HARF3
49FWTHNT
433WKTKM
HPTL7XLT
MPANCPWK
PM39C7PY
AXRW3YAL
YR7HPYN4
LP3CCLHF
H749PMFE
WNTL9WKE
C3RAFE9K
HXWXETXT
HWYW34AN
K3CXYR37
FH7WK3PA
3LEXNTPY
TRCRL9XA
C333MNFK
X3KCHNCH
9YKF4NYA
MYNY747R
PPEH3KPN
TW3XEKLR
FF4CMXXM
KFAFCXHK
XW4CTP7E
KPTYRY7K
NKT3YXNF
4L39M3KX
3AHHY3PF
FTT7K9KR
E3LTRHFE
YANF3APC
3RMFXATK
K7NRKC4Y
W4Y7MEWP
7P4YXA73
RYAX3TFH
TCRXTRMF
AAF4LRXR
M34YKCW9
7WXCLFRX
FFLWRL9H
TFTCYMWF
ANRRYAY3
PC33YCTW
4NXF4HM4
F7NKP3N9
3YMHMW4F
FCAWPWHA
XHN3N47T
K4ALLRKW
CXNRPLPY
L3NY4HMA
PYEMEMKN
PTTAWF3W
NREPR4RP
NFAL7M47
EXMP7EHM
HC37L4CR
A9TPYPP9
93XETANW
FM4LLEEK
94THYRFH
W4N9F39T
4XPE4339
EY3WEPHW
AP7EYL9X
LFANXNMA
HFRNYY9F
4YLXC7LM
HFANEYRE
CXLPHLCK
4RHYW9EM
LPP3CFEY
RCCWCFXY
WCMH3CE7
4CHFWE9N
E3NNYLRF
K94KNACM
WANAKC4L
WEWN4ETN
KL3MKAM4
MXFYKMKH
MKFRALHY
FRFFEMLR
4E3FRYL9
YKYNNCMM
CAAKPETW
44HAF7M9
NXMXCWWE
W7HAYAWK
CYL3MFXK
YHLEEHAR
TNH4YAXE
KRWAHKKN
4X4HECEX
37NC9CCK
RFALRH3C
FWHRATCY
RRA9TPYM
H7EAEAKF
FEPAYWXN
YNMH44HA
9FEK44NF
NRE9APHX
7HKKFKMF
C3A3EWYP
WNENKKY4
W4NFXFWR
APR74W3H
3PX39KAC
7YRCYPK7
EKYHFF77
NEEPXXLX
C9CEWMW9
YNEFMKPC
NWAA7KLN
LCHNCNFW
4FCRTYLR
AXEXLAP3
PWEWC47E
AR3HTXHY
RTYKEFEK
YWHRHEHY
9LWA3L9R
TFWMWCMT
PFHEWYPE
P39R7AYP
FXXYNFNK
MERTKN3X
CYX4AXTN
EKL7MFP3
XLKPCKPH
RNWK3Y9C
C3X7ETYX
LK9TWYXP
M7RELKEX
K9TWPRPE
HEWTMWR4
M7NE4WAP
THRNNXFT
LH9WL7FK
NWYL9LMN
PXFELYM7
9T9MWLWN
K9M3L4NC
F3WKKPWN
9TXTCY9R
ARYT4NMR
AAYM37HT
LW4LCP7N
9PEW97KL
AMM79YRM
AR3YWP7F
R9LL4X43
NLYXXRE3
HMC4W3TM
73H473CP
A7R4WN7M
4YWEWHE7
KLW99XTY
KK4RCAN9
9C34WAPP
3NXYWW93
9C7AWN9K
CWWPHXKL
HY7AC9C4
NWPKAAKX
CNPN9C7K
AYCXX33K
3KHN9W34
NKFF7TYK
7AMFXTCN
CP4KWK9M
X9WL9R3M
3ANHCFC7
EENWK4CH
WHWAYKCN
PKWN4XAY
LCP4YK3Y
ANNRHWAW
RTXWKFNN
3TTLXPHT
M47T7CF9
WPPH37X4
CNAP9TCM
NKYYCPMM
ATYE3ANL
WEREKC9X
NHCC9EHF
EARP4TKA
XXT39X9M
3HT7FTR3
KRT9PYCF
YRMMYTCL
3YPACRCL
H7EH4X4H
3K9Y9M7P
HLXWXFE3
Y479XHP4
P7WAAK7Y
R7FXPC94
7WTAN43R
AHKENLA3
4W99WHFT
RAH3YEPF
NFYKNYYH
RTL4MF9K
AWER4H49
CLCXPXXC
NF9HLAMR
TTEH7FFK
RK94LNCL
R9L3WPYY
LLPMM4NK
94WF3CC9
7K4R7T3C
TEN97AKT
YYPA4Y73
XHHAXKXN
X39AYLML
MP9XNW3Y
XF3YC9TW
FH4YAAKT
F4EMT3NY
99XC9NNH
CH977XHH
NRKFKXMT
WY439YNM
PKW39PRL
4NTN4PXK
HM9EW4P7
YHW43TKN
PXFYX34K
WWTT9MC3
AEPA3XFX
HPRFNFFM
NWCAKRTN
3P7A4NNA
MNW7FH4E
LC7KNM9P
F97EE33T
YKPLE7LT
P4CAWTAX
WF7PWYC3
94TR79KM
KNT9PE7F
E3XNKPXH
TKK43NEA
AAP37LHP
M3TLLWEL
WPWM7YPM
K97NRC7A
YY3RYH9L
HFXWW7MH
NNCRNWEE
LAHFKPWN
NY4HHECK
E49FM4NA
WKNCR7AY
RCK44R74
4L9RFPMH
CH9CM39P
W4KRHTLC
XHNEHCCA
WPKLWPWH
LKFMPLME
MKRYCCTF
KE4AHKTH
FHCPR3XR
NP43HPTR
3ET4X4KC
ATK3Y9XK
F4PMWTFF
CPRPNLYE
R3WCH344
LYYACAKR
WCYLERFW
37PXX7EN
HE9ACTRK
4LKHMFMF
TXYMCHPK
KNM4PTYW
LA3YTLN3
FWCKECWC
N7YYKYMK
MREPNCXT
9PMEMNNC
MCAP7FN4
9TTMEWTW
WN3HFCTR
AE4HLFCP
7LRC7H44
4KKFLYCL
NH3RR7R3
CYXCC9HX
994HFA9C
79A3RYW7
M9LTRPPX
N73XKYNT
HN9RH4N3
L7HT4XE3
YL7HKANP
KCFR3TA4
CRHACP9T
WXPFHR7N
HK3KPCXK
7FMREWCH
MEHKKL47
CHTL49C9
MCRHFX43
TLW94FHW
9TXFRA7F
R7MPKPR9
RP7FHPW4
4YR7NT93
MXNFK9R4
ALEWCYPW
KP7YN4NW
Y4RE9TER
TLFPRA7L
RRTRM737
7LXCKELL
XMFEM9EX
7MMRNTYP
KF7ACHMR
9E93PYWF
RL4HNPXN
KHWPPTC3
KANMCN47
K7ALAPRM
AWWFYMML
EL7TTWNX
4REEN4FK
TAKCTHEF
YKWXLKPN
HPYWC9HW
HR9APMH9
77K3TCFA
N73HCKKM
A3PFKLR7
33FNH9CM
XW3FE4LW
MKA4X3HH
RKEML9WP
XLLKRX7A
7TANHCLY
RHCLK7XK
4LRAH347
H7C4PC3A
77FLP7A7
EKK3KEEL
3FLNCLAE
7WRPMYMC
43K4KRKL
FWW4KMHP
XYCATCN9
HETMHWAY
FC47PPWL
PYLMHXKF
A3LK7PLL
7L9X9FA4
HCKRRRRM
L3WLRL9C
KXRYL9TL
PCP7MWX9
ERLAL4XL
T3TN3PAC
Y4CX3R9F
RE7LACC7
XC4YEEEL
TY4CE333
N4THFHWP
4AXAM3PN
EEANL4TM
4LCL9P74
XE7P3FXR
FMRL47TW
ANNXTC34
TWAYFH97
YMWP9AXF
FEX9RKAT
AHXXP9AP
MT3TLLEL
7W9WR3YW
WMT3APXX
TMK3FPK7
YHXL9RRY
FRXEE7WX
PT99EYYR
R3TEYXY7
KWYNWPWM
AHM9T74L
9CXLELF7
ANWEFXTX
ANKHW3CM
7PAHK94F
YFM97WEW
EX7TFY4X
3E9C43YR
LTFK9HEK
PYF4NKCY
73XLXRRY
RMEACYTP
HYXHNCHW
N7Y9X7EF
TKP3HME4
RWKETWA3
WNHHMCA4
YAKNWNKY
CRMXYYXW
Y47TP93L
RK7YLHFK
YH7TTYCL
HTATY3PW
T7Y4HN3W
9CKHMC77
4HHXWMNM
RNFP94T7
47RKPHWX
CFEX7REK
LFA9W3TE
RYYWAMK9
4T3N3NLX
7N3CYY7E
WMXECL3E
4XFCMML7
9FLEHC7W
XTNHE4ET
4HY4NRY7
FT74RC4C
4CYKA7RM
TH4CCKF3
NYNFE9PN
TYR3TRNK
WAEWMK4X
94TL9ERX
RXR3W4YT
7T4LEENR
77YPHXAY
LATP4C44
A9YEXYKX
F4NXRKHT
T9HNKHFT
XEP4KRWW
47R74XPN
LLFCHM3C
Y944M9HA
3EYK9993
YFXFFHRX
X33MHPE7
K3HHYNCT
AHM39AYR
ER9T7TTR
W9L9FXXN
L7TXHWYK
WLNHPHRN
PLHAMKE9
9X3RYCXM
FEERPAX7
E9APTKK7
H7AKHC37
LW34RNHL
MCNRX4RX
L4C94LAT
YPCMWP4C
KTF97W7H
ENHWNXWL
T373KCKX
R94HF7XA
MXN3RMPK
AK4HCY7K
NAFNENY7
X37CEPXH
43K3AY7W
NMP7XF49
C4LXRRRE
AK7NY7N9
YAER3H3K
X9CWLXFK
WMPHFFYF
99YR393H
YYME3HMF
KKRYL3MR
MFMT7ARN
KTCKK7EH
FRE3KTCX
WEWFKMWN
3AYXKKLY
T4C3LH9K
CWRXTKAP
NANCAY44
KTYW3NEH
3EL7PF4H
3W3MNKE9
PN9RYCYC
XHATENXA
HMETTNF9
H9KXFWNL
9NFYLXYY
FLFYK3ML
X3MYWXRC
YAXENYMN
33EPHCKY
7EXMH339
FKY9LCXN
YKMXY4K7
9T77F4R7
RY34TW3P
7FK3MP47
YKX9NKTW
NEALFFR4
73M73M9Y
PEAYFAP7
MYCMNKFR
9EFHYFKY
W97WHXK9
3FTN4TAY
KRY9AMAK
ECKCHMPR
9T7733HK
EHA43ARW
TWXEP99T
CNRMKLFT
TFNPLMTM
E7M99KPK
93XFKYYT
FL7ACE4L
PMWEANY3
TTFP7944
MTHWW3CH
ALEYAMY3
FXHWLLW3
7MMKTN7P
HY747T94
RCRWY94W
CXCAY4FT
P7PTT9L7
YNC3KARM
TCHKYPYM
W9LHXLNM
ERKWCEY3
RW9LN4A9
7WARLEEL
M7YWEMH9
LFL3PXCR
PKW4YTAH
9T7MTK9P
HXMYPFX3
KF9AFPEE
N4HRN3CR
3CWMWMHF
79XMKXNC
W3A3YFRL
E94H4ALT
F9WEHT94
CMYR3LNX
4F4FPYT3
H37MMREM
ACXN7CTT
CNNAWA3E
KAA7XRKK
CNX7RFC3
3KNY47YR
PACYFH4R
PLR9Y74C
TRCAM7W9
TAECKHNH
KCW7KXNX
CYECFTE3
RWTANNA3
T7K9KRCY
MFCMAHRH
LXXNHNY3
RFKNHC3Y
LYAYKLR4
WXAN4TAY
HMC7MLW7
HLRCMYCK
NTMMCLCT
9TRLTENP
WYPH3C3T
MERXTW7K
9PHC7KTM
3AMKWKCX
CEYYW4H7
EHPTFXAL
WHNLM9YN
TYYFE4TL
NKLMTC39
TNFTNTAH
9TLH7ACR
YTXYWMYP
XPYR7TYE
XMCL77TM
7773T3A3
Y7AXW7YR
9A99TW49
MLW3C3NW
FTTAKEK9
9WF4CMYL
47L7MAXC
KTK9YPPF
9FP4PAX7
PCNK9R9T
93NMMCTH
7CLL9YKN
X3XLXKWW
H9FMYK3T
K9HWA97N
9L7AMRCC
NW7A3974
X9XAKNLM
3RE99CWY
EFTCWEXW
RMCYMMLA
RENWWYEL
TEH9RWKH
TNXN9WLF
3H7X3LFT
49RWH7EA
XTFHTKCY
PAHMKYAY
EP7X7AEY
TA93WTCL
NH99KPKR
3A77MY7N
LMECFY7X
ARXRKH4X
WKL4LYNL
XANTCLNE
HCM7LHCL
MFMN9WHE
97F3WW3A
HKYF3A4E
CEFXX3N4
TM994YWC
CLPC39R4
YAHWXCXC
3YEYTHP4
9H3CNFRY
WTYXTK9H
AL9RC9EL
LMNNC7Y7
WWPNE9R9
K794AEKK
PTEHF9TF
CXPAMAFC
RRYWCNFX
44PKFN7L
EYR93NL4
79NF3L7W
LWMP47PL
3N9PM799
ALWKN9RH
MNMA3PHH
H7KC9AKF
HLYF97KT
AYLREL9N
CT3XRTWH
TXT7TPYT
NH7TK79Y
MFYE9KA9
L937RX7A
CEW37P7K
4CH7F7AC
E7TXNKKL
9HRKFF7E
R3AH94EK
ANN7CCKE
39NYN3TM
MY9P9E9M
PF7CLT4E
ECNHPPNW
FTE9L794
LRERE7H7
9XFRLN3T
9P9Y99TK
F3YXMNAT
AHY49XPF
W4943H7L
9MK9FYXL
PFYMA4CY
H7KX3X9E
NF4YEKRA
3TWL9YYX
NHEECFHX
MWMN9XPC
9WWHMP3Y
P73F3PH9
7THHLE4F
PC4TAAWR
WMRC34LE
7EM4743A
KCW73WA3
E34YCHHF
XRC7F9CF
TEPPMA7H
WWNRPYY9
C33LW994
CTAWH3HF
RW77LAH4
N9Y3XN7W
3FYH7HAY
A3PKHT9X
MR9RRFP9
XAA3X3HP
3KWAYC44
RAPYREMH
3ELCCA4W
Y4MEWWLC
TKWMCWW9
3L7NXPCL
KXPHN3XN
WLRFW7WF
XNKPFH9F
XEFM99L9
NKHFHXAF
3RKPXYHF
KEFF93FA
YM9NPPKK
N4RLX943
9NWYL7LR
FPECY4CY
9H39Y9FT
L9KNPAKK
XWE7P33E
74XMN9LN
43PEKAF3
XRH7LTN9
7PR3YRAX
R3PKRNYK
CPYR9HMW
K3TCYPM7
XTM74CMK
L3NFCHEL
M3YYYFTP
3W4RLNWW
X7EXFRHW
EW9C4AKR
N3KXRHXW
TWWKHW4T
7HECL47E
MCFW3KM3
37F4P3F7
3NRYNYNF
XN4HA94R
RMHH3ATF
ELYF9ARF
F7NLKN9M
MPWRENXM
H4YAF7LC
CP7FXMWA
L7KHAFL7
ER9N7PC4
A3PHWLRA
4F7ELETN
3XEN9LL4
E4TPPEP9
49P97HHR
FAEAHA39
AMN4TEH7
9XEETLRX
NLALR7HA
9PEHA9X9
4TNYPKNC
MXXRNT4F
TPA33R93
LXR73ETF
NMRYX3NC
F39MNARX
RNKWYCXX
4R7RWLWW
ME77ER77
A4XXY7K4
EHHYKCCA
Y3AEYK4P
XWXY47MC
PMP4PLHR
WYA9LAT3
TKN7P47A
A499T3K4
XLLYKEK9
FX9TW9NL
TK3XLFAE
HX979LP3
74NHC9KR
NECEMNLA
93EHFMP3
XTWTW9R9
PEXHEN9N
KKWNRFAP
9H9PN4FE
NNPH9TAL
MHNHK49H
X9ACERPC
4AHLF4N4
XAH7YNRN
PTEXF7E7
FAKXCW79
EXXALXNX
HT7YKNNP
YTEWKNFL
PR3HMEL7
EF4LHTL7
RFCW4HYA
CP443WYY
MFNLYXHL
7WPHT74P
79EANXE4
ETXKHT3M
K79RL9KR
YPCXLWML
FLT9MTKF
HAN3LWNW
RFRYMAM4
7HYKX3WM
MNMYR7M7
LY4CM43N
M9937ECH
PCWEHXE3
FEAHYNHH
MX4LTWH9
HKKL3MTN
3T4PATY9
A3W4W9LN
RFTLR379
KFPRHFKT
MC3X7EYF
AFCKCXK9
4Y7FTKYW
L9EKET3T
XE7WTAC7
3NCK7KR4
HYRYMKCF
YFE9LP94
P3HYTRMY
WHFHRRRC
CM4FTACP
AP4KFECR
MA3Y3LFK
3AWWHA4K
WT379FXA
49MPCNX3
3EPPCYNY
R3A9HF44
LXFR4F4M
9XR9H9YN
CWY3W9L9
WYYN9XEE
3HPCCEKT
HEHW9AM4
4RWR77RL
LYY47XWW
L37X9TW7
K3RAMTXA
34RAL9CR
MK947P9F
H39FL3MT
9YYRXCNH
7YARYPA7
YLYANNEN
LMTHPKMA
YRNHKLFE
L3XMX4Y4
RKR9WAN4
E37H3LAM
EAHWA7K4
HHYW4KEC
MLRCN3N3
4TXECKMC
TCACLHY9
RFC393AH
3RY9E4WM
N7N979LW
AHLYMECK
3FXFE9Y9
ETCXEWN7
7RHHFPC9
LTKLWRHP
K7P9XNRY
HCYER9FY
PW3XWK9K
KTTLRNHN
L4F44FTK
TMWYY34E
AR7KEF9Y
TAFCX9M4
YH3RNYFF
FNFKPCYE
FEMKEYFC
XCXRPCT9
APXTT3NP
4KR7HFE4
9WK44FNT
4A49A3NY
MA9NLAP9
KK37P4T7
7N93AA39
HF9RKFNE
XMELATWE
HW4EXR94
HAM9N3WM
97L3NT4T
HFRK3A7A
RY7AF7A4
FTLCR7FL
AECWW99E
EC9PRKNN
XFCTT473
MRXYNR4N
PM9WMT4E
CP3YYHAN
FNYF37HE
PT4WYRC3
TNMTAT7H
WHKPAFN9
9MENHTFM
EP9MKNP4
FANM9PYY
7HME4AAM
E7NKAM4W
PP3LPRFM
FK7AHTWK
49KCW4F3
YNMPH7M4
YREXMLMR
KAFA3CPL
4AHKH73F
XPLKENHL
FFHP7CPP
N3XEP7A9
KH3MARWR
YH3KEM34
94HAME34
TLKK77HK
NE74ECCL
RMFER9F7
MAR7LK3C
EFPX9PXR
TR7MPCWH
4WTNHNP3
9XLN7F7X
LNP9CMTY
4HHPXH3Y
R3TRFPH7
LF9XKTHP
XEA44RPP
H7TA4ERT
9MYRF4NH
9HWR3N4N
KFRCTET7
ELTX7CTA
H7HN7N9L
97WPCTTN
KYWL99EL
3K7EEHLL
KLXLXRKN
7RXR7HH4
TTMLAKRW
4M9PTLMK
CPKLHEMF
LC3NLWXY
CLMYAMTW
TXHECXX4
7N3P3FHX
RN3EKTX9
EAE97TWC
PXMYHRFA
7HH3MTFE
MH3RNAXP
7C4MYFC3
NY774XF7
AYLEHXTY
TN394EC4
NP339EFR
WM499XTE
FFKCCFRN
KNRXRTME
L7HKNR3N
MWAPE4MT
3PY4R44F
WP7ENHHX
477TALKL
ECMP3R47
EEKT9L7P
7R97N77N
79Y7T43A
3YETAETK
ECWRFTA4
7HXYEH39
9CN4PFH4
3RX7XHRL
KNM4L7EX
4TNRY3YR
7XR3MLNL
EXLTKKAP
FKAFF9WN
FYR7NMR9
7949YY7R
NTRFLE3P
TRXY4L9N
PCTCHCRW
FE7TNCFN
YENL4ANP
9XC37MXC
HN7PC9CM
F4RYTCCC
RHWT47YF
RFRF7349
W39MAEMN
A4KHRMKM
4KTM4X3W
WYXXMR74
PAM4ACR3
TAX77HHP
ETKP73HC
APX7WKCF
77EPXH4Y
4PFPEPNF
3CNM4M4X
LHHTF94L
AKHXYCN9
P93RH4LF
444HTACH
4CLFPF9W
3PMNXCAR
NHA3HCHR
PXCEETFP
CWF7EYF7
NAEPATNR
KWH4F7MX
MPWPY4RH
HEAMWXWM
3CLMX4NA
FNFXY74K
3LEHHET3
AKCYLR7R
93F949C9
NM4R4XRC
CT7L9LTH
HHF4M9RL
7NX9XA4T
F9WXR7WA
9XYHYM4R
77KPTLM7
YTXHKTP9
MX99MXAW
P9LELWKT
CYTMF4RN
FCF3MC4T
XWTHKY4L
ELLYHK7F
RPRWH7RR
43MKA43A
L3TW7L7A
7EW3WKCK
MYRFXEPL
LTP9LLM3
LWK9FHP3
WYN3NF9H
T9E79LXM
A3AHCATE
H7EXXPWM
9KPF3EYP
YE4XW3FY
E4EKN9F3
W3LXNA3F
499TFEWF
WPP9WFPR
A9PL73FT
PXPWRWET
X9NWYK3T
PLM9XLR4
C33LFMRA
MLA7FE4L
EYEKHEFH
T9EPH4HY
7HYR3EM9
3CWLTYLK
KEKN4NEM
CCTT4PMC
TKNM4LP7
9MM4N3HF
A7TAHFK3
RYPAHHHA
YT4REHKL
TYFYYLFY
TWYHXMCA
MWAXRALW
CAYYP4LX
NFWXC3KF
MEWYMLHW
LREKEFLP
MY4TNLMX
7HCY7E9Y
FCYC4CPH
XPAX3K4L
W9A3FHMF
9FF3WM4R
3LC7YFMM
TE4H4MAF
RELR4PLA
CF4RH4NH
3KFYKLLT
Y9ARHPR9
RRY9R4CL
NPACKCNL
EYMRM7MN
XFTMA4XH
7LNE9FP7
7ME3TPWL
AELL47TR
MKXRRPYL
YFLFPKRT
KYL7YNPP
AW3KLPEK
L9LPLRNH
LFMP73TC
7T37XPKK
A3KKYR4F
XC4HXPFR
RCT3YXHT
FE4TW9AH
YLAAETT3
AHL337M3
HF4TAWT4
3REPLEE9
KXE4EEPX
EY33PKME
FWELAM34
M9CYPYCL
L3PCNKK7
RYHLM97L
RTKFXNNW
3YTYWCCW
R7E3EEXC
PRPFNWKM
EEHHTWPK
NKRRERPT
3YPPCXHR
YXX4TA4A
C9MH3PPX
F4HFWLKE
FWNKN7CP
YT9KAWEK
WE9MAFXX
WW9L4KXW
LKRRCC7H
MLNTKHHM
FP3KKWRP
3Y4L9A7L
KLYAHA4H
YCRFC3KA
EY9TKNLC
Y4TA7MPC
WERE3KCK
4XTWKFW7
L93LTHRN
FR9W9KTX
E4XNH77L
3TC7LEF9
34T7EHWH
WALXPNXT
KKYLX9AN
MKKX9RT7
4LTLC3C7
FTAN9NRM
RMHCPNKM
XPWAMMMT
7LRRW397
RRP7YKFT
APLN9EAA
PWTHPYYT
9TTTTTTR
9X7FXNYE
AXTMM9YA
YKMYPTNC
FEWWW93M
H4YA79HP
NC4MFCE9
P3HTR4KY
PCWTYLRP
XRRFCYRE
EWAWMWRE
P7E7CNFL
MLMF3XMY
X9MLKNMP
EKHM9MK9
C7XAWRTL
WFPPCKK7
MAMC3NCR
MFKPK7F9
XXXAPLER
34P4MKAT
TNXTRXAT
N7NPCYLN
T3XRLE4M
F7LHYANR
YPHWHXY7
PCX3CPAN
7T4WCCYP
HX7MPY33
3NEC4XHC
3T3WCRTC
XXF7HEXK
L99N4YP7
AAXEFXKE
R7WFEMNA
HHRF9FHW
9FE3T4HL
YKTA4EKF
WWEWWNEK
WTTHFAC3
3LMNWNH9
7HWCLKTL
RLLWF34F
K4MHXX77
XH4AWXFX
4FTM9MMM
LHFMTFXL
3HT9XWY9
PAATXWF9
EM9H4T99
C9MA3A3T
MKK3MC74
Y79T9LH9
L373KEYM
TPALTXHK
A7FML7HN
M9MTN4RY
7HM3PPKP
FCEMAWW9
MXC4743A
EXTFCYC4
7KKENLF4
C3ELTRFY
MW3MERM3
7XL3YHKH
Y4A7T99R
HLWPNXTF
YHLX4AW9
FXYLFY4F
TTF3FLHR
3ETYXC9Y
HMPALEWX
9PYH3KEX
4CNT9RHT
RR3XFWLL
TYE3ALE4
AM3TNNC4
7AEN77YL
9XRHTFN9
HEXE7TMT
4X7L7XPH
NEEPLX9T
RTERF33N
AET4XXHE
3MXCKHHY
FF7EA37E
WFFCFH39
HK9L93CR
RWNAMK9P
RYEYRWEF
XP97CFKH
NCWNAX3X
NA4CT49R
7HEATP47
FYAYEHTH
HMK44ELP
WPF3YECP
LRP4PCRK
XCTTWE4R
CWL3E3PR
R773YPEW
3FE33PNY
ELKHKMF4
3MN7WF4P
3TERPAHN
LFMM7PKE
WARRYPKF
3KEX4PHL
AXLA3E7Y
9CAAXXTF
HL3RMLNM
LFHXM7AF
E7KTKWEW
RK4K37RN
XCMHFNT3
H9CCCEHK
LYHP9YY7
37YMK99A
A7HHLEPL
HKHHFW7X
PXKCXYPK
AR9N7PEN
7HTPXKNY
A7E7HAXY
LCPN9FME
N9KTFK4F
9PWNMTPN
CXKMKF3Y
7XTAMCMW
WYYK4H4A
9NFMAYME
LKCKWT9L
W37TM4MC
L4XXTCPH
9MXXLEYH
T3K9KF3Y
RFR99XX9
LFHEMRKF
4XY74YEX
LH9HHFLH
N3HMHCEE
4YH3XYTX
RFTHMKTN
LLTPL99T
3C9L99WL
A7LA4LRC
KPEMCLKF
CKY93CPM
KHNKXNNW
3EP3CXC7
M7NEH3NC
FKPT7CXM
LK4Y9NTH
E37RAN3Y
MKKPMCKF
H37PXF4K
47EEN93N
3APERLFC
NX4474H3
AWYPRXNM
3NNER447
KKHXFHKA
T3TLKCKK
ACN99E3L
PCMTKNL7
49H3HHW7
HRME3AE9
4TWAY7R7
NP7NKTMY
7XAXX7XX
WRWEE9KM
XEHPN7RM
NH9ANLC9
F74HEYA9
C77REH34
L7H7WMHT
M9LLY74M
XKERW4WE
WNHWWTAH
LFMNFWMW
ENNMM9AC
9THKXNT9
PPW79L9W
9XE4XLNF
9TFPP7FW
EWRLE3EN
7FY3HREX
FW9YPXLW
74PKAYAF
9CENLP7M
MKMW9AEW
M7X3PNXH
9NFLXNTH
C9THC7AX
RHTPF9AE
HCCCK9KL
4A4HA9HK
LT7FPCAM
NETM7PMH
9LLENEX4
3WYPPPAM
HTTER43P
33FKP9CN
PFPF3K34
PXNE79KT
PF3WKFAC
RNH3AKNL
NFTHEW9C
PYWH3RKH
YPF4KWEC
7HYT3AFW
7E9EXLFL
97XXEFTX
7CMHH97H
WHYNPAEC
YTXRK9P7
ERP4LWL3
F9TF4HHH
9FYFCACK
P44C9T4K
WCA4YLMK
C9WYXTHF
EY3NWTYW
4XFEEEKL
MP4WHYL4
MFTH9EFY
TTPFK77P
WXKWPNRA
FKWXLRHF
HTXMRTRW
YTTLCKNC
4EN4HXKM
WHHNWTYF
3PCRKYX9
C9XAC3KN
KTNAYCYL
TXCA43CF
CMELMXWN
A7LM9XTE
HL4ALREW
P3EAHYKF
CTYY7MRE
CTERK7AR
4CN3A9CL
C7E4YRKE
H9RWR9LT
PYXR9KMM
7KHNTNMF
TCHTFL94
KHW7LYX9
AXMYW7EH
49YAKTFF
PMAK74WX
FHWK9AAW
M4RAW4WL
RKLMX3P9
X9CTFYEX
A7W7M3WP
EAWXKPLF
YX39HFCW
R7RLEPKX
KNNNNCFA
M7RFTK73
F4CNYR3T
XE9YL7NF
T997TK9E
FE4LMRLH
KRX7MMEA
AAYFMYAM
XEPA7TAA
37XY4N7N
E3WTNHKC
HPW99NH4
RXCMXE7W
KXX3LH4N
RPPKMWTP
A73R4WTN
KF4R9PK9
PX4FM3T4
T9CLEWK3
RY9YHPPA
T3XLXFMM
PNE3PTYX
AE7NWPLN
44CMTXWC
A9C4X9AX
RY3X3RMR
PFWEXHCY
9AW3WTT9
EC34ENWY
YTXXNKC4
FCY49WYN
LRW7FFYC
PHRK4A3L
N3CYRE47
EWXHL9PW
MC3T7A3T
3N3XYMW3
RFKNETRK
EXKCX9YF
C7PMM94X
9LC9REAF
NFNEF334
NW3M7HNA
E7P7TEWA
FF3FFEH3
P94NLAXM
ACHRKAWC
7EFL4TRM
7TRPFLN7
MLKW9H9K
YCH339ME
A3Y3K3FT
4PHXFYN3
E4EWA3RH
T99YK3CN
FXHC3EYM
ANP7PFX7
9TMKPFWP
RCP4X73H
9TE9CELW
REYLPPAF
K39WAHP9
NYHTRKAE
LH3KFYTN
4XAY9XM4
PAC4RYML
XX9ACEEY
74TPXY4R
P7WRPHCC
TNNNPHL7
RWTY4PX4
9TMYAM3Y
WKFH34C9
4YP3ALFT
T7ECMMRF
7AA9EXNF
HE4HNWPN
EFK7K9NC
A3WN4XC4
4KP7YW74
Y3FX9KWY
T7L43LPW
TR4A7KCR
TYXTPPXW
CY4NE7YL
HF9KPCA3
9RATRRRW
HCLNP9TE
HXCCM3LW
TE4A47WC
M3CT4T94
HTCWARYL
YAPWTXRK
N39WCHLE
FYYHW47L
39L47PFF
T4YTMAEK
WAK749H3
YA9YA97R
KNWNTYNK
7AWMWPFM
YMC4A3LN
9CP9MRTX
XXA9KNXH
T4LRNYKH
XFNC99KA
P7NP99R7
WTCYC7RM
KE9Y3YRX
3HWHNF3W
CTXTTTPP
NWWHW4LL
XXMT377N
MRFL3MNC
XMHA3KMP
LE7LTTAP
WA4ALRCW
79X7NKRX
NETRR3P9
C9FWTMMW
NL4PARYP
FP4YKWNL
FMETPPCW
4HCATEPR
LT7YTCPF
3FXR4H7L
PRFHMK74
3NKWEMRT
PFW7MPFH
K7R3HLAT
LE4LELFX
T73X7AR9
FYEX79CL
RHFLCN3E
TXEKELWF
A7NMW4M9
7XCANLHM
PA9747WY
YPLKFKM9
EET97CXF
43LWPRL7
REXLYLML
XPLYL9PC
KPA7YYHH
FY4TT9E7
FMHX9FLC
C3YLAYAP
FEKEYP94
MPWARK7T
WWWAN3AW
A9RWY77W
PCFE74L9
47YW4HXW
Y4LRC7YF
EMFN9LCT
C3RYEYEP
PFN3L3E3
Y399KN3T
ENXY9FX4
XH9RW7ET
CF9YW3KT
KAW49EA7
K9YHYFTN
P3MMRKWF
RHXCXEWF
MKECPTN3
T747HL4K
AAN374CP
KCPENHPR
PWLR3CAH
WN9LKM7K
LWFR7WXE
X9PLMXEP
Y33ELF3L
HXEX74MM
TCTMX3H3
FPWWLEN3
H7HFKCCK
TH3LC4RH
CPRAW44A
TETTTNPP
X3CNEWEH
KYTCERML
RM7AXWHH
TY3TTTXW
CMX7LCYC
KYENR79X
P7WXLFHL
WK3YCMWC
YTHAF9F9
WATE7RAN
N3NYAEFT
CL4WEXHT
XK3P4MXN
33FXH3XX
P4WTYYNM
3Y4XKAR4
7LKAF7NX
AKM3EHNM
7CXMHK3W
NPC44NCF
C7ATXKF3
HRRM4MHC
EFE93KTX
4R47LMMP
HLHRLPPL
449X744M
CLWAHF9K
WETXW3WM
FTKW33RT
4RXFC47W
E49LFAWK
WHTP7C7X
LWLKK4CN
TNR7C9TL
37NXTT34
7HXHC3WR
E9MR33XC
HTH7NWP9
NXRAC394
LYR77YFE
3M7NXKMW
KNXMM747
NFNWP9FC
PL73TA94
CFE3A7MC
EKL4ACLT
ETYLE3PR
LEXPA7FR
XEKLW3XL
AKC9RKFC
H99XPWM9
NXA34R3M
KN3TFEXT
97Y4F73H
NCKFW9RM
KYW334RX
C3ANP4T3
FHMX9TH9
LA9KX4AW
AYNTWCRA
3XWPT49R
HY9C7TM3
3FYK94YW
XMFKMKNY
MKNWXE4P
R47RTRHK
ARXXNEAN
3F3LEEP7
MRKA7WTW
KKHWRLHC
XWYYMRPE
YPNLYFEW
X37AMX7W
M3PHWMEP
XPNHL3HP
HLATX4P3
7ERT3XRA
CYA4WW3H
FPR3FK4A
WXCKYC9X
NP34PXFP
YHFYRXCE
LHLTCFEE
PALFXK9P
MN9YW3WE
HWN4E9TM
EXCYEKKT
WP3CT374
TEYL7X9L
3Y7CWPHH
PX9KNC73
WWRTLN93
XKFFMXT3
WMPPTFCL
9NFCLKH4
KMKTETMY
RNNRLHWC
RTHY9KXM
7RAY4ARP
LKLRLKRE
M9R4AKF3
TLYYMM4P
YE3W9T49
REFK4KYH
PFA3RLAT
L4CCYMYP
TR9CWFWC
7LXKXRH3
RTNWNPYE
AHA4WLH7
MATN3WLC
C74R77WT
NML4WH4C
MCRFMFXF
F7KKFHNX
7PRRTCYY
EL43YFWT
AMRH497C
Y9LFXNTT
R4AN4WET
TWARY7RW
R37TTX73
KP3E7CRC
R3KLMAET
F7NKXCAA
KA4AH7YE
CHTLMRWM
KYCL7YA9
K3RK4NTX
9KMY349R
3LRAYTLK
EE43PLKN
794CN4AP
PAKYP994
R7XF4WPC
WEMR4ETH
C749AEEL
KNCHK4X3
NWEXFLE4
K4LWPEAK
AFT9XRHH
M9KWC37Y
PMTNHYKL
PCRYWRTW
XKRH4T7X
XWKCTTE4
CHLK7CXW
9L39YFCE
7MC737KH
XPYR44T4
NRAXYXKF
4CMWHRNX
HWTEKHF7
LKTKFWWH
4NEMNEKK
7PTPXYXA
R7YEAE7A
YC3PANHF
L7WXC74C
WAACTT7E
CYCCL3WC
NL73KXYY
YFWMWNRR
WT4W7YMK
K9AXXCWE
KEF4T9KY
LHPL4TPK
7MYK9ER7
N4PKPPKH
FFTPWAXF
ETWN4KP3
FPWF39H3
HH39MMRF
X737ELTM
9WWXEXEM
CEK4L7FL
KYNT7N4F
NATNHT9Y
W3K3N7NT
N7LY34HE
LWCHWLCR
RE7MXNEY
P4CKNWXR
4FNHEEAW
LRYK4HFA
WYWYANF4
3YRH7LWH
HLWCEPEC
Y7XLTWML
PCFEAW9F
CLPELW47
HAFN9LXH
WHMW94RL
F3RR4HXL
XLE7EL93
7NMYYMNN
PPAE3MA4
3WPYKP74
RYYWLNC3
FTHPKFYC
9R4PTHKY
MNYLCCTP
TWWXMC4F
9WK4HCHR
ACHHPLKE
N94RL3ME
M39THHFE
XKYLW7YA
Y49WM9RH
C3EANXET
YWNEMTT9
FHRT937W
9LM4EXXX
9TKMCERW
AH7AF3L3
PH3TXYEH
M3K9RM9E
P7AXHHE7
33TEEW4E
TKX7LHLC
K4X4NHW4
FMHWT949
FAFF9TRY
FWNMEE4K
AMYENP7H
ACMCPHNT
ERANLPYA
79L777ER
MMAWEE34
H4Y79XEW
97HHMFA4
4MFMRHFW
X9R3XN33
R3EFY7TH
9CA3MTE4
YAYMK4PR
EHKLT93T
FP9XT3MF
AA7HLLWM
CLEP94LH
NY7YK7RC
K3TWRHYM
7KPA7EAP
EENKL4EX
CEY3AP99
PW9H3HK4
49XHPE3K
XLYLF4KH
KMLERWTM
XW797RX4
H9KW379R
WRHWTW3L
R4LANYRF
YRWE4KTR
TEM4CHE4
93ENNRC4
Y3C9LXLK
4XCYRAFF
WYFYH4LT
FTKY3WHE
FWA4XRXW
9K7Y4RET
34NTRRWX
AFHEN7HK
P34MY7HP
CTWKFAE7
973MEWKC
C9AL49WY
KMW9CPEW
4RTWCR4W
3KXHLPCX
KKW7YH4H
LF9WK7PT
FEK97FFN
79MAKN3L
KMLRAFNH
9XYLWKLM
RXHEM4YR
4Y3FT9MR
F9LWPW4R
PFAAFHXY
3CRA9WRR
TPP4YAKH
9NF7WT74
HAREAHKP
PXC4KKLF
N9479A73
FFPC3Y3X
P7C4MYYP
FKTL3Y7R
RF3L4WHN
LP39LMFH
HEK9MR49
9PWRKN3P
CTYCWYRP
PTXTRT3A
9TXCLREW
3CXHHALT
9HFLT3KP
R47XLR7A
KPNXM9WN
7CCKXE47
FAYEHXNL
KRKK7N9E
TAE7WLWH
LPN7TF7Y
AHXCRAR3
HP4P9ACH
3LCLNC73
AT797EMP
FARKCT74
MTYXWTX9
N3NMCCN7
4EPKFP3K
4WPMRPN3
FFHFY7KT
AK9WC7FX
7T3334CK
TFC4YYXX
E4E9WW3F
LLTXCELK
KHPEXYER
LPEN37NN
FTRL99PK
3RWY4RW4
ER97EMEL
C7EXWP94
9KCXEEK9
4NXATRK3
AMKWWE7P
K43F77C9
ATEHHYFE
W4CCW3CE
MPFHLKC7
34H7MKPN
FR3X43YR
NEH7AP9T
T3AFXH7K
R4TWR993
7FTN9L7L
A97WNCTP
PWXHX3RR
WRN73A4E
CE3L4HCA
M3EK97KM
3RXMKHX7
TNRMKRRP
NWWALM3A
XALXFNRF
A7NPM3MX
P94CEMEL
WWCPKAC4
KPK4RMRW
4KXTWFCR
WTLA4HCN
FMAPMMXW
3WWL4E4Y
EAAACN7T
CALKFWH4
MW4XKLLE
CXYHPPFK
FREYETC9
KF3XMXW9
AL4PXCHW
XM9HNENF
9KEETXP7
CHFPNLKH
HAR9WA9A
CN7LX7PY
43PK97HH
KL33RPR9
R9RPX9EE
7HX3LRNA
H7EXCNM7
TKW493HE
97PRN3RH
MEFNXRKW
NN3N99W7
C9YMTWKA
43RNHH37
ACKH7MPP
H4YPRPXK
XNM3CKAL
ECCRR37P
93HC3RLY
H4MAYXAP
MNTRCTKY
NMCNPNEX
NWFAANWX
MXEP4RYR
FFTHPLXC
LWNN447R
9WWT9NRW
NCXNMHAR
LRX3KEHX
YLHYXAMT
39WFKCFT
3RER9LAC
3H3AW79H
L49HLACH
NL49NYNY
MY4X9XE7
NCYYW3LA
3Y4ALYW4
KFAAXFNR
EKY9KLPE
PFY3E3PT
4HNLK7HA
FKEFYLT7
HK77CN77
MFMCKTEA
TR7YMXNX
93PTNN4H
PCF9L3H7
77RHMF4M
KRMKREAA
MK74XLTX
7HRP9HFT
LKLKNFXC
HC4PCCLA
NWWCRRKF
MC4FFPKX
4T3AANWW
X9EYCX7F
NNCN4E4E
K9NHFNFM
NCEA4K7A
Y9FPLNW4
YN3NFMN3
TP74CCP9
EATRCXE9
K3KKPL44
N49NAMH7
C9PKCF7P
M4HMMENF
M3R33CXL
3T9PMFCY
WYXPAHTA
TKML4EE9
CXH3PXM9
4AWMMCFY
LXC4XHCH
PXLTHNNK
WL49LFAE
HCHK3K9F
NP7THF4K
F4MPEXET
KT4LAM4T
4KRW4RLM
MPXXFNM3
47E43FRC
TY43C3FW
H7NMTFYA
9LH79KE7
9K4KNAN7
TLERATKT
XXRTPTM9
CFA3FNWY
LEHWRXMR
CW3AN7XW
3HCHC33A
HM73HCEA
M3KHE4W4
NM9TKA7P
TMF9Y3FF
HK74HWYT
4P9MPKHC
9MLTWTRC
ATALR4PE
AEN3LEPF
497M3TYH
3LXAW4RT
CCH74ELW
X4H9ALRE
4F7ECRHM
7FH7WLK9
T7F4LAHE
79RH4MLH
XXLETHK3
A3NACLH3
RNNFY44T
MPFTLXKM
N7F93ERM
TATPX4HP
WA9CEX3X
WN4F3TYC
MFLMFRN3
MRY9CMX9
9474KX4P
RM3R3R3K
XYAPXANH
MLX4A3CM
EANPT4LR
YANEPCNM
PH3X7KXH
ETPA4MAA
TMPNMTHA
HEATCEE7
FC7FARP7
9FXC3Y4L
YAPL7EWF
4394ETKW
N3FMFCEP
TEMKR3XX
RKKLC3FA
FN3EHFEP
CACRLPY3
HTENYCWT
FWEMT4CH
XLTCMAMT
KPHNCMFL
EAAYRCXE
C4WNMN7K
TT74FM43
WXEPLACC
TH3TLTLX
KK7LWCLY
NNE4X4KF
9MYKN7MA
P3LCFHCW
37F7KKCH
YHFHETCP
Y3YKPPEE
94HTXCPM
R7RHL4TW
LKRPYMLM
CNKAA4HF
7RKFWX7A
9MAHPHKR
EC3FTEF3
YCXXCMK3
NE7APXC7
MYAXFEPH
E3RMPA9N
HFCWPPXY
HMHRMRRX
RNENR7XC
3RY4AT3N
FPCPHXCF
REC9NRFE
ACXCMPLH
WYA3EPYR
YXEX749F
KXP7FHNR
WNTKA7RL
AK4YAFNT
K9W44XLR
F3794RNL
7APXKM9A
TXFTXNR4
LT9AAWET
R73K4NLH
TTCPPCPM
MEE7H497
ANW4CXY4
YW39R73L
H9ANTWF7
MXY3TYNR
3LK7HNFP
9PY9A74W
RMEAAHX3
H7RHH7PX
97PRXLFR
LAHWAMM3
WTLWPAET
43RF4A7W
A39NPWH9
XKHYRK9L
KP4R93CW
YKHCW4WA
FRHPXXPK
N7F4X34E
A3HKN499
NENAMFAK
FX9FMFM7
FFMYTHEK
PCCNWXKF
NWRR9C7W
3H4RF43L
4HH4N9XE
F993E4FR
H9E7MKXX
3CTRFCM4
PHCLF4TK
X3WKEMAE
7RXFA9XE
N3KP3TM9
PXCFKEA4
HMWK9N4Y
WPNW93KP
7XXAHWAM
3YFNY9FW
TTTYTWYY
99F7AR3F
7FY9HPLA
L4AK4MPH
WA7HPFTN
MR4EKHMC
LPHXNYWH
WKXXWPPE
L7MC9KYE
L7WKRMC7
WXYCXKT9
PAHACLN3
MMC4MHFL
AYFMYMRT
Y9RFTF43
EH7F43YR
7ARRM9LX
HHPH7LF9
FYCFC9A4
MNMF3YYC
7E3WAYNH
4LTFEKW7
TPKWWTL9
FH9KEYC7
MWPM3F33
E777FY37
KWT739NL
W37XL7YA
KPTYAF9A
EFAAK9E4
HTH9W4PN
HAM7HLAY
PKC39HCA
PREMYEHP
KRRFNLTX
9MCL44TF
HT4XYCXE
PFYKNERY
XTM9FP9L
N3KCCHY9
NPTMW93Y
TH3FX34W
TAC3AKKK
R47ETCEE
KLLEWFRC
9KLFYCRP
W77WXEME
7XH4PEMW
HRHKXFCR
79HCAWFF
HAHL44Y7
MWHHH33Y
7ANNMKL4
WC4K7CCA
CPTHH3W4
4XLCCMPL
TF9THHFX
TXACCA7A
33NYXEHM
TTW74YRY
3FNAA4CT
PMNTTN7M
93PR7TAC
AMM334H3
F9Y9EFAW
TACM9LX7
P3YNE7NW
WRK7EPX9
APP7HH74
4CM9MRLW
E4MFKCRW
K7KKLCA4
WC4NTYH9
AFNLA4HR
MX4LXN94
L3YYMHAE
PTRN4CWX
K9KRTATE
A73WWC9N
MCYCRC7R
9MMEYMTC
E4M33TLH
E9HHEY9P
CMFP3RWM
CTP7WWPE
7X3W7CHF
EWFLKFWY
LW7TFKTA
FC3YEWFR
NCTEMRRK
94A473WF
9HYTF9RX
FLP3PRE7
L9T73HWY
ENTPFWFE
9WRWA779
YLM4NYMH
TCKRTWN9
9XKKHF3M
PFAWE3FC
EWY39A4P
YE33R7EL
HLPNH97W
X7ANRE9L
NKNCFWRY
EL4X9FAL
4LP4CKFT
HXP7XN7E
9MMX9N9K
EMXM7ELF
TEAXEX4M
CWWLMPPA
E3MRXPY3
9WYWNNMF
YC3KWRPW
WPHWWFML
CREKPRME
XX7K4MXF
NXL3PALM
CHETKT93
NRRTEK9N
497ALTRA
4EXFLCX7
MMKACLPK
PPYKFMFY
NTT3TRAK
YCNWPHLC
R3CRNWAX
RCEMRFWC
TPWWWFAX
Y4FC4CKY
KHE7TFXP
FPXM9PHA
CHXYKERX
YFT4XYHA
7ERNNEA3
HA7KT4XN
ME4TXWLY
F4X9YAKH
PXERLX73
N4YYTMYW
P374N7E3
AAHFHFA3
F7HTTNWC
7FXP7YXE
ALNC9AC9
YWEPXCY3
CFMAK7LY
TMATLFYM
443KEH9C
F4NHLKR4
CLFMK4CR
47PP3AH7
39YA4YRW
NAMRKEKA
9FAR9A4A
WLXF9NWY
RPT4NC4L
PA3WTXNL
4RK4FXLT
CPR9XW9C
ARTWNLWT
WTK7KXEM
TH3KFKMF
4MCLXMEN
W93YERXF
FYKH7FKW
PACTAPFX
A4XTPAYN
NNLHLKAA
LCA4XRXE
N74FT3XY
CN3FFMNX
YTMPR7PM
LR3Y3NHK
3ENPK4WM
EYPN7WXY
WYY47EXF
WATN3R7T
L93XC39T
KFFFHWXW
439CW3RE
CNTWRAKM
YLANTTWR
ATNNYWTA
9NNHMX47
H7CRRARN
34L9L4N7
CL3H77YN
XMTM7YYA
A3Y7ACL3
WRM4EYHP
9EFNNCF3
NA3HF79M
7M3ACMA4
LWLHT73E
A7WPY734
N7AANF4N
CH4RPYN4
PNPCWMHP
FX9CYKLX
CW4PNW93
NFFY7FEL
FE9RYTR3
9T93WHFX
N77YCRFW
ERTRC94R
LLH4HFLM
KY7HYK4K
3K77KP3R
XE9YKH9Y
YN7AE9FF
AHPMPLLX
WK7LFM9T
FMMM43E3
YE7M9XNF
LNAPTMXN
7APCFC34
ENTMYNWM
9ALF3MAA
9PYTMREX
CNACNKYX
ACKFXA3H
RCFTHWN9
YRYPLTRM
WEFCPCRA
3LN7RMF9
7LRF9PNY
KNAHCNHY
9W3F9FLE
EXHRMHMR
AFX4CTLX
PPN7WCWC
7FEM9PRK
3FFXYEPC
MYRKNAXX
3A9MEH3K
EAW4WAC4
H7XT9MFC
X4R4CR4M
KEXC7AYH
HNACT7WY
YLWE3ET7
9MHNXP9Y
AM9HW3NA
XN79TTCN
4NPC9HN4
LHX7MCXX
KCPCPNHA
TXFKWL9Y
MKART7H9
97KE7MRM
TFLYC7CK
F4NAKRWW
MNW9FPRT
RTEPWFTR
XAWMM37C
4W9CK9MT
X94TCCPC
TKFLM97H
RPEPPWPH
F9KCCE9P
XRCMAC47
TCRW4RNF
9HYTH933
9KPY9TA7
LR3PAXHH
PX3PXTY3
KKXAFTFP
34YMWEXX
C37TFHFC
MFHLKK4F
CM7ALNCK
KH4M4KLR
FAN3NWKM
NXWPHNE3
A73YAPTM
PA9HXLNX
HXLX3KNW
LPKKNMCP
LNYYCLWX
PCWFFP7R
XRXKTFK4
RFYN4TML
34EE3WF7
XKLCX7FC
PTTKLR9N
4PY39TLH
977RWYFP
FCLLLRHN
LAPMLWER
3FCMENLC
7T97RTMP
TWMM9WTY
FTNRLAN9
NTPXKPN9
XLP9P3NF
7H9PKAP4
7HWT9YYW
WAELN9N7
HKKHTRE7
XNNYLETM
CCXFH3YF
PNMNE7FK
PHE3HN3H
LXC37E4L
PMPWFFP4
RHE9YLTR
YTX3M99C
7M47NMPX
3CXMTENY
PAKMLXN3
K7LR9HWX
RNPRK7L3
AMHRXLM7
ALWMRLYW
HLLHA3YK
7HR9HYNE
PCTKH3YE
34F7CAE7
A4PNA3FF
7YMEL4XX
HRNEEFFL
9WTY7H4R
497LWFN7
T7PPT94K
MFTMCTWA
3KENCMR9
XNLP4W7F
WH7WREKL
RFTKLERW
W9AME99C
WERRLHX7
TTMANERM
KAW79RFK
AFKMYM74
F4W44ARX
WTR4YMN7
PR99ANKF
NWANC4LM
CNRRL3KR
PFP9PT7T
4XHPNAFT
MLNWNYHX
AMMR94XX
9TKY3XPY
KRL937HK
CP49RXR4
FWHAH3FW
T9AKCPL9
943YLFNP
KR4LM7EN
LMMYE3AP
9CYA4PPH
WFTYEYL3
EMMW9P7P
KWHFRX4R
HWXHNYPN
FHAX4ANE
4KXCWC4L
MEPCHRKY
ENLP4R73
CAYMRYME
4K3LKF34
XYTA9Y7H
NP4NHW7C
9MF33XCA
WLPMPF7H
XXANAYL3
WKYFWP4L
H3RWYAM9
CXTAPMWR
TCAYAYMX
7P34YWLF
93YN3H4E
E4YPL3M3
MKAPN3LF
Y4AYTWPT
4NM7MTRN
4YACWTL4
H9RCFTA4
ETA3FWWF
PFCPNEAF
LH49KPC4
H4YHAFR9
W9LCAL4H
CTXCWTEK
PFKTXECF
HRELYPXC
PHNAFW3Y
9AWW7LM7
AKTM33AF
W3PHMXRA
YXHWMLK4
XEH4H3C3
KNLXFCNN
79XTM9TK
W3PFAXMK
P7CY4T9N
WCPATE9X
39NEAKXN
WTXCX937
NNXP3N9E
RLMHERLW
XXPC9YF7
MLKPX74R
33R3CFWE
PYA7R9AK
LECNYLNA
W9H7TEWM
3KHLEF7C
WCE3PLY3
E39RRYNW
CR9TE7WT
MX4L4FXL
Y93CFP9T
KR4NYEYK
AXWY3HAC
LT9HXCMK
CYALCP9K
EAM4YXEN
REYC7MK9
YTNCAY3N
NAWYMYFA
PYAMFKKF
WH4RRNK7
R4XNK7EY
3HA4TLCX
7EPXXEAX
TC7CCNNE
4P4FKKHM
NRL9CYCF
H34RP9KN
KC7HXEMK
4KPNT4LE
7FHKXH3N
FRRWR4YR
XFY9E97P
KAFHKHWW
YLXT9WTK
3L7TEYC3
YYRCH743
L7A9YNX7
THYCT333
MCLMCMK3
CRYELWFT
9LA49C3W
LM977FXW
YCXNCPXP
TF7NMTHL
TK73KXRT
XYWCXF7C
AFLNNH4C
LX9PYY4T
TL3AKRNF
RHWRKFKT
4FHCE999
MPNYE9AF
RWHEAWMX
L47CY4PF
L4FYTAYY
3CCW7NHW
FLLE3XHT
XLTAHPPE
PRFLEKAT
LYKWFPKE
99N7CRY7
X4XWM9XN
CCWR93EK
NL44TH7R
KHFXCCC9
WLHEMEAH
FFXRNCMC
FNW39EFA
3C4AP4C9
X37XW37N
K43XC3PP
Y7WLRX3F
E4F4A9W4
KXAW99K4
NEHMCTC4
XN9F9EWN
9H73TCRK
EYACTPCN
74XK9XKM
KPK79KAN
37LHEK97
NLHWYRKM
NYLW43KC
EXH4XNA3
L9R7P9KH
347RTHPK
LREPAE9E
LHHC7CCP
WNYMYK7L
PP7EMHT9
XYPW4XNK
XLLCE3HM
4YNAAC77
KA4MXKC3
YMLEMRXA
WNLRYTHH
HRRN97WC
W4RX3CH3
XFLNN9EC
LPE43H3E
FFPHXNFW
H3WYWWFP
ACTNRMNN
RKERWEPM
YER7TKR7
YWC34R99
PKEP7XRN
KTE7HXXH
NHPE7447
4NEE7XN4
YPMW3MLC
R734MN9E
YYEXWFCE
PHTN7MXC
TAMTKF4F
NETC4W44
CYA74KA3
TK94A73F
HNKTYTAM
RL74TART
44ETPMTY
PME7XPML
7H9Y3RLP
MLR4KFEP
A47NW7TL
3CRKNP7M
X7NAYHXF
4LF3WYE7
NH9YMAEF
HMRTY3EM
PRACEYX4
EPEYM7FF
X9FHPLWX
YWTLWYLN
KT4EKF3W
ACKN3A3A
AEXCRWPA
NMYPRNL7
77XA3EPW
EXK7LHNA
4ELL9YKP
X7CEWAFY
KLT3MNLE
W9Y7YL9R
77HKE373
7FNLTFKH
HCT4M7N4
E9LEH4TH
MALWMWLX
MLW9FYNA
X4N3TK4Y
MPAHCHPT
XC33RC9T
REXHKEKW
FC4WL79R
7FRART4R
MAP94ANR
A7KR3PNK
ERY4WN97
33PHALC7
HHXM3YFN
YKXMAMPA
MCRM7CPH
FMMFKCYN
AHEPKMKE
YELPXHT4
EYK3RXKA
WTAK939Y
44YHWTLF
XMR9CMHC
3HFEHHNC
NKL4M4CE
CT3Y33TE
KM9LL3E4
TNPTRRWN
C7WTWPEF
33N7AWTL
YTTFRFFP
PW9LRRLY
PE4XY97Y
EPYPRHMF
NFXCLRCH
9NCFPFRN
PMLLFHPK
K7ELC7P7
3LAYEH7M
7CHKFMCT
4KRT4YFM
W77LTNFE
TM3RXFKT
FTPAAXCH
T74RPPYP
3FANHCLP
XH744H4A
NTFKLELL
7X7EWNWL
NENFXKL3
MEN9Y7FK
9XN97MEC
39XKA97L
7FE3L9RY
Y3Y73TWN
MAT9LRA3
MYEEHYRY
LMRXEXAL
EY3ART3R
LN43LELX
9LH3XLEL
HXYA7RHL
TLLC3FYF
3X43RL77
WTLPHCWT
99M99WRP
TW7N7W9L
CH7KL9E7
7FTXWNLP
A7MYM77C
FCNM3A4R
9E39RRER
PLL3HHME
MWA7XLEA
KHLMFF9H
TWCNHFXR
YAWAXFYP
WE3HK94K
EFXLHXMA
LEL3ALE3
9KTK73LM
LFLEFFWT
HAE97FXX
LWF4HLAA
F4HWNC7X
7FNFMWA4
KH9TWNEW
KF4FCTHF
RWA3PX9W
AY39FE7W
ERAYYF79
K7CTYX39
WYFFPPMF
4C74HXHC
EF3PXMAL
L7YHXPP4
CMKNRFFA
TLMPE99Y
YNFNM7HM
A3TA337L
RXYEC9XH
AAATANTN
EFCCNCY3
LHH3NM7R
MKRYK9W9
WAAEYHPP
4R7PP9NE
X3XLRRM4
YHYPT7WA
K4R3AYFH
XNNXAC4R
CRW9YPFX
EL9NK4KC
T4XTENHA
TF47R3YP
LPTFFXWT
K9XXAY4C
YL47TKRM
NXFE7R9M
LTEMH7KX
399N7W3H
EAFCEXNF
AEN3WR7L
KTY399RT
H3LEPMF7
RKFXP7PE
YRAR3PEL
XNPKKL4H
AMTWTH7C
49MFNYA4
PKXRKRHT
YEKWMP3A
KAYEFTL9
X43CLKFY
LENYR4KN
CY3XPKRF
C9CE7XFL
KF4TW9NK
HKYK4L49
43KN7RFW
WAHNA3HY
7PRWRL4T
9M94PECT
PFTTA9TT
YXKNME3F
EFWLKF99
KXF4Y7HL
LK9PRYC4
TNX7WHYX
YRCYRPF9
YK7W4ALF
YPFHHXPX
YA9WFN3M
9L43HNYA
7T47CWXC
9KWXWPAH
CWPM7W7R
NYF9XA73
LFLHPHRW
H97HKYRF
XA7XA9P7
4NXMLR9L
FYML9PM3
FNFAHWPN
YYWC4Y4W
9CCTXE7L
PHK97YRN
NMHCLRPR
W4CL43LT
REFKWCFK
HXKNXNR3
FEMMPF4A
XP3AKFME
94KRC3EY
PLMFEREX
T3A7RFEH
C3PFRK9K
R7A4XM3A
3PWLWWEK
X3M7PTK4
EXM47PH9
9KK9XY9H
KRTHFTEY
W3CT9L3X
AAMYA4TH
A9MCRNCP
9KFKYYCL
YHW937TC
HRW9E3XL
MXXELHRF
3N3PNFY7
F3C9WPFK
NRTAHE73
HLF7MXHF
TAYCY3Y3
9R4EE49M
TAHXNW4F
RHHXE3PN
CATKERXT
NMLCYK3N
R9MXL3NH
EAYXENPY
WFXCCF7P
3HF3PMEN
FEH9934X
CWMMKLXT
P94ATNYN
4LWTP4R4
FYW3FLXM
WKPXTLK4
LEHYNM9R
ENEXLMNY
PPETNKEE
LTKL39PM
Y3M7CHXK
4ML7XTAR
P7WXWAFH
KXHWCHEA
4M47WAP3
KTYMR3NH
4TTPH9HF
7RHWARPT
TWANKL34
W3CPNKY4
L73KNALW
XEXXRTA9
4WHCXPHN
TCR997AL
TRX3YPAY
NKRWRTXE
KYMRMMKM
4HPYKKE7
NRLTRMF3
KRPLRHE7
PHAR3CLR
T7K4XMMC
T743LWKF
99YH9X9R
L9KEKNC9
7NEEMAEW
KNEYHF7M
HL3FL479
4WL99W4E
KXWCNRMM
47RFXP7R
YKLW4YAF
XP4NK9CN
3HTX4C4R
794YNN73
CPFCH3R7
974YK4LK
X9RMK4X3
XAPNT49W
7YFM7A34
Y7KHTYWC
9HCKYTTW
KALTF4RX
4HEXEFEL
77FLHPNF
EH3MENLA
NYT3L9C9
FLX4FXMT
RKWCFME7
NNKKAKYC
M49TK3F3
MKFM4A3W
CM49CCHL
M9TWYAAT
RRM7WPH4
9REPRHPE
LKPH4LKW
W9TLKCWR
HRFLNEPC
LRMXYH4R
NEYAF49N
7ALMY7NP
PWPKX79T
KRK9R7PF
PER4YXMK
MREKPM7A
M7CXWP47
97TFFT3W
YTALKTFK
YLEWACAY
C3HYHCYA
NA4WCR7W
RRCHAYH3
4NAY7F4T
3NFXHCPL
C3RR3XHN
ATTAWYNR
CHERLHHC
APX4ACLE
7R97WR7N
HNL79AW9
YX4P4RHE
TXTKET4W
7KLPR9NL
PXRHRLNY
CXCXWMHM
XX7APEXN
AKTEE7EN
WCXEREMM
LEFK3NAN
EWATNKEP
KECYWARF
AEC9MEX3
EN447AF7
N9HNXXHT
HMNC3TMX
KKHACXF4
PCWEF7TF
A94W7MY3
LYWFM4HA
RP33LNWM
LKT44WKF
AKEF73EM
EHNWL9CE
NXLA9RW9
R39XXKEF
34HRPKEM
4EHATRCA
7XFPN9M7
X33NCNYX
3AXPLLX7
7NERCXT4
PYYMYC9R
LF7KLTEC
YCF4RFWA
KCKCWRF7
ET97FHMR
F397L4LH
RKT73PHM
R9N4RXML
99FKNEKE
HW97KKE9
FTHY3ENC
ERYNTHMF
WHWNHMFH
P3FWL37C
XAEWW7NW
PNXAY7YA
3MYMLLT7
9HE3M79R
EFFL47AR
HK3N9FE9
99XYX9R7
MEKXPW7X
YTYXTT9E
N7LNWTP9
R4PXYAMR
PPMCAW49
PALYLHXF
LMM9MH9R
KLYXA477
X7KKRLTF
FARXRTLF
EEE7YE47
LWPYNNCR
TFMC3TNW
WW4WXCM4
A99FEMP7
EFRAXYHN
YM77EXKK
7C3EY47Y
9FEWPHWL
XR7YAX9Y
NL37A9MC
NNFCNY7W
LNPPYPC3
HXMRY4NT
WHX4YLMA
CYFLLAX7
YPEAXXYL
HM4TCKCX
CX7YP79H
WER3APCK
CTYL7M9F
FFYAA7MN
CT39AW4M
EYC9AC97
4YTYXHWK
947HFPCP
P3ARRK4R
NFK43AEP
L4EPKYA4
9WXEF4CM
4977XEPE
LMTWWRYY
NEPYCT4A
CT3RXHH9
LCYYXLEF
YYT4MWA9
R3LATWPR
KLX7RKKW
EYKF934F
HMNLR7E3
CTX7EW4N
3PNEFYA3
FTY9XTYY
KY93CH4P
XHKX4XHE
N93NL9HE
PLHH7XTW
L9H3NFT4
ANERXXP3
A9L4YFEW
APKKHE47
ATRF4C3K
KPF4PLLL
KAEP7MTP
9C9NMXTY
L4KAK39L
7XLL3HLH
TEXCPECP
NL4ECAPF
MNKHWAEA
4L7MRKRC
WFRKWYW7
XXF3CCXY
TPPYFFKL
4K9AX33P
XHYALWWW
KFW4WYP3
WNE4PE7M
XWC773K4
MCCF37MW
AP3T39TM
HCKKRMT4
F9994EKY
FPY4HA43
YHAC4PCL
7LHM9E4E
94WA99PL
PP4TAEXL
YNC93AR9
KNMMAWAW
C4HKL3RN
WRCN7ETL
L4PXT344
NCRHM7TT
FNCK9AHN
3HAY334K
CAEPEPK3
TAMH3H7K
X9FLEFNX
HEHHXKHN
WHKXYXPX
KK4WTX37
3FTA3AYK
3CYMKKHC
FWAE4MHT
39L3PLTW
FECCNPKX
ETYLYH74
WEYFYCKK
L94HMRY7
E3WNMRMX
HWR3TFNE
9MYKLWNP
FTYFEL7P
N3REMAAA
9K94MRPA
TPFR47XC
XYC3LTF7
AYTXHMK7
3EXHMWHT
9LR3MWWF
WAW9PFXE
NYTTKCR9
NXXFXFNM
LK7ECREE
R7WFAL77
EAXWKM7L
E4YMXKCN
X3HAX3M7
7NFNH4YK
M9TPRX4H
YFLPYC7F
PP3YECRW
E9XAAXMN
HAAT94HP
M3A4K3CW
WC3TNAPL
L4MEFXWX
MHNWK9FR
7RHHYEEH
PRMNANCM
MLLANLAA
LF7Y34MP
7AYWTPNW
ML799NAA
94PYNFT3
YXWKYTYR
MPR9TMMA
4HW3CLA4
NK3WCCR7
4LE3FNN4
EWH4N3XF
K9LX7FPT
PFYPY3WH
YM739TCF
TCEWWFE3
LXNKTYNE
79HKWWWA
3NTAFRL7
TFLHNCAE
9W3PRF7T
RKC4KXWW
74E77TAY
K9WXHC4M
PFFFL3HT
YKHN3XMK
34RAALHX
XNYRW97H
CMXFL3P9
HXMLMEW9
LKEAHFKF
LKXHTAFT
HAME7YC9
P9NLYKAP
TA9NKK33
3PRER7E7
YKT77PN7
M4N79WN7
XE4LF9E9
RYT9HXC9
APK4R7L7
LLKR3K3R
CLKPANMT
PLEFFXT3
YALHX7XA
3R34RWLP
TWC7977H
EY7EHCYA
YPF4HNM7
K939H9E9
3XLAN33F
977X394N
XN94HKY3
NAKPANL9
KTMTKXMY
9TAKLXLN
9KATAXAR
3RWTK7CP
FX7T73KH
4XR3AHX3
TET94K4P
T4AYAMNW
RA7KNRHA
3PKL3ETE
XKKXAKY4
RPRNT44R
RRTNAPY3
3HXETCKL
PLFXL7RT
EAWCA97W
4K3HE4PK
PWHHL9L9
XM4EAEKF
F4XPR9L4
7CXC4KW7
XXKLCT9X
KLP9RKEE
YXEWTCAK
EY9ECR7T
R4XYW7XR
9K47LF7A
7LARYYCK
PTNCTWWR
FRE9FT7H
M44LPACX
9A4E7TRN
YYTT9YWP
LH4ANYXK
3TY3MERL
XCAHNPK7
NTMF4AFH
9FX4R3KR
WFFWF4NC
P7TTHMXX
NFAEN4XH
7WKL7RTX
CH7RR4LF
NNNKK7KH
Y9NCALNH
XCRANNMY
RANF7WN7
L9WNC34L
3APPNT7T
PRXWPFT9
KH3WLH9H
F3NK9ACW
YN4744T9
E9HKFFTC
7WCM7CTX
A4PLRCTL
KFCL7A3N
3TFCMAAK
3XLLKE9H
MMCYA49C
3XPNMYN3
K9TPNLR7
FYXMTXC9
RPKPCP3C
YH7F3XAN
PK7LNM34
7N3NCHNR
R9WFMYYT
CCLN7WXX
KWW9XXW3
YXCM7YNP
FTECKTEM
LR39CX3L
FK344XLA
WK3PECXF
RWT7ERT7
ALKC3NAH
RNXP37PA
9YKK7LCP
AXMLYPKP
H9WFP477
CFY7WFLP
F33KTWCH
A33CL7H7
EYLFRTCX
RT43WAEK
XFTNNLEC
4C9K7WT4
PN939Y7H
RE94MMKE
W74XPK9M
4NACPFTX
AFNFF7RF
9EPTN774
WT3RAXW7
YHRKWX7E
MYXLN9XK
7MEXEE7N
9L4YNXMA
CLL9MNEW
PAAHW3XF
KATT9MP3
RNYXTPNF
NXKXWCPW
M4NHXEMH
3L9KPNHM
R4AH9WWH
7CHCKALT
7XR4T3CE
KRNYL9FH
4LNAXFEE
PPLFH3AL
EMWHPMWK
H44C74FP
HA97EW99
ENWYW3HF
4CH9CF9L
7HP9KLRP
3F3M77LL
HNAL7MM4
R3WRXRAN
HCW9HH9M
FYW9LLRP
MFPNP9XF
7LAK4X9K
YW4FFWYA
CK3WMLTA
A9APH9A4
AWPNNHYC
TF9TLHAR
NYM3LLPY
FLAA43FX
PFPNRMMH
F9XWLCPH
9KTLET9W
X4K3MA9T
W3A7T9NR
FNW3XRKE
C7ME4T3X
T9FLE3H4
EMNE7PXR
7KKTHAXC
EWLTA9PK
HYFX9CEM
M4EL79T3
ME9XALRN
XPXHX9E4
ANK74RH4
KTF4XLY9
3CHHF93F
4NRMNMWW
YH9PPLPN
MEHMW4XF
7CWM7ENP
49HK99CN
FAEFPY3N
ERLEEFTF
TYPHTPEN
NRRH9NCP
TMKWXC4A
7PX97FEY
AKFA3NPC
F4MK9HKH
MTW9NFXE
3WNFAKEP
WRT3K97X
4HWRRA7N
RFPXXTCM
LFKKH34X
K9AWWXNM
MPWRPP9R
RWMT73LM
R39MH4AC
MFEWTXER
XCANHWCY
X3YAMXN4
MP3PXAEL
L7W34FFN
97TLEFYM
MNYT77AP
REXXWFLE
47ERRNE4
ACLX97YE
CE3ARLFT
AXYMN4RT
CP49KHPE
CWNFLYPE
K493TTTF
744NCREA
47THNN44
L7W39FWT
NAA3A4CW
3PT3ELKL
NYCWXK4Y
RH7FLHNR
TLRACXTX
NENM3CAE
P7M3EL4M
397KT3TC
X7FCPRHN
7F4RAMPT
EK3L7H7E
4EMY9EWW
T39RCXPW
N4RFXXLR
HC49HEL4
PANFYLEA
7KT4EMTR
KRPNKTMC
NLCWWTFE
49NKMWFK
3MFMAXWE
3AEA73TX
HKKX99XM
CT4X9AE4
KH9H4E9E
TLYTRFMP
XKPHMKKH
NKM3AYTF
AYEKTYKT
MXAPERRF
PK9WTKKY
X473AAXY
MFH3PP99
XWX4W3R3
KY7WFNTE
CE7Y39MN
YM4K7C4N
R4YAPCP9
YHAEFPN4
PNFEEKM9
9MFCAYRX
FYLMHAFA
E4WKRXLW
NA9HRNRX
WNMMCHNW
93EMRACF
7PXF4NCX
NNHRRCEX
PCT3CNH7
A4MMKKPL
TWELWKH3
N7L7TWWW
YHEMHXYC
XRW7XCCC
APKXHPYA
3YRL3YHH
A7FM9P74
TKX77733
WYLLHCTX
KAK4LPHY
KX3CACHL
4HC37K9H
CRWXKNL9
X4XWXATW
CKWRLAFP
ECCYWLNK
FRMLKEK7
REX3CRXR
P97WKLRP
X7WKC7NK
N4RPEXAL
NEWE4EMF
EMX9MHN7
TT3T4HLH
YF9F9EME
NXR4NXME
NFYHAP4T
F43KW4XX
3TXEXMN3
FKLKL4CT
YK4TAXKX
LCH7AXWN
3X3HC4K9
AY473KNX
N33N4L9H
LLA4779C
AFY77KRT
CFW7XPW4
ML3MYCTT
9NK97CT9
XMRN9C9H
7MHHP9W3
MXAHH9EH
WTWL94KP
9WNF3HMK
WRMR7CFC
CYKCLTXM
EEHE7F9P
7K33T97Y
WNYRMPWY
TY3WRRK4
PAEYC47W
THH9PHP9
XAEYWLCX
YL39NCKT
RPACWHWA
PP9TH3XP
CE9KE3HK
NP9CFAWF
KTR3CRN9
E4NLAH7M
9F4HALFK
YLKWYHL4
N99KF3XC
WAMRTP3E
3NFW7C73
HFHMWLNF
LCLA44AR
TKH9P7LH
394FN47K
MH9P7RTF
493XYXMY
NWF4MHHX
TCF7XHPY
LKCATLK3
YREYM7YM
XYECN7LT
PFLRPXW3
EK7TF33H
EAHLYN3L
YHKFLE93
KTXRNMX7
NKTX349W
R3YF4NXH
MPCF4MER
H4L99PW3
N4Y4FAA3
HNCPELE9
WEEH9WT7
MMHXXCTL
7AYA77TL
RHP4NMFA
TFWPKNAX
HHCT4WWH
PTMRK4XR
KCWAWLEK
C3NKLX7W
KRPLEMTX
ERNC9RYT
9P9WH7C3
7MKPMPWF
PFL9WMCM
ALFLYT4C
A4WCPA3C
ACLAEW7A
M3TX3EX9
YK94MYRE
Y97NFXLA
CFHFWCTA
FHX3CXNM
9FKKP3KY
HHK3HPMP
WF4PMXM3
AYHXR3N9
XMPMXLFN
RL9EWYNY
PCRPT4LP
ATRXA4PR
MKEWYEKK
PAL7YYR7
CFR4RTR9
FHHEA3CP
9RX7XER3
KMMM9FR4
EKE9AXCC
MELHMWN9
YTT43MLY
CTPH444X
YHYHTWMK
4W4EEPAR
TP7FEF3H
C74P9EEX
KA9LPHKL
AHLLFE4T
XWH4LYR3
YPCFRCHA
CXK9YTPF
HWNYKTYX
PWFKK93C
7XHMAATK
X9YYWEEA
ENYCF7R3
WXRHFK4P
X9NLYKLK
WYK3ACTX
YX7MCELP
P3YMNK3N
7FCEWXCK
TXFKXPLN
K9LMHWHP
TKEMRCNC
KCEK4LTC
MAYL4YRM
CFNRWTCT
X3MPCER4
7LMY34E7
FFX7TC3R
YNHXLAYK
RA3HNMTN
PCXC9EMC
NRKXCW74
XK9RK4MY
FAAWNWM7
CME49MP4
CYNPLCRC
X7LHARP7
FY9XH3YX
9FEXXPNH
CLHT9MT9
TN34R7HR
KCYTNELM
49CEPF3L
APHRREX9
49R4WEMR
MHK7T4FM
MLLMMY7L
PREMAW9T
H9N4CYXR
WF499CN4
HLMWPHP4
YH7Y4974
TKTRLFRW
YRKMPALP
WLXWPX9K
T3CFLT37
YHHK4TN7
NNH7XN9M
M9PNNPNK
EMKNXKPP
M7TWPTKX
PT43TMW7
TE4R3K9F
FE9A34TN
PLXFPYY9
RXCRK3RK
PLF7KEAC
4XC7H7KH
7HCFEFRP
AEHHK9XH
PNRXECNC
9R3N37CM
YWXPMPEN
MWEHEELP
NT7ALC7L
PTPAHWCH
4MNEPFXE
CKWF33RF
93CHFH7R
M7XY4RKA
M3ERFYH9
9CPL34X9
TF4W4A3C
Y3CFF9HE
WPRAAN7X
YRPHPYXA
9EHTNKEN
LAYCTLKH
3AMRPNKX
R7RMNE7W
MNAHC99C
CR7KNPKE
PHLYRWLL
HTNX4WRP
43LWPT74
PTCR9FRW
XCL9EYXW
EETMCEEM
CTNP7CKW
RPF4CKP4
39A37CYW
EFE344LC
PA93MMYY
9L79CXK7
APX99MPN
3LLYXPRM
3RM3TL4A
4R4FYPKY
FLNEP43A
EY9FPFEY
TXKLTPLF
E3WKYC3K
TT93RHCP
M443T7WT
C9E7P7LF
YL4KKXHW
YWE4CLTP
WLTLE4K7
LKN7ARXK
AFFTP3YE
CE9KKKRH
7N7NLPLY
7RPNYFY9
73RKWWRH
WXXFYMLA
CYLN3TTX
K4Y3MNHN
LARHXWNH
A7MLXWM9
L7KA3M4H
93METPNE
LCPW3XXE
HMCYAXMP
WAP77ETC
KC79T7TW
YTEFKARR
W3FN4HRC
YNKAC7AN
A4PALT7W
933XX4W9
4CXTYP7L
49CTH7TA
L44CTLFN
H4PRXCPW
WP3EHETX
HML3MC7X
X33NHML9
FRPPRRHR
RKMFAHXE
KFH39TKA
RYWKCK7A
3RCWR339
PRP79NTM
P4RRY43K
7NR4HTLM
TACEN99W
Y4META9A
PPEYPFR4
TR7LF444
W7R943PE
EMXA7XXN
CHHT97F4
XRFNAAAC
WAC9AFYW
RP4C7NHN
7RY9XYCT
LL9KMCYC
RY7TNF3F
YC74EEWE
LTRFMHMR
WMMXCKPA
34KHW397
A3LWH73F
WRX9FRLH
KERXMHHY
MPM7X4W9
74K7PKFA
MXRCEX9L
9R7YCKWX
F9NYK3M7
TA93YC9E
A4CT7447
T4AW4RKM
9MXWYCME
XXRW33MH
K939XCEP
EAYWXTW3
ECKAMNKH
K7CTWHPL
FK9X4WPC
LFCY7N7N
774LW43X
9LLMNWLA
LCAMHCAL
YT4M7HF3
XPTLKNXF
X3Y4KKTC
ERCAMHEE
4MTNPFP7
3E4WEWLH
7LNMKW9R
HMYR9Y3E
HF33XL3P
E9MTK9TA
4Y4KTMNF
K7KCPXCP
LEF3H37F
TWLL3YCH
9AH94F47
AFN3LWHK
KERN4LHL
3LARTNY9
FK9ANA37
HPTPYXCR
99C3HT7P
WCTA4TXA
YYAWYY3T
3WEAF7NF
9RKK9XNM
LT7CKMFX
MTWPWK4X
TPH4CLXL
CRR7EE99
ATF4MWMH
AWWLKFPX
9XENHN3F
AFRLW4HL
3XLWLWRT
HHXPL4LW
R33KCK93
LMFPMMKT
R4CHPMLX
3H7WPMEY
7XEPA44M
HCMWKRMX
CY7LRNHM
FPWYKCE9
CNCRK7YW
3XYFMPTX
HYPLFP7W
TNAM4KFE
ELXML4NX
M9744WXC
4AMAFT44
YF4FMMPK
P9HHYWE9
RE4ME44C
3YCXKAXR
E3LNPLTY
3TF799CA
37YMHHMA
43YTE9YT
4Y4W47EK
NYT9HEL7
KHHPP4C7
H49EPYEM
P939HF4X
A3TKCFE7
YWWRCL4R
YN7K9HRF
9FKFR34L
Y4XYTWXL
XX7FYL9N
T7AMWTMX
TFRE7HW9
CRYAH4A9
RAFHX4XF
PKPP7KKK
FLR3AXEY
FR4CNE3C
RHEAPXCT
FYYLFRNT
YHTTEKLH
EKCN4XWN
NMWEERFC
TC4XFH3N
NCTK4PML
XEY7P47T
47KXNREE
PPXC9779
THWRTC9E
NW3YFTHH
9EWEYPAT
H74FARKP
YPWTPCWA
PLH9HEF3
CCPLH7YH
3L9EYTY3
NANXP9MY
9A3WPXCE
PKF3PMRK
WMLPFTY9
C4T9LC4W
YPHT4CPX
HCNER9NF
PFMFFAM9
33WHMECW
HNKNXMWR
EALWACW9
3AMLWH4C
WCYAFAKC
TKR3E9MK
EHA7A3YT
F9XERALY
H7NP49HA
3HLPFYER
FPFMKKMW
HXNYKWCX
LEYYANHN
E9N4C9TC
RLMTR9L3
PT9FENPF
EX4MWCER
H4A9KHL9
F3H773E4
MH47MTCL
9XR4M9AC
3CCPM3NF
C3WCCWW9
73R7NNFW
47L74KTK
MYTKAEEC
RTNR7MPT
PNTWEXH4
9TAEKFKT
79F7M4Y9
7X7TYWER
W44KA7TH
3XA9XRXF
CMLTCHX9
WMLEEHTN
XA9LCXYL
LE7C3WEF
KTC3MEPX
E39RXXFW
3XPNCWH4
ERXNNEMC
HCKTHPM9
TYCNMKAK
NMF7RXKA
X9CCX7NT
MW4EC3EA
A3PR7497
AR7TKXLT
R3RMCXRP
W77YFXAE
RN37LEPY
WMWLPXKE
CFHAMMEE
PHFMNLYF
YAK3CMC3
XP77RY4K
RCRTFKT9
R9NPRKHE
EA9A94NH
AC3XP99K
3WTC3L7R
HKC7FRP9
EE74NCNM
XELACTKY
AHXW4EFC
XRCP9CLL
AXN3CWX9
HACRW49C
XMXHHFRN
HPEKKTT7
X7YKNKRW
3WPWRELT
EFR4K7WA
4HKM43TW
NYWXA7XR
TE4A3P49
Y4EKT337
FX9YRAHL
N94AEFAX
9TCHY7YL
37R3PKLM
4PWC3MPF
3XK4K497
WEK3NYHY
TMXLW333
7YWFXX3N
CFF3EY9N
XPKEP4NA
LLW74CMH
LCP3LRP3
PXK3NNT7
9PETHXCC
HRYEYK4T
WH3K9YXC
M4WTFRRR
EYKPNRRL
47W97WTE
9FRF4NFP
PWMM7TA7
FLA9343X
TTX3FMXL
W97FT9N9
KF37TCWF
RN994XTY
FRHW9NMC
HTMA3W7M
K9EKM4W9
NPF4TCYR
MTYTYT7R
N9REPTMW
4TNCAN7W
9R34EXYT
WKWXCWKE
P9PK3EKL
3F4PPEM3
R7WKWYRN
MY3AMTWN
RK773HHY
YK77AHPF
AXN3RFLR
RN7MAYTL
7ANK3R3T
APPKP3L9
T9EMCCLP
KEFRHXT7
TRR3A9HX
N4W9RY9K
ECW9WNXW
F44YCR4C
NC9XLW7X
ANYCNCFL
WYY7WE4H
HPHH4YH7
XYYYPRAY
347C7YXK
CNKF4CCL
CWFPECA9
KMPNKCFC
334KHEFF
3TACEMC7
XR7FAC4F
AMEKMYMW
NWCRFE9M
N73PMPWE
99E9R9NF
CNKKTRET
P79TANPP
PMLKRCW3
ETKKFLF4
FX49NTE7
RRWCPCFW
E4E4NLL4
RAW7RHHK
WC7EXP3W
79TK9MCW
R47MWLFW
4TNT97C3
47TX3EWT
WFRNPCPE
FEN9A3AX
MFY9WT44
NPKRLYLK
PMH4RC7M
CWPXF33K
EPHCYTXX
ERNAEWAN
3YLFXYYL
HX9T7NLE
RXNR99NE
NNA7PEAP
WAEXRPW9
HCAATREH
LNPPPMHA
TMKETTPY
HME3FMX7
3LXR7WTW
3NTKTF74
9PCPCLFC
K34TXPHN
TTT4FY4K
KFHTYWTT
MK3YEELN
4KRECYNY
H94E3R74
PC3F4XK9
LYP3M44L
MYKCMXMC
NKP7WMKN
RPYYTXY7
434H3WRC
9PCAPFAT
LCP9K9PH
YLL3A9R9
3RLMM9KP
W7A49T3W
X9F4KP9X
9M349K39
CR3NRNKT
WNFLTPTF
4PTLW33W
XR9RLFLF
EMKFMYWR
KMMMLRER
4KCHFMC7
M7TLERKE
KP7N9CKN
RW3H744T
CYTLLFXM
37RX4EPC
CMLFLNL3
APKA9C4W
YMX3PWT4
43KLWAHX
KXKYACC9
7ACTNMW9
RCARTK3H
9MXCCFPX
YL7HYL3A
ETXCF77L
RPR4HX3P
4EHMYX7F
9PKYEAMX
PXLMKTFF
YTEELW74
AMAR3KAK
3AWH9ETC
NCMT4CCT
KL939HLH
HWPKTFF4
NXYH4KKC
3AAFMFXN
FKLPX7EM
9PY7YTL7
ARN4AMAN
NEPEWNP4
T97FAHPL
HYWKWN4N
743EEHR9
YRKFNMMY
R4AP9AXT
WMFWHYNH
9CMATKWH
W3MCA7EF
3HWKFAEX
LXK794HY
XNF4AANM
PWM9KKC9
KPMT9RNW
FYNTWW43
CFK7XHWN
973RWW7N
H94LLLFY
TAX4H7PP
37PYKWRK
XYRAXAHT
TKLTLYRA
F7PK7NFL
FMKRFXNH
H49RP7YR
7MR9XA39
AXPXWTW4
FN4EPFLL
7XWT47TM
FKCMCPMP
EER9NE4A
TAXACEFE
A3APN4ML
79AWLF7N
TEY34Y43
W4WLPNLN
WLPE3FFY
9TX93HNL
CHM7N9CM
7KK9E9MH
T7XNYHWR
LTFWXX4L
AHWYNXAE
773Y74HP
C37L73W7
LMKC4EMA
HFPFEKC7
YCF7TE7H
MTLHLCRY
NCM7FEER
YYWKXNTN
R7K3EAEK
K7WFK37W
ELEAKLC3
KKYKFHEK
N9HNRLHF
34E7WTEF
FXLRMR43
NA34CMWX
WMWCKMMY
RRTERAHH
7YKL9NP3
TRA9M37E
RAN7WWTT
F3NLKFCP
RKXNPPH9
7EKLHLT9
K9KW4E3N
3HAHTAYE
HM77MN3Y
E7E93TF4
PCKMY39P
7HEHFRH9
HR7H4EH3
NRKE9R3Y
3HY3CFM3
HCA3YLH7
7W7E9RC7
F3YTN7AL
CPFW7P7W
7MXCWAMK
M9MA3MRH
N7N7L439
FCXACM3W
NHLPYA4P
WP7APKTL
XH4AYPA9
7FRPTFYT
3PTY9HYY
YM7HAYEP
RXY3K7EE
RPYE9NA3
LTERNW7X
HK3E794W
NPYHKEK7
NM7P47KE
PPARNH3K
HT3FRTWA
ACR4TCF3
PWNXRETY
RYEHTYME
EP7W3EM9
LFWPPFLA
T9RXKXXA
MXXLLW9T
AAPHMCRL
ECYXX9LE
NCAKLERY
74MWTCYF
MWK4RLNC
XXFC4T3X
9HAFN9RE
WM9PRLWT
ELCR3N3H
47PELXEX
C9X7HC3T
7WAL3N49
NCNAC4CN
YWRKPFAW
ERE9LFA4
TLLAMCC7
WRRWT9WH
PLC3FY4A
T4CEACMR
NHYEHMXE
MX3YKXA7
CKFH7L9P
X7EYNRNL
TNCKKTWE
KXKNPMCT
ECC3HWXH
7AAPX4LK
YCTLFFHC
73PXHC39
CCNRHTYN
YM9FEY4X
EH9N7RTM
9PMTHEKE
PC9YA47X
9XFFXWPE
ML9ATY9T
TW4YEEAP
KHCAREFR
LN9FT7RP
NRC7C7W9
K9PLCXTF
YNT4NL4T
7WPECKE4
9RCLHNM9
33CAH9KA
LE793FTH
EWLNY4F9
K7A9FRN9
7EMXAANW
MAWEEWFC
LMER4YC4
Y7XHR9AH
PYTCWHF3
WEWXYWMH
KCMFLYKY
49NK9W3P
XM937LT3
NH4T79K9
EH9C97EX
9YPYLNLT
ENTPRNNE
3NEKYCTN
AN7TFT4F
P9KLEMTL
XAFYWRPT
K3PKKHHE
YAHMNARF
H39CT9RX
KAHYTPYX
4ALYCY4N
LTFHCYEM
WHMYW7MF
WK34XF43
YFWPTMP7
TYLWL9X3
9HT9KLXT
MRNRFMH4
XLCMWRYC
34YT4FWF
WTW3KLPW
L7MEKNFE
WALXPNC9
ECLXEFRR
N977HNKC
W4HEMHLF
Y7W9XAWE
AL3FFMM9
KF77HYHK
LELH4WHE
TXMRRLCF
C7KFLYAN
NTEFA4MW
YC4NTKKM
CFNAENEE
PYMML4AF
EW3X7W3C
E7WWXNHC
P4TATXP3
A9MMW9KN
3LYEWMP4
43YNYKXY
4L49Y4X3
LYC43RYK
KHMXPFNE
9WEYEKAY
XALPNTYX
PXYPML7Y
NACEN9KL
RY93LRLH
9RE3X4RT
X4N4W47X
EEMPTN37
WATELN9X
AYYWANEN
RFMKLNNE
L94NCYTF
R7MKXT97
YRMFWKCL
PCWLKT9R
4T4MXWLE
CWAR3WHW
KMR3TMM3
FRR949W7
7ENPCRMY
P3EHKRM7
AKTFLAFH
NLEWMRKP
PYRMPF9Y
P3XYN3AN
39LAR3EP
4EAAF3HH
3C3TW7P7
TFHMMEL9
XAYRPAT7
7T3RFRNH
TRCT7M4K
WENERHLE
LMMWKFEH
AC9HYEYR
MYTL394C
LRFLKFAT
MTWPEW43
MK7XXENM
777MYWWF
CX39XYHY
737NRWTN
RFKWYRRK
A3W4RF9E
XTYACANN
CNWWK9WM
RM4W7A3K
3YXYMFK3
CKCL9K33
CRXNEEPW
LCPECAFK
9MW3YXYH
CCPFFHTC
CMCK3MMY
9WE4YHXF
T9ANX4ML
EH9YKPMC
W3LELL94
E7LELXK9
WWY3P4FM
3Y3T77E4
CHTYNT9N
AX9XFLPE
MYEWF3F9
LAFNTYHW
MLYWF4NK
EM7KHKMC
XFC9WXKK
E4WYKLFE
FH7M4CT7
EHXMH7PX
Y7L7A4KM
TT9FRNNF
XT47WHXP
7AANLRYM
WTPY7LWL
E7Y9LYFK
HKECFFNT
TFNWTNTN
KC7FET3K
THKLYEPL
WE97PCFK
N79Y7KW7
LMCRWHPF
WAXPHRHW
LNF39LNY
7FTAMLL3
WLWFRYKL
RKM9HPN4
FXHCR9LF
PCA947LK
CCMKTR3F
7PMHCA3L
XH47CWY4
PYKFHMMY
7TXC34LX
MRNCKTEP
MHCA4NPX
37ENELTC
EAPNEM7X
AW4HXTTM
AFWXCNPX
4WKW49YX
3YH9CMNT
9FRHY74F
4KKP7NC9
P7NLL4C7
LLKCWFP9
9R4TPMNH
YPXR9XTC
XHTNWF4H
N9N7XWEE
TWE43YEN
HWE3H9TX
44F794XY
3MR93T74
3MYLEHYL
TAA73EH4
4FNWTWC9
3KKWATC9
AT99R9CC
PCHMAW79
7TW3LFHX
X4E49YHH
M4HXNF3R
EYFNEMAN
P9FPLKKA
FTW3MCWY
LAEPRLCF
9WA9WF7L
ET3C4FY9
WAKYEFA4
AWAM7LCL
7Y4A9MCW
HAHFKAFE
4EYLEW49
R7LMMCEW
3KK7FEAA
7CNFXLYA
LCNNTWNM
K9P7HYP4
X74YRTTM
XP7MT7CL
AYFKMW47
MCKPLEKX
KKPPHYMC
XH4TF449
YWF4TTK3
YFCP7T3C
KNKWN3XF
X4TR7NCN
XE4F9AKW
9RR7XXTX
PCAXNCMW
7NWX34MC
ETEE7EM9
XPNNRTRX
HFMEFNRY
WH9EEXXC
7LAHAEMH
C9WMALHR
3MTFENYR
NFX9AM93
HF3R3ELW
X4KNHPL4
NYYNNC7F
EFMHHAKR
Y93HPKRM
3TRFPR4A
L9CMMTHF
9XEMWYAT
WK74FRH7
E3PFLNCP
4RHRPEER
W3YYWLKL
YKMENXPT
W9L9LXPC
LM4MFKA7
MPYAKPKX
7AEX9H43
X4RWRMLF
FTKCCHRR
MF3TAP7X
4ACYC9AF
K4WFEECY
RFANMWC4
RHLX9M3X
XELXPLNY
N9AXTTR9
4FRCX9R4
4YEKPW9N
F4347E9C
EKLNM794
E4NHHMM9
RKTRMEKT
T9YT4CXK
4XXPMNCN
MPLYTMM7
44YWNNN3
4YCE7NYC
H7XPE3WX
MAKNEMLP
MPHTHCTR
A9MWHRPH
R4WEHYLP
9HM3YF4C
PPLWKWNW
4AC73LWL
9H94XYNT
EP7PAKPY
EFCATALA
PWYYTFNL
WYRN9N4R
3X7HKAWE
Y9N3TAYE
EC77WNWX
CT4WAXAY
CFME7E9H
H4MR3YL3
KC3TXWYN
T7WYRRKA
XMHP3M4F
P7MREXAA
YM3K9EF4
ERPHHWYM
37WWLXCH
Y4XLPT7C
KXNTAHE7
N77CYPKC
THPEPAKW
P7E97TM9
7LE7FK4W
LPX9NEHN
AHHLXEP9
LRMPX3KH
RYWCALFT
P3CHATY7
P9K3RXCC
MPRPE7HM
LRTCL3WF
NRYTE3HM
CTCCT9KY
YHARPN4K
7L7AYTWP
4MR4CLHT
K7THYC4Y
FC3K7ACT
9WKTCRKL
NXAFTXLH
4KNRWF3L
CN94RPEM
HX3LFMRX
PNAT4C43
RPA9MX7R
KTPWK939
437LKY74
YC3YRCX9
4KPN49LC
97H4Y7YM
HEE9HNP4
9HLPRWRC
EPX7HKPY
7N7TEM4W
CPR4NT3Y
PTNMXPCC
PNLNXCA4
XNW9FTCK
EMPCYCCE
PMWECPNC
CEWT3X9X
MHWMY3YK
LWLR4TAT
LXNRLF3C
4XMYK4N4
WE3CA3MP
WA3T3KPW
XNTXWEHW
443FN4YY
3AY3X7MR
ENEHPAEF
N49Y7HN9
KC7EKT44
EM3TYC7C
Y3TWNEP7
4FW4KRWX
TEW337P9
EHKPYN9F
P7CNMX94
NNNW3Y7T
APEN77X4
3YRNMNRW
44MLEPTR
PCTWPWM4
AY4AW9HL
FELLL3NE
RK3PCRWA
REEFRLYM
XLX7KRKX
F9CE37EF
4477FHAL
CNHY4X3W
XN74FMNX
PKM7YKTM
FMH9Y9FY
LYAP7P7A
RMCCNM4C
9LFXEAE9
CN7RWLYM
NYAHPNN4
74HYKCPP
LY4TENAN
YFC3TPNY
7K3CRTFH
PWTMWNEF
9THENLRF
NNCHWXMC
4MNMMCYW
HXXE3MT7
EHTAAC7T
HNPCMTR7
3XPWTAK9
M9AYHE4Y
WFEAE4NX
WE7NTNM9
9CRNYX4X
LAFTMYR3
PCRXCNHT
MY9RYFAC
CF7FEP9X
FWFTH3EE
EP7LNNYF
9C9RRENT
3ARTRK7Y
LFKTKCCY
TXLPP94Y
PMTN4RYH
LAKNAHFP
3KEERMFT
7MTEXNRC
FRXH7W9N
T7EHL3WR
3PXAXXN7
4XFFRXWY
RCWT7YWE
77KEAX3F
HW7EW9NF
CALTHKFW
NAMHEART
XHRXNHA7
F4XACAP9
MMA7MCEE
3CHKL47K
7PFWRAKF
FHHFLYTF
FA99PYE4
7MX94T7T
HPYFTEFL
7F99XRW9
LMKRKWTM
9YNCXLXN
CHHF9PEW
CNXPC3W3
77FTMEXE
3YXP3AYY
NM74H9R4
ECFK4XPM
M3XHHXKP
ERMYELNF
C79XKEXN
LRR9THTX
3RFNR9WE
KYHAATY9
YTT3WYY4
HTKRPXYR
FAM4CXYH
7FPMHFPL
K3R33HMM
XEW7WM4Y
ALR3TEC7
74CWX4ER
RK7M9TET
K77W9KL3
FLFTCN4L
WC3734PT
C4RTCA3E
FFPAFC7H
X9WL3E4R
L7CLMCRK
P9Y74Y4P
97ELT9T3
KPKPTWLM
RACXMTAN
KFKRCFXX
P9LAPLNR
ENLF4MEA
XLPREPMH
CW7K4RF4
7XYP4X9F
CKHHKMPH
FE7E99M3
NNK47AHP
4RKNLLXW
TXPL3XPE
3RXRRC7A
HKP4YKP3
PMCENPMW
KCCPCRCM
N7XMYNYH
LPKAXW3L
M33CRHE3
3AH9R9T9
9AA9ECNY
WL79AXMW
RNP93449
EXY3ATKM
FEAL3PLW
7HE3WEL3
WPYECLKC
TH3FAWX9
7FWNPPCC
C3F7NNLX
MY7NPEYN
KAKY9MWA
N7WYXPAX
MNHX3W7R
XN9Y3TAX
E9PLE47N
9KFHEH4Y
TWTN7KE9
NPL9XM9E
CFRTL9R7
TAPTCYXL
HCCAW73E
C39NC4LH
WK3L94CL
99ARCF93
HMCNF3MT
EXXLXX7Y
CX3M9NXN
YT7P9Y4E
RFKF4MK4
TMHPX9XP
MXAMNW9E
X9FR9R4X
7NFK74CC
XC7RLNY4
FFFA44FM
HKP4XMKE
3W4APPWL
YFW4ELR4
9FAK4W3K
4PLK43P7
7N9RRP4M
3LX3L7RX
APA7NLP3
AHL7N74T
CFRE99F7
TWLHEERK
R9RPPCRP
3H9CM3FF
A4974KFM
T7FKHTKE
FLEAREAN
E7ENCWXH
L79A7RMH
9ENNKYXX
TYC443CK
4X7HLLCW
KKHTYF9A
7FAHCR9R
MPK9TL7Y
7XLYNFNH
PNMHPYMP
WLRK93M3
MYPAMYXF
3HL3LH9E
4W3EYWWC
CAEANHHM
L49RAAP3
YEW4WN7H
T7P3R47K
R3H9LFWE
NYLFCP3N
A9EHXYXF
CXATAYT3
XTX7KPTT
L9F3W3AT
KNYXYNLR
TXEWWA7F
XMAF7FWL
PT9ECTKP
LL7LXW4F
TTTMPWTT
FFHRLFEA
A79FYY7M
MPCW73A7
KRN97LEA
NEYPNCY7
YXNRHLXY
K3HALTT3
FHCAFKY7
HA3REWFL
MC3CXNFK
7EKNY999
TM79NXTK
ECT4RCRA
ALYHXNKN
CTC79FWW
FMMCLWRF
WWNXCYFE
HMM3X3CA
4YLELNFR
YNAX3TF3
FTCXELNF
CRWM43FX
CNAWNWC9
4H73RKM3
K9W7CT4A
FE77ELTL
9LKTAXYR
AFL4CRXT
FXEYCCWN
CAE9KP4T
EHXXFRH7
X97LF9XK
RNRP4WMC
RLYMYNHR
PXWMWERT
HC7TKMWY
LEFCRT33
YF3WTAL3
HTLARWLF
EWEK7RXR
YTM73MWC
WKXEX9L9
Y7CHPAFF
X43FHM4T
YMCHANEH
WA9N9CHM
CLPCLTEY
3XWFXH4E
FWN3WWXC
KP33RMT3
3AXFRMPT
7KFHLR3Y
X33PYXEC
LYKF4MLK
73HLEM3T
MEEMYLHL
A4F9AMFK
7HXXWC3M
XCH34X7Y
FKPCX7FA
WPCPLW7P
KP3YEAX3
P4C3HNLP
7TKP34E9
3WXW9R3F
LCNF9YRX
X4CACMC3
LMPP9MYR
YFHHC7PA
WYTKAFLT
YN9PF3CC
HAY4MY4K
K39F4WAL
A4CHR3EW
EEN43WME
TX3HF37W
TCPWEYWE
3NL9MNRF
NAWYCE9C
YX4NPAKH
WPPXMY3R
LKL9XNPW
EPTYK39T
WMWWKNFC
ERCX77P9
HATHCHLE
P7X4E4KK
TPWFTXTP
9MKEPXYL
F3RPCRAY
FWLX7M4F
NE37FH4L
77K4XTYF
TNXHMHHM
NX7TW3CL
LCW3WKLX
7WY9MYHK
NLEH3HAX
WHRP3XR3
PWYKTY4P
MK73FWLP
ETLYMPKW
LM9WNAHE
44MHW4AL
CPT9MWKE
WEXPYFWW
NLM997WH
KRANWE43
PE37PHPL
C7KXHFRA
3RXMYEC3
NEY7LWHC
FXLR3MYT
ANMNTEFC
YAMFF7MK
PTLWPHY7
PKFTXC7H
XWE79WT7
TNAAPEHX
EKC34WR9
H9NAPAKH
3NKNAWN3
M9H99X4T
KFC3KTYN
TM7YXYWM
TMWPTRRT
WY477X77
MYRWHLFH
3WHXA7TT
WLHP4WM9
W97EYCRY
9CKK7X9H
WRMXR7FH
PEPEN3LC
WH9W3433
7EAN79EA
9RWTKRHR
3WYYHYRE
TNR9N3TW
NRRH7N3K
TL4C4LHC
X9ALNXPN
P44YPFNN
HTAEFWE3
EKPRK4T9
CEN9CRPL
WAWXENKC
HAE9KMRX
4AW3RFH3
FNPNHCXM
TCYNT3MW
3HLXENYL
P4KFY794
H73FTWK4
PP4379KK
NHTHALC3
W4NP4XNC
4HATPPCT
WXTLWTLY
NACWL9MA
LFAWFTMC
THN7FNMM
RHR37XKY
4M4NENAT
R4RC9HF7
7HWLTNHL
3ME93W7X
PH3R4LPC
YWEAKFY4
N9F7YFMX
XEWA97PR
AC3E9RWL
MYCKEPLP
TL374WEK
WEECMC7A
A4A9ENHA
E47EAAXF
N9E3MXRK
WTKRWRMX
CNTMLEMK
TMATCWRF
M9ERMMXK
K44W3L9H
XR9F7HAN
97MFCM9K
EW3WYTTC
ATTPCT94
N4AKRWNY
AHYPA7WC
PCRMPYLM
HT994LP4
EX3FKT9N
MFPHF7H3
X4YACNKE
A4W4X4CN
TYKCKA3L
LTXHX7EX
ELCE4ANT
N34TLFLF
FMAREYMH
RT4ALK3P
A7PMN7RN
XYPKYKCH
39P74KHM
4TCEPXAM
FMH3CHRL
RNYCYP4P
9TW3PXL4
XCLPFYHF
7CXAFEF3
MREXLF77
39N47PLX
3TWP4NCA
CTW4MLY7
HMKXL7TN
CFF7FH9P
NNRK99M9
L4H4XN49
7EE9MFEP
AYAKKHXP
97XEPA4R
MFTP9XYL
7LCX47AM
CFETPXYW
CFYLPLRY
NP3LEFNM
FFH9CNW3
9LYCNC9L
WA9XR3CC
WTF343TE
FW4773EF
E9N4LAPH
N4ARC3AR
M7W974XH
W3KLKFY3
KNKRKKHX
NYHFP3HL
4HP7LMFY
LPWMCYR4
MHAWXXAE
KW9K944P
94FL49CK
HLEC7PK7
YHNLWHWA
FHCX3T4P
C9AXALKK
CH3FTMNX
4XKWAAXA
MCTRH9LW
YFF7NHKM
THK9E4RH
ELA3WWAK
LP344X3M
ANHA9MPF
XKPXRWLH
HPALMYMP
XYW9HAAF
3K9PFC7F
9KXRHXMT
3E99Y4KF
3CTPFRC3
PMX7MMM9
MPA9Y94M
PNAA3ENA
M7FCXHYP
CYNKLA3N
MKY9FAXY
M4NAHF7L
PMTCNML7
REFKR4RL
KHHH3EAF
N7L7H49X
3LWYRY4A
YXCEY7LK
YY7HPN3A
377CCMNE
CCT49EYP
PW9MW3CF
P73LNF9R
7HN7MEA4
R9C9X3N3
3YWRXCLT
X3T7KLYN
NR9TM7NY
PWMYW9K3
WCFFW9XF
AC74W33M
AXHKWCMY
W9FFYWL3
HRAKMX4F
KKLPMP9K
CECNTKFP
EW4THA3R
TPLN79KR
3HNTW4CT
YNRYYTWE
EY3EWM3N
4WTNPAL9
3T7KF9C4
MRYPR4FT
7XXNTCMN
MKAXWMTY
HHCTCMMM
A7HNCR79
FH94WPH7
T7L4CFLC
749LNA7H
FRMK37FT
NHPLNAPW
YTNTRFWA
FMXECKKY
C3KY7HA3
NRTW73TX
TAFCRPPC
PEFMWPKN
7HKEEMEK
3PARKWLM
KEPLR344
RYTCCF37
FFMN3WKK
FFAA9CNE
EA9YXAK3
L3RFETE7
RY9H39HN
7NCLP4TK
MRRH4CNL
KHCWH47Y
WHXMKA7R
TMCNP37C
NTP779L3
EYFYRLWF
RAR94TPT
KELXNFMN
C339PPPC
4MKX7K4W
NYA7A9AH
RNTE4XPA
HPYERWHA
9METW4HM
7CCNA7H7
MH9PXYKR
CM3APF4P
4MT9HTLP
LNWC7WWL
XEWM3N34
REPA7AXX
MYHWTYNY
RYKC7A7L
C9W77F4C
CWT3ACW7
4PLXHRY4
XLFLEEKN
APAYYXEM
7WA7CX7M
TEMAAY3L
LHTFF9AA
NNLTN3T7
4TCCTKFL
KFP4YANP
TRW7CLRE
MT49MFP4
WALW4K74
KX4NH3LE
9AXRAELK
HKMWC3X7
CPACX799
XRFF4KW4
E7ACWECP
W9FXHYHY
MWH7A7EY
934Y4YYH
RERLE77R
Y4WKXCMM
YNNC99K9
YEEWKLRT
MHFPXMAE
73KM94F4
EKCWHCKE
NKTHXP7P
YKTRCNY4
7NXFEYEN
PHNMKAEP
7RKNPPC7
EEREYXCC
4MY4YAWC
YETCRWXA
FFK7N373
KF9KCXF3
NKCALKHP
7EM4CTKK
4PCY3TYF
3H3KYFHE
9RMHTFWW
WT3RNEXF
KXH3TW7L
PLM9E3TF
HFREKFE4
KNCYHYM7
CKTF93Y9
NP3HA9Y4
74AC4HRP
39MHMAXA
RFT9EWR4
TWNFWX3W
A4H9WTCN
W3KH4A3T
A3RP7P4N
PRYAR3R7
MHE7TX7C
7XH9HMT7
NWMTFMTE
K7LFALNY
KLHENM9X
4TAYHHPN
HCPMH3KY
WK9YX4YL
KPLYYC7X
C4FX4MEK
WYTT7FAA
CMX3H73L
33Y4W47L
EA7YR4WE
NPM9AHT7
3TCKHCYK
94AACYAC
YMYYE97L
W3R3EN4M
CPFT7M9N
TRFT9RXL
4MRTC3NF
CL33LALL
AYXHLXHY
MRLETMEF
4W3NXA3M
NERM3AT3
CFNFM7PK
LA7FNRFX
W39CMFTK
7M3Y73K4
EYAKXEK7
EXMMHTTX
AXPLMWPT
E7KMRN99
FHYTHTYN
CPMK3FEW
TKAWK3XY
YXF3M7MH
T7M7WWW4
RHPHANC9
XLL4N3AW
3HHEWKHA
EFHCE3W4
4WTAPM93
7XETMNEC
NFK7AKL4
RCLKRXC4
AMXMC994
XE7KHHN3
TCW479LK
3KWTKX4W
TXAXYH7H
YLK7ARTM
RFXLWCWP
M74TELM3
KXY3CRMR
HXC9NE99
NKY97R3X
9XEAE7R4
MY3RM7CC
A393Y9WC
MRNKLKM7
K34XWMA3
339LRPCN
4TPLXCMR
H7P47CNF
FLHW9RHA
MFHNAN7Y
HLH4NN94
WPWF3TKY
X7CEKEE7
CAMLNCH7
CPFP3KL7
7YATLKET
4YNEM44A
MEC44NRF
F3R4XEMR
9YLLC377
4CTCFTHP
LCWNYRFH
HEKXCWPW
9WHH9L9M
77MKNXP3
CLHYMYNW
K3P73KRL
3TWYTEWN
3LXCCRH4
WYP7WTXL
NTXLKYRH
P4FL7CNK
A9YKA4NX
9CN9FPRF
3CWENXMY
EYWCEKAC
AXMRYTKF
HMHEEAHK
MKYNLKEN
MACFFRMT
TX47N9AW
7HXW9LWW
CEY47W7W
TH9FEKP9
AWYX9W9H
N9WYA3RH
LKLYCPTM
HNY4KLTE
E3P7XE4N
4MLPLALN
YXMKXX74
YETNKC9N
4LAMMKTW
9AF3N3HL
TPCH4FEE
RH4PPN7P
M4KM79WT
34X7HR4C
A4ANYMAN
9CNXX7KL
FN9N9LL9
7RLMX9YR
CYFMAAPX
CY7RFTKM
YMWNKXEP
YHFPAFAH
WXL7K337
KTTAL4K7
4PHNW33P
ML7X9WWE
CEM9MY7R
7MH43NF3
LLC3N7FR
MKL3LXPM
KN37TL4W
HT73LHHY
Y9EMKNXT
F7Y9R3PR
TMCPWAAN
4LCRAAMX
NLNXCX74
3XECTP7E
HW3C7HE7
R3LXEREN
4E7RACCL
M7C9EFWX
EEPMHTWP
TFCXMAHE
MYAXXRYW
ANKNWFWH
3KMTNREA
3AWARHNA
AXFXN4AE
77LA3YNW
KAAYAHXR
WR3K33RH
CELHA7NP
XFHELNF7
R4YNK9E3
K44ANETY
KETXMMWE
4KRXTPAY
M7TYCFHK
HRX9RXLP
4E4CY4EN
L7FK7CLN
X3C9HWN7
TLMKKRR4
T3LKHLFK
493XH9K9
HCAXELFH
AY9X733E
XMNFFHXT
Y9LCCAW7
NA4P94T7
WRXMFWEY
4X7NNTNW
Y4KPPF3E
X3MCETAA
N9KXYA4F
Y7KHRCK4
WAPR93MT
RTH9LNYW
EXMYYNNE
X4YFRA7C
T7HME9K9
A73YCX9E
EPWR4F9T
9L4TXNMX
79CFECHX
PWYM9E7M
YC3HKAWA
KX7X9XWH
44FK9NAH
RKPRFCMN
4P3FHAKA
9MMM7EH7
E3P4XWXF
FNAHXRFA
YFRMRF7M
4MW3AWX9
PEH3FHC3
3F9T77RC
HTAHLPME
PEYANN44
NLXK7W37
RKC4FF77
EMY333WP
3RKE9LXH
YFK33YLR
AHTTF4KP
RLFAWKF3
FFC3TATK
9E9PTTLC
MHKH9R4W
WFXECLY7
9MPKPLR3
TYWCN9LR
MHFK7EEW
EFLC93MR
77LRC7LR
C4WC3PET
PX4F7M4K
9HY4KCPX
EPKCA4Y7
HWNARC3F
EEAR47MR
X4A4LX49
49N4R4YT
4CYPEKYY
YNKA9YMR
NWM7LNNF
NLTETKEN
XRCKPEEC
TXKAX3EY
TN4LKN3M
4NC4X7AW
K7A43RNY
TMCPRWNR
7TAWNTNF
NLF7LYNN
RRFWWR3L
N944CA74
NEAK7YLY
CFXL3MWT
YXLAHR4T
EWME9KP7
NP9PMNXW
WWFTFNPK
AXPTF7LY
447HLKLK
NHN7XWR9
MXLLYL97
MKP749M7
XNECWFXC
9CC9XELC
F7C7HLPK
L3EF3MEW
WRYAW3F7
L33LLMRT
KP3FHK97
4XAKCYF4
773K7TX7
C94YA3PN
WM3HTWNF
7PTNEFWC
C43R9HYN
7Y9MPE99
9N3HMHKK
YYXLEF34
7E3NXYCL
C7CXMX4P
X34FCE99
M94C9HL3
RTL9E439
3TX49XC3
9CNT9N7P
49RTWEMT
93339777
M93TRRK9
HR7F77L3
CRTE4TRT
PENLMH7N
TYPXYNNW
ET74A3RH
TNFER4CH
RTWNTRKL
W733PXRT
9KACTTRA
YH4X7YWR
P9TKLLKM
HYCXT3P7
KCNW3YXP
39KMRA9Y
4F3XHY4P
KYKTMREA
9EAMA3KF
NPX3YRN4
4WXLTMYA
WKPMHXYW
RCA3CNPK
FM7KHFPK
TRKNYR7Y
LKKFMMNL
KXENNMHP
AFACL7NF
YKAAT73P
A3X4PMLY
T4PL39NX
3AW3FHCT
MHAEFHAY
9LHCKPCL
KPAPTYRP
9N4XFP9M
MTYEWXW9
YALARFTA
XMPFXNFN
CW744K3A
XE937YEY
L47NERFR
FHNA34YK
9LWHYLPY
LXMNTC9R
EFTNFXMT
NRP473KY
NH7RLL4E
CAHMR79P
ERFP4AYK
F7FFW73L
XKCTANW3
NM7TM73R
WT979YN4
3HXCHPPP
APTXTXRM
PNEKTRAE
T4KWXAF3
AT9CC7CK
X9949FWX
74YNPWPP
NKTE4CL9
RMYTNLXM
HMPXKACE
YRXYNWPL
ECYAP7MA
C3YNNX3P
HCKATFHP
ERCNKPPA
KHPLC7L7
M3Y3ELNT
MK43EMK9
LCXLCARW
79WKPFKF
RRMAH9TA
7AERLW9T
ETMEL7YP
37P4AWXW
LALL7WA9
3YLHMN9R
3YPL4K3A
K3EKTP4K
HR4NKNP9
RTMRRXME
PT9F9XT9
K9PCAXXL
P9NEX9LN
YELKLFAP
3WCXE43C
WFL4WKAP
CEXFLW9A
AHPT3C9W
K9XXXLFT
LNWWHRXT
WCYMLFXX
R9LXXTNX
HMCLMAMP
3HYEHKWF
3M73WWA3
E3FYNWAF
3XRH9XPF
PAKFWYKK
KAELR7AN
WMHAAAEP
RYCCY7LH
HLRWWRYP
F3RYA773
CCCYXCTT
74LYFCE9
YTKPTY4F
4K39KP9P
RLWXX47H
PFPLCYHW
FK7RKAXL
TKX9HKKX
WWNWMHWE
HXPPL34K
MF3CFFCX
NF3RHEM7
HKW7XL34
9LEFCXFY
YTEYYAP4
CNLX37HL
CNWNEA79
C3YA3WHL
NAHWWLM7
CWA4LNAA
XT7K9MTN
XCL73FPP
WLNTLLY4
F7P3C7HP
KEF7M93L
4H7XY7TP
YEKPH3YC
AA9RTR4K
TPK3AEFT
7NCK37LY
CN9TP93H
AFRPLLTA
CHPNKXAR
LR3WNR7K
PA73XWNK
PAYACTRX
TFLW3H4C
HNTX3RFF
XNWAA3TR
HXMT3H4Y
3EXPRM3C
3MMKKF7F
MK7XWPYH
3Y7HM7MC
K4NRT3A3
33Y3KYAX
LECRCEEE
CMRFWEKT
LWT7EFTP
7PE9C3ML
N4NYEK33
YWNWTMXF
TAYPX7R7
MFPYKTKX
3YLLCRAR
7AXCWNWY
CNM9EM7K
XCWAEKW3
M4A3WHLR
KPC34MHN
YNCNF3RH
7C94P4NL
PT9PFK37
YNWP3PRC
HF7HMTAP
EK9PXNC9
9TRNCKRH
NF73A9H9
LE49M39E
X3CFTEHW
WF33TCKN
CNL3WT4F
MFXYWMCW
NYFALTFC
E9LF9MYX
WHKR79KP
EMC9MKEC
HMTY4LET
YYENK994
KHR4AFX9
XXMC7E3E
NTPCL4AA
AF4M4LX4
KMEPETP9
RXCMCTEA
HPMXX3AN
KEANHWXF
ALPYMLMA
F7L3WTNL
CCK44KCL
XRNXEY4C
9N3WXW74
ETPWPXNP
YNHR7NFA
7P7NHX39
NATHH3HF
AYHENPNA
TNWFF9WT
P74CC7WP
RYEW3C39
ANCRK9FM
HY3RRAFA
PLHCL473
RTNYMXER
9YCPYXHT
YLWXWCWL
NEYCF4ME
E9AC7HTR
HWW9X4FE
L97HH74A
LMEALACM
WXETPRRE
NFKCWRN3
FCMXCTLF
CA9WMEYM
PHYW3LYH
NTTE9P3K
HL7ETAHE
4XA379MK
7T99AE4N
T3X9ALMW
7XKR4HCR
HPAKPNXT
AMFF4KWT
XWC74MRT
3KFC4FYK
PN9T34YH
PAYHXWY7
YNH4NCEE
HARHYYPL
FTML34H7
3HRTYXF4
9LPPX9F3
CTAWFM4N
MKLW4AM4
7NTP399N
MNFMXRRW
XTM4WRWC
MALXYA3W
TF9YPC4P
4PKM4K9K
PPHAKLFX
W4TF7EAC
KC7MTTNP
WE4WLFRP
93WCTPML
FLWN397R
3H7HH3M9
HLHMRYPY
C4E77NMF
FHYLN9CK
KFHXWWAN
CPMMATLT
YW9M9XWP
TEXAKMFC
EPX9FWFA
RHYXHNAM
PMTMH94T
A7CKX3NL
MATCXXHL
TLCX3MAP
7TEME3CC
MRKXK79C
99EARP7W
M3TMKX73
YH94ENPA
7399KPEK
REXKYCEK
N3YX94M3
9WWM9XWH
MYNLNA49
CKA9CWEE
LEHW4LEL
43FCTE4E
PK9LMTLA
M97YPLEY
4CKLHXMY
F4XXL3MT
K4YCPER7
WNFLTFCK
EAWAP9EH
CLHHMYXF
HMMEWHAX
LKHYLRRA
EAMCMYCA
W434FEYN
93P94YAM
7KPNKR9M
9TL4H9N4
YLCMAHWM
HWW7M9W3
4CYNPRLN
99AE9XK9
3LYPWKHN
HFW7WACP
9H37C3HX
LTHCEWCC
F7CFN43R
9AERA9WY
YY393K9W
CWKCTMX7
TCL4T7HY
7FWAPX4Y
7YWL79A7
MAA9TWXA
CMK9XYFW
T7447K9A
7HWFWNER
N4ELX43R
4PXF4RL4
W7WMWEFY
PFEF4FNF
ATK4AFEF
7NMKL9ML
ANFFX4N3
LKWM4994
EKTN9WCW
L3PEKAXK
TRKKWHWY
MR77R3AA
9XH439HC
H7RF9KET
7TNTTYAN
PYX4PHFH
NWAKLYP3
4TWETL7M
LRXLP47F
XHTER9YL
M7LXKT79
T4NTNY99
CR3L7EFT
NAHWY9P4
NWMKE73X
7RCL4PWT
3KLTTCXW
REYWXRL9
LXE3MMFA
ME73Y9P4
E49TL33X
YLPMMCLL
T3NFWPFY
MLKT3RTK
L49HAM4W
9NREFX9A
7CCFHRKL
C9H7HXLP
4XRFPHTX
EXYFKH9C
FR944FT3
MW99WHYE
7K3RFRRT
XE7AW4CP
4FPECYAK
3E4CN3PW
PL7LEHEX
PYKTRWF4
ACN9N7H3
FE3RPMAX
HWPC97RR
7AAN7M3T
WMLYE473
KMWXFHL4
H9Y3MTLX
CXTCYTC4
PL4C3N47
T4TNTCTT
3FFFFEXP
NWMAF3WX
F4YYMACL
4MHTE43T
C7TEXRCP
T3YY37LR
9XNP3H3F
CR447A9N
XKXYFPHL
YCERYRCW
MKCP7PPR
R97TMPCM
TKNC3ELH
CXHTA39A
WYC3XHFF
M9AKCNKA
3F3KYPMC
LL739TWW
9NP9HFPA
3AK4TKHE
9K9TCX7L
RPA9MYLX
7HNX4M39
K9EW9X7P
W7WL7XEN
XYY3A3KT
TFTTYKT9
HWLLX3KE
7MX3N4PM
K7XKYEKY
77NPE7NW
3KH9E43M
3EN9WN99
NKCAN74A
HPXKCFHH
FN4343PL
43MXATET
YT43WF3Y
EKEKFT97
C9T9PCNX
3TLRHWCW
YEYKXRCC
3NFFH3P7
RC9377M4
FMHNHCWW
F33EYLMN
NKT73RT4
LH9ATMPR
XRPCCYWH
3XF43AKY
EPYYWXKY
NYKK3WMT
7WTH47NM
CK3HT4MM
AA9WMX37
APFYTKTP
EWA7TLEP
RXHTATCF
7PCX4RYL
Y74XWLAN
RLHX7ACA
NXLT44FE
RAHET777
FFA9MXRX
MN9EAKEN
LNM7Y9RW
A4AAKE7E
RFLCNTPC
RNPYAWMK
9YN9APRW
KKXTFMN9
LAYW9EMT
NELNFKKX
7XKT4MYR
7333HCMH
KCPRTX7P
XWXRKLR7
YPCM7YNF
WWRTLW7Y
4XWWC3EL
P7LP9EFT
4K49WHRN
NYF7FF7N
AACMY7MN
WC4MPYLC
F9749TWL
7XLLKF9N
TTX7MMRY
9AHFWEYH
KANPCFK9
LPXPNTKN
E74FF34Y
7KENW7WX
KH4YPKM7
944ECRWA
K997PX7P
W3LPPAWE
9KK3XN94
9H34PMR9
YLAKP73L
N94X99AC
WMKPRTCL
F74HKYAX
93H4RXYX
N3H9MH3L
LH7PT4LC
WM9KP7PA
N9CNT9NN
WYPMYC9W
KW3FNTNF
A3WLEKMC
3FN94YYK
XEE4RTKF
AHM9Y94F
H3TLLAEW
7HFXEKXF
TNH7PYF7
TE4XMCLM
A739NWLR
YWLAKLY3
W99FWKH4
37HTLAEM
WAN7LP4H
XTTAM9LL
TT7K3CXP
9RRXYCTW
RE9RMHE4
9FAC4XPA
MXKL9FNF
TLC4RKCF
WHET7LYA
MPTE97KH
WL3Y4CWC
T9EPPTNM
77FE9K4A
WMXANPR9
7LELYH9X
4LYFA9NY
C3LT9N7R
443NLCLC
RK37P94L
AKC3LNHK
RWKLWYET
LPMLYLM4
WNY7PFWT
CRAARHWA
P7EK9YHM
7MF7LHWY
KHWAM4YL
94HCCPFW
TWER7T9R
RFF3NRTW
FCHKWHXN
WM47KPEY
ACFALX4A
WWCNPERA
MXXRATNH
APCCPYTY
NT9H7FE3
XMCAHX4F
TYALREN4
73TK9XAM
A3CC9TAY
4TY9XLMR
KWRYTMY9
XFYR4R4L
NFKPYKYP
LFA3TCCE
WLNLPNKW
37E44FN4
KYX7PNMF
7X4WPYMX
744CMXFK
E7R3C9TE
PATL49EY
9N7CNPML
T7WCNCYH
TLLXARPT
NKTCEXFY
MTNTAH9R
R4KNM7LE
CE3EFE4Y
4APT3YEP
4MHPW9RP
9KPCALLE
FA499KW3
L34HT3M9
H33AMPA9
WLKN9M4N
NLYNXFHW
FCKLLEK9
HMLAAKAA
NAF43CNC
RMEEKTW7
WNYCTNTL
97MF9CLM
T94FK73P
9N3CPAXE
NFFCEMFM
4XTAE7EA
E49KAETR
CKCK4XCW
4HFE49E4
RTCXTTHM
79ELWTPH
NHWEA7EF
HKRLWKEE
KTF4T7XM
HAH4WW9L
4WMXKXLF
H4HHE4CP
PCPWNP3F
XMP3TETF
3F74TPYX
WY7AY49K
NMLCETE7
LXKW9XHM
PCC34FR4
NXXCCXRX
4MKW3N9R
YYMM3PAP
EPT7XFMM
EARNX3ML
RWRR3KFE
L99CM99H
XE7WA97C
NCNRFTK7
LFKRXHH4
RC4NYP34
XPFNCAET
YM99C34X
N3YNN3LK
L34MTCMA
R3CNWA3T
LKWLXPAF
AC7RTNE3
97494THY
3CR7PENK
PF74ATTF
METL74YK
WWLP9EWA
NYC7H9WA
FP7NK3CN
F3R9NPNT
CNNPXMMH
7RXH93MT
CHLNCWWL
FNMWXFRK
MK7KHMTW
FMMAE4NX
EPRNYX49
R3A3XWX3
4LMXL9PY
CFLNFL37
3ML9N9KY
WL79MY94
7M4PWW7P
WCWFEW4T
MWRYLNN4
LLRYYKHE
3FFTPNCX
EPMEEPFR
WL74TNRT
A3M4RHY3
3NRRYHEX
FYCWK34L
N34FCMPR
EXMXAT3F
3N7AHNFF
7EXMW3RH
KAPFTT7K
KWEY7AAX
EE97RL9Y
PT7ARHYM
FAYX7Y9L
PKCYR3XK
RM4F7WPW
M9TK9E3W
XL3WYWWR
HRRNF4LC
3N93HHPY
KLPCEWKL
Y3X9KYXY
YCFCLWYM
NWE3YFXW
77FN9CWW
CLLFW7AL
XP39F9P4
Y7YA9ANE
4Y7WECPH
YT3YE79K
RPC3THHL
C7Y7TM3H
X9F7R9NE
KNFCLPPK
LPEFH97A
LHRKRXK3
HL3LP44H
WAFPLNR3
9E93FTC7
MNAXK3CW
AELTNHAF
9KALNRRX
HW7RX4AK
NF9FXAEA
7PHRH4KX
FWTLH37N
XRL4X4L4
W3THCEFP
3F9RM9FC
3FPPCAEA
WXFW9MY3
PFACAYEL
FHXTA49W
CKK3PA4C
CF9HLETC
97HYXLMH
H4XX7AYM
W4TXXL9R
TRCPWT9K
A4MHNWEY
9X794NYW
W9Y79RAL
MTFR7NNP
4FTFKMNM
F4EMK99R
EFHYLWY9
YFNPKFW9
HARTXEHW
YAFKH4EF
TL4P3YEY
4F7APRTF
CATWXHEW
TRHYX4MT
TPAHFPP7
TMH3MXP3
CK347YNF
7KMCPFPF
LWRWPALW
HCHM9HFM
WK4CP7AR
XTR3WHRA
NRR994EA
49C4TATA
4MYEEX4T
4XRK4YRL
9NTLYF9Y
LRNTYCT7
AE9RPPA9
RKKC39MW
PLXWTRW4
9937MKCR
HEYANANL
H77NNLA3
AWLCKKNM
XNXKKKXP
NKYNAFME
WNMP9F9M
AMFAFC37
RYT3APKA
KHNYTMCE
9NL4KWY4
H7XEMMM4
9LNX7XYM
L4WPYT4Y
EFCEAFNH
EH739FFK
XWFEK4KN
3HHE79RT
XNE74TKH
PWXXFKCL
ML9NMKE9
K947RHNA
XT4CRNH4
KAPLCRCY
7M3FL9M3
AMAAEH9W
34ARRNYF
PA7NX9TC
XTKEY4RR
3WTNMKKH
KPNHRCCE
7YEFCR4F
CLAHWM3N
A4LCEFF3
FA3PFYH7
EEX7CTMT
EPKFR79M
PRNXPKLR
WPX4W3HN
CKKYCEYW
KCKHWT34
HRX7RYA3
A7F3YTLH
LEYTEHPN
9TNFPHN7
937EEXCK
7EL3XR7H
7YPFRX94
4KRF4NCK
CFT44N3E
HKX9FEW7
RTP9WEXC
HRPK44YY
Y7CNY3L4
A7ANAE3L
43TKE7RR
P9ATTXLT
EXPCKCEC
XA49PM3P
WAPKTE4E
THHKW4EW
HH4NH7RT
HPWATCMF
PH374AMR
LC9XEP39
C9F3H9AX
TN9FYRLK
FNKWR3NW
ER3KPPTK
A3PYNRER
WFNXELAE
4LM77ATN
N43CM3LH
APH9YF3N
YKTMKN99
K93CC4FT
A4LKHKLX
H9YPXNP7
LLHNLX7L
H4TTFT9X
YR434LNN
XTCRMXPE
T7HNLWXY
TPEP9RLA
LWR9F7XA
M9ECRL4T
C9P3Y4LP
RXRT9YKE
YMHWFLKM
7KKRRTTA
N77WW4NH
L4FFKR3N
NNRALELL
HNNPRCFT
X3RMWEXA
X9YTF7YP
AHE99EY3
93CYWEMH
RXKYP394
KL7CF7LX
RCFKPLPP
3RMFRLHY
PYTPWT4Y
YTCNTYF9
ECL4A3FL
ARHR7W4H
X3LK4FEP
PK3AW9LX
XXEAXEEE
MXKNHXW4
L4RP4YP4
R7AKEPLK
W9L79L3K
LHL74XCX
R7T7YP33
E9CEP3YX
KL9W7P7C
PFWTXWL7
7ACRTCRH
KRXHYX4K
LEARFHN3
9ARX3L3T
EMTCECAW
RHAHLLX4
XCCELYTY
3R4KXHLF
TMLRKYLP
HFLWRAXF
PWHA3XRA
3NH3LWNL
HXLHWNRP
7APFF99F
XXTC9HXR
9L33LC44
HAYT3NFT
R7A9CXKA
MF973P7K
9CR7WKLM
YF7XFNC3
KW7X39HT
TLNN3T9L
LEEHTWK3
7CWX37RK
A9ALPLKX
PLTMF4NH
3WM3TAMR
9CXT39L4
4YYAT73M
NANAHLKW
FKKAHTEY
F4L3T4RP
3NF3A3NW
4CW4RLLH
FEC93WHA
H77KYAKR
N4YC3MKM
7C97XWLY
AFA9337R
YKLF7RA7
99EF9FFF
YHAFFHX3
T79WYWPX
MP97YHHN
EX7LWE3F
MRFF3CMF
4XYL9WRF
CK3KR7NY
73H3E7TY
MM3LYK9T
Y43F4CHW
RF9YW4F3
MLTT44YR
CWP4X7NH
AX9LWWWF
CY3PCXNM
W4XXAEYA
FNXLENA3
YLWLA3WP
WF9KCNLM
MR9MP9HM
TP9X3KFC
XM3K4CTL
34MAKHKT
X9ERRFYX
NTXWW9WA
N7WWKXPC
TYXHPN9A
3FNP73KR
TYXFEPRF
EK9WYLAR
L3ELMPRF
AHR9NP4H
3EYT9PPF
FE4WL7KR
XWFM9CAC
LH3CWCYC
HEMML3XF
EXXKW4NC
XHEWCYFN
RW3YLKPM
XLWNWCRF
HMTL9HCK
R4PEMXH9
YCPLXWMM
PMX4FPRC
PYPEH9LM
W97RM499
AXHLXW3R
W3ARTTTW
HEYYY4EA
CWFRLL3C
TMXPAPCY
7FNMRCRX
99N3MXXP
MAKEEM74
Y39KTXWL
WPX3PM9P
W744FH4N
NMK9PHE3
WTCCEMYK
L33CPEC7
H3TLKWH4
LP3CP7W9
MA74TFRR
KM3FETEC
LEKYKECF
MK7MCT9X
X7F4NYFP
YWL93AW4
HW4PN3KC
YK3XYRWH
CPERNYKT
4WEK94T7
R3MNHTCM
7YN3NMRM
AKHCTKHY
N33RHAHH
FFXKC7WX
WNKK7A99
MHKMFFRK
PLRTT93L
PF4EKCF4
YTEWC3AC
9AE3KHHP
AWWA4HCN
CM9NYFPF
HXTEANMT
HET74LNF
MEFH3ALR
KKPFEAYH
HYRA47W9
LEE47AH3
EAK7ANAX
YWEA43LP
9KM9M9L9
F7EFRP73
LKX344HY
39LYXWR3
HXNEKT7L
MF4T9FTN
EC9FP37C
9CNR9EMY
FNKA7FAC
TK7XHLAX
EMCFXXA3
LCMPNRAY
Y9TR9E74
XNPM9ANY
PN9N4NR3
KRYCK3TR
7REC4KC7
4WFPWR49
N7MWK34K
NWFN7PY4
7ARL39RL
HCRRLTLY
MLXMLFAM
FCYPLPHM
PWK7YN9W
KT3PTCKA
MYHW44XP
ELWPPKHM
MF9HWCNK
NAEMW43F
4C4NWARN
KAHCWY3L
9NTARC4M
AEXMTH3X
LM9WH99M
WLC3FLFW
Y4PHEH47
N9XMTHAR
9MW3MELF
RCL9KH7R
H4HL9KLY
TNXX337X
ECC3ENY9
AL47HN4K
W3MNFA9L
TRENT4HL
TLTMLFX3
HYMEMYCF
MNNR73NA
77LYPWKE
MC4HH7PT
ERN9KMNA
4HHA3MKE
MYNRC3TE
HHWE37C9
4PL9CRLM
3AMWNFLL
KRWNLAYC
YR4XNPF7
RN4MFRL3
C3HW4EXE
3RKLXKYC
EMC4FY7Y
A4HNLLWR
RA97EMPN
LCH94N4K
4PM3HT9R
WCPCNWT3
F4T3A9FW
FT4W9ATM
KAET9P3T
HRXXA4NK
YKTFEALN
AY3NPHRK
9M97WTP7
NPF4RFYA
P477FRLP
TRHMA47X
PWFCTLM9
CFEEXW39
7PRTEWLK
LH3LNME3
T9LMRM77
PRXT4MWR
XEMXNK9X
PHFL9WM3
FECFYRWF
R7KHMHA9
LYMAK3RA
7EHHH7W4
AK4NTLLH
93MAYRXA
F4W3MPY7
AHYN3W3K
ACHAXAC4
NF43FPF4
YE73EE7N
3EY9L9LY
XKK3TAFH
N4E44NM9
MEN4KTLE
PYANCWLR
EYRCL7TR
AWH3PTHN
LFMT47E3
3LCYCH9F
WCMW7WEY
A9NL3NKR
9LKTEAWY
MC9FFT93
RN4ERTLA
TPYNET39
N7HWLNNL
X933AAY7
K9CXW3KE
FFFMCHEM
L77PRKCE
XK99NWC7
C4NNE9M3
RN7M9L3N
H4W4MFR4
XW4TTAMX
W3FHWFWR
NWMTY737
MPN9LNR9
797RRXM7
43FKXHNA
EEMLNTP7
LLLKXMEN
RKP44PXA
MF7MRLRT
79EPKPMH
EEWCK3N4
XMNNYAPN
CAAP74EN
FXHHPP7W
APW7AEKA
M3YEPWT4
MXTCAH9C
CKF3TYTA
WRC9WHHF
LFYTHY44
NNY3E9FP
M9L4EAHF
YAP93HM3
TPFN7MHR
NRMT4TKC
KH7W7FE9
FW94AAL4
LKNPAYT4
4YX4HE4H
ELCFH7PX
LPF4NARH
NF7HK9AM
R97XTMHW
CWNFCYPY
A97NX9CX
CWCKPA9F
9YWLEKT7
ETEPWHLL
XXME7R7Y
9FE93WTR
TKWC9F74
T4NRAA4W
ENEPATCL
W4RW9WLL
7YKWM934
PKECRWCP
REYLCTF4
ACPAFF3P
P9TTHN43
7FFT4ARP
L44YHY3R
MMRKPRCW
9CCRKAXT
M3RMAFC4
TCLLAP4A
AMA4MPEH
E3EMP9NL
WYWREPMH
3CA44HFH
REMNEF4R
YPH97L77
CYAM3AHT
RAEFYCEW
E9CYMWHN
R4AF7HWE
RMKXXLHX
MTENCNHF
TXCMR9AH
HWRRAA7M
HMHAFEY7
YPTNCT4A
7C7FTCAC
MXPXTWLF
MRNL93HY
R7LCXWNX
NPTMHE4H
3EMCE4F9
WE9ERFET
YLX77YMW
RPLFP3MY
H47ACW4K
LPTMEFTC
MPNP3K4A
HT3YEHKF
4X493RHK
4KLA77RM
EX7MCNK4
HMKAXFFW
XNEM4NHT
EXT7PTKA
KFF4LCCE
4WM9XEWE
FN7WPKPC
A77RRT9C
NPYNCEF7
YEACWW9P
CHEHK44Y
4KCPAACR
MCTECTYX
X9W77KAP
9X3XMTNF
R9TL4RK3
C3R7HTK7
CYKW3PH3
H4FNP4PA
ENNXCHYM
EYCFMP7C
4AR34KEC
7444X3RR
AAFHXPF3
3FHM44WT
MPWHWNM9
TA3EMTYC
47AFNT47
WCTANL9C
AL3EYYCN
PRNL9LMN
34MRYPEC
KHK99NAN
C99WFKXA
AN3XN7CY
C3EX9AY9
4H4HHNW9
9NKYKHA9
9MCARKFC
KHMRTNC9
99NHCANP
Y7NTCCRX
RPACFRWE
M7CTMANE
XAX3WFYR
CANW7HHN
HMN937MF
YL4HHXAM
XKFA7KPC
CYA3TK3H
A4AF3EWY
9MA9NAN4
P9PYTA9A
TAHNR9KH
LP4HHKLW
MM3RXN7M
49F7FX9P
9XRYLKEF
F7A7EREY
TMEPLKAC
F3NFRCNN
XMTKYXYF
EW49XCKY
TXLXP93R
K3K7H7CA
4N3FF9YE
XCFRFLYX
YYT99497
LHMT3C4L
4MMW4L9R
MECXER3M
KWNM34WN
AXANYPWH
XLH3LMAL
WMWRAAHM
HMFRL3LK
4TE93FKK
WYTENRKN
3MAPKFMX
EWFC47FR
L3PCXCPP
RN93APRW
F7NLHXHF
MN9XFWYH
TFT439PY
CT3X3RY9
WLEKKEFF
4ELCMTXK
KRH3F3K9
LMRKKYP9
AFMPM4RX
K4N97K7E
MFHRHKF3
W3N9TEXP
HPCPWHFA
XL9PRNLY
YM3C49NK
TRLEPLHE
7KAETYR7
RRXRNN97
CYYNWYHW
KTP4XMYE
WNRXYE43
HNXTRTWT
HMKA9YAR
34KHN9P9
XRNA9WKC
F4T9LCP9
7RN3LWR4
PRAKYFR7
TLENK3FX
RRRCN77F
XMP43C3F
3AP4TPPC
HMKY9E39
4CANM3YL
7LKPWEC9
RMXRH737
YRWFW49H
47EMWRAK
XT744K4W
C74KNNLW
N47N7TAT
NYFN9RP7
3EK7PAK9
LMTTLWYA
9H4N4A3K
W7R9MYRC
WC4KAMXE
MHCT4H3X
LRE37XE3
LHTXMWR3
TRWLCRTW
9FECKY37
PTNF9PKM
MMLCMATW
T9XPH9RW
RHF39LCC
AMKKW944
AN7FAY43
WEWPKALF
RXHCEARN
AFKTXFEA
FA7XM7LW
W9CYYYAF
WLY73HHF
XRY3Y7TE
AP7AXYCP
AALWMWAW
KCT47KNR
TCY74X9M
L4THME3E
RAC3PEXF
T7AAK3AF
FYTAXNPA
PCNMA4W3
77N3YR9E
47WREY4N
7YXNP4CM
TPE4LX3N
NT7ERKTK
AMKTYC99
CLKLCEFH
PEFYE44X
EM7H3NME
TTL4MY97
K3LPN4RH
C4CW7TWL
YXLAPY3F
T9WC9NCT
RFXW7KRM
4XAWLFXN
K3NRT7XW
KTEAMEPW
CPX43WE7
CKFP7Y7A
M9P4EYME
3KMAKTFM
L9PCMHX4
3HM34FHL
KEFRR3HT
KXCRPCA9
E79XM74F
WFFKTM94
FP9LCXL9
XPP9CXWL
7KMAHXHH
44RLC444
WH3RAXT4
NRAMXFXR
KMTAFRC4
CNW4ANMW
47MFHH7E
ERR97THL
NH9EL7FY
K4TFHRMK
4MN9P4TP
LTMFHXME
MWFLYEXY
CP47LYC9
HR939FCC
EA7HKMWM
TWNNAH4H
94RLAM9N
L97K3NAW
KNEWPFR4
EMTTXWRK
PKAAXEM3
YPAKRYRK
49W9W9PT
AHCXCHWR
9W3HYK4Y
7HWA4MY7
FHNWWE4C
RHK9K3YR
FC49LAMF
T3MFAYCR
PHAT9YKN
FYXFMNC9
LTR7C7NM
RMEFT743
RPKFFCPE
EATL749K
CYTWPPYY
K39KPFRH
YXFNP3PM
PWCLXP7C
4RP3HEXM
7ACA4FEE
XYWCANLW
Y43MNC4Y
KHNFAXT9
XCPPNKXM
9F7PXRYR
K7FE37A7
9HXHMEL9
MT7AF77L
9FN4P4WY
73AH73X3
YFNKKHXP
KHLH3K9A
EH74TC9Y
EXFF3R7P
M4CNWXYM
XWXLY473
R3XF9HXN
RHW3L4YA
Y39YTXK3
33WRRAHX
AMRHYEXK
FF4WATFK
3X33X7LA
4R9NW9XT
CHNEXXEX
LRPFW3RF
C4FMKT7L
M4YCWXAK
4KKLL4FA
4E7LL7L9
A73LK9MW
M739TFAT
7PRHFPWA
L9ANTT99
YMCRCLLN
FWAMCF7C
RKRLFYFX
FR3A9XLH
KKW4EFM4
7K7CP7NM
WXFXRP77
43W4P4RR
WC7MYL93
FAYM4AP9
YWERR7NA
ETAXA77F
N3ELTWXX
AE7YEX7Y
H9MYR3RE
7EEWL373
K9NPEAT7
K9AT77LP
HKTML3T7
AM3PLH44
TYLFMK7M
NKTAAALW
CHFHWKT7
F9TNEWKP
KELTHTEF
WLCWYPEW
T3AHPTLP
NP7WRTMY
EL4KMPYK
HEHXL9R4
KKK7PPEN
WW7P3ETH
7FMRXP33
7HNHFKEH
HLAPXM9N
FFT4RMX7
HE7HT7ET
CTMNHP7E
R3YR4RTT
AN3NMLXN
9NRHACNX
PE7NK3R7
4EHLKH7K
FLXFHMYP
CP4TTNKX
CR3ACCCH
PFCEFHMA
FC4X7K3Y
PK4MRRHF
MX3KMNNN
7RMKWMCK
CKP4CPYL
PTLERXX9
CWHCHWC9
4F3MWNPM
N3WN7KRR
4NKCTKCN
KNMNTHF7
9RPY4PT4
NPEYWLCL
K7F4KT9C
RNNKMKR9
W9A4C3YX
4XFETWLM
Y7L9NAA7
T477WPAR
EHRXWCP7
HWTCCMF3
WP777C3T
HR7LCAPE
EWY444PN
CPY7A9L3
93KKRPXH
NFN3TKEX
EE4A3HN7
4F9T3WKE
9MK4PHK9
FN3N4R4T
A73ETNAK
NX99NWTK
FKK4NYFY
KRN34HA9
EY4KXAXR
43NNA4XN
MN3RC4LF
HHYEAWK7
ERXEPXEM
74PYXNCL
39KRFM9X
PT4W4MYA
3YAETTFM
XWFN97W4
MKT44NK4
4LMXER9L
9TKKT7N7
9YLMYLNW
RAHCF3EW
RT4CFW77
KNPK4737
AYAXXCYX
A3XHLL7C
XNFCXWN7
3REEHW4R
F39PP7TL
AHAHKLL7
ER49RR9Y
MMNEMNTE
K3NXM73A
TRL3EEFH
LLMFLYEA
L4MYN3HK
9RR9THA3
NC3TCPAW
NA79W4N7
3NM9YTMW
AYNFWHCL
TLAXY79L
FLRHKRY7
HX4Y7W4R
NFTML7H3
FXKEANRL
LYHEHHKC
MXNK9KAX
XP3FYLW7
HAX347TM
M4WLLPLA
CM7C47XR
FLLERLCK
A4TM3E47
LXTEFAWX
3F74YWXE
PHTH4RX4
TFHLYRFE
R9NKMRRY
NPLHFH7P
TW93MHH9
KMN34NAP
W74FRL7X
HAF4Y9FL
4K3W4MWA
9MKRYP3F
LXKNX9LH
MYMYRAKR
9HWW3RKE
RPHYRFYH
EYHM93M9
A37XPMTW
4KA7N9CN
A4HMKTCK
7TEYPREL
TTK4WPRM
3AWFTPFX
N9KH4K7N
HTF4LL7K
9YM4NAM3
F9ML3NPX
HNCP3N9H
XLXRAKHA
73M3XWCC
9HRTKANX
NYXLE77F
9NLRWFER
LA4KCKTC
RWXLMFAR
FEPEAX7W
TM73XM4A
L74EH9MC
XT49YALW
HLHTLNPW
PM3K3HT7
XTEL7HCR
3WWEFAEY
4XT9LWMF
KE3AWHR4
WYLELE43
C3ECW73R
7K7XXNRP
CKLEE3HL
7WXXTPMX
ANXWFLNA
F3NRRFHN
KNLNHHAL
EY4E7P4H
HPFF3K7M
MPTR437E
TKYCM3LL
XXP39RKC
MHL9AHRA
TFK3M3KK
ETKPXMK7
P3YFH7RN
ET4MA7K3
XXLPE3T3
YKAHTYM9
A4ENCYTH
HRPPYTAT
TWET3KRX
93ENFCL9
E4MEYPAR
N4PFCNRT
ECKLP4PL
P9RKXWME
WMY7399A
HRWC7939
FP39M4R3
9PFMTYT3
KLAT7ENN
AH79MM4C
L3NHYCL9
TYLXNXA3
RYC9794H
AL7FENP7
HNFMC4H3
X9NMRAXA
9KC4FT3E
LNTCLP94
3FL3HTRN
ATK9XCHF
AYNHN49P
MERW74YN
MEM4N3FH
F3LHYRXN
C43ACY4E
YAKRK4WH
LHWR94RF
P9WHEREL
MAC7NEXC
3YTPWLXY
MP77MPRK
MPXPCLRL
HALER7LT
KHCTN7ME
ENNHNT9N
K77CP777
3W74N3WP
NXALY734
RETTL3WL
TR7CMXKW
CKNTT94C
FNWKXNAY
4YWRLPAK
4KTT4ELY
9HRX97PX
YNPPA3TM
PXPEPFMK
NXT7PTY9
MMWEMC3N
PWRAX3MN
NNK4W49K
CLWH4CLY
TCE9KNLN
3M3LMLXM
TMCYLNTT
XMC7779N
933H7HKH
M77LHHE4
A9YXHCET
ARYFLHTL
NHL9W3FM
AWCW7CMH
P7TCEMAC
XFLWERK3
XKKMACEN
MM9MEWTP
YPKKWEEP
L4A7ENTP
R4FE9AHL
LFCX3A47
LX3A7CRK
Y9MCLCH9
C794YHMF
FCK4WTXL
W7RELM9W
4XYER74X
RPTPFTW3
KFKFLEYF
474RKM37
XPLY3AEH
YLRXKPMA
HHFM7YCF
4YFLAMYF
WLTM7CMM
R7KWLLPT
MCW3CKN3
NT9AE9XL
F349PFE7
WTH999KK
HYYH74ET
CYWWX7C7
PKR4TALE
ARA44MLF
WRNW7AHM
X7RPTWL3
X3NAF7K3
3RLP33EM
WHW3YRYR
H7KLMCKM
Y9NKTEW4
N3MCKYPA
4AH9A7HY
RPWHEA77
3ECTPF4A
9WRCYPWM
EH44WLK4
C4NXL9WE
C4KTWFC7
AR4PAX93
CN4CC9XX
Y4Y3TC7P
YLKHKEP4
ECAAXT3P
FN3A43CM
EPX7WXLK
K4YFHXKW
MXNLEMKA
9K3PENKC
H3R7K7RW
WAYT3XXC
NKAFLWCR
F74YHCXL
44P99A44
FHREFNWE
YPK4EYFL
NCPFHLXP
E73HAYT4
P7EY7WFX
WT4CPRF7
TXFPA34E
LWC4T7TE
AAYR3YE9
X39ARNX7
AAEY947P
XWMY7WML
P43WFYXE
N4CCPAFY
49WCLEYT
MWH7N7HX
RYNK4E4T
A9XYXA9T
TC3MXHL4
WM3ARXPY
4FTY37RW
PNX3MEAW
FWHH9KEA
WKTEH9HM
XPCX39YW
3PPFWRRX
EYXHT9YA
44L7T7LF
HAYR3NLR
ME94NT9E
EKL4FPYT
9CCRT74W
XHF744RX
MTREMF7K
EANFCPEK
X3TC4FFX
4TT9YRM3
TPK4WHW7
TTNN473N
YYLAXWTM
KEYWFLXT
X9WKYT9R
NYM7XMC3
37X74H4N
T3YCWTYR
FANMAEFX
T4XHCKHF
HYN7LH7E
TKFMNNRP
TMTYACCR
RF7TYP4K
KHWF77RW
T394WRK9
9FFN79TE
HNTTTNYM
FNWHN9C9
YLY7KMKM
KHWE7PTA
KC4TWKFE
KYATHRHA
HMEERWLR
HLP7Y9XY
RKETMFKW
PTN7W9TR
PRAHE7A4
NY9XFFLR
WAK4PMPE
K34HXRYW
WYPWRKTK
KPFEAKLN
9X4YRFH4
X7Y3TXRW
3HRMYTPH
3EELKHKW
AMEXFRLK
EWXKNLHC
EX3RFAC9
7CLXXWH4
RC9WRAAE
3XRPKF3C
CKKAAMKP
E4YXMNEN
HRMEMAL9
T9ACKN4K
YKYXF33E
WAA9MRNH
MMAY9PLA
9WFX3CYP
ATCAE97H
FPTYR7TP
NRRHMLCW
KYN4THYM
MMHYRYWW
Y7KNHTX9
MWHXT9AT
YNCFCF7T
NNNTF47C
FCHNKMHK
RERKLERT
CNWXPWCF
XRL4CF4W
CMXW7X4L
7FTCE7WF
XXF9YTXE
3RE9PT33
4P3PHAXR
MLAYNFEN
FRXAKWFN
NLNFXMAT
CKMFYFNF
Y9YALLAK
K3NA9FRH
THE3C7YM
9EXWTP3M
HHFYNT99
MM3WRMKW
XFCWCH4M
AHXMK7XR
NEMTFL9X
LHHLCNYK
WK9YTEWN
ANHFLHMH
M9RCTNR7
Y7RLH3NC
RFHXK4CA
RRLFNCLF
ECF4C3TR
YRNLTHWM
NW4EPKK3
F93MTEYL
LR33AN3H
K9F4CH9E
9C7P9CFR
4CNTYCMY
7FCLMY9Y
HXN9LWRK
FN3AHTFE
TLXHRXWC
LLPHYKXH
YXWRMWLY
7C3KXMNX
PA4LAKFK
CXKYTAXC
AKYC7W39
R3P7WKAX
KFH3W44P
TWL443RR
EA74A7X4
NY3WR9KE
A4RW94HN
HTWYHWCC
TXAF47XE
EFKNTWRW
W4N7AWKC
HYXX74TM
LPEA94WL
HAC3YPC9
CW3XFKXC
KXT9F9YE
Y9LHNR3P
CLRCLP7T
RCYMYEYC
M34WRRLY
4E744MNM
K7WXHNTF
CFWCNW9C
LNHL44TT
4Y7RNNPK
KF3KP4FX
3Y4RPLEK
YHHM4LKY
NRM7AY4R
WNT9X97F
3HR3HYYX
LPFHC9R7
3ATPP3L7
WKCMKXR9
T4XNAXWF
XXYKH7EN
KF9FAR73
MRFP49CM
NT3AFHX9
HEW9XXPW
TF7T7LRE
RMXYW3NT
MHTPECNK
3FKYHRX7
C997793K
PR9LYRT7
LXNNACFF
LH3XANLE
NRYEKMFL
WMXFF377
MPPT43NA
ARKRWFX4
H4Y7F4PY
9KAAE9NH
7WLWLTRK
N4MEN779
TPPL99LL
AYKLPNCY
K9K34KLH
4XE7EC4M
P34XFL37
7NFAX9EX
YXHH3CAL
FME9PNWT
P3WH4R3E
CMHF4PKX
FLFCAEEM
RECRRNE9
XRMR9TEL
RH7K74EW
AKHYEHM9
CTT4P3WH
WXWXYNWR
TH7XRL7T
KYX9NFMM
ET3PCCWR
HC4ETH4E
K9R44T9E
3W7MT3TM
LY447PAA
TX9LWHLL
TNPNRT4P
CMFEH4TA
CW3KMXFY
TPTY4NCR
PP4NE3KY
HE3NYYAK
EWMH4X7K
RM7YY7NC
W7WWYNMF
MRRTN4YA
4MLW3CR7
RCKWT4EM
RPNC9XPC
XCANKXPH
HP9KNLFM
4LALY7KW
FWKCP7AK
XP3R73WN
R3TFCWEY
YWP7PMKK
EHWY73EL
C97NHRTY
RPWHRXK4
PCC4LTLF
C3R4YKWF
WFRTHXFR
TLXWPPY9
E49CL4AE
9FAK9EPL
XWNM97WK
PCRPHC4T
N9CWYFLP
RN94NNCM
E9YFEKCA
WXAWRLKE
AXPA7MYK
TXLKL3WN
CWN7XLHR
FHEW7XCA
TRXCWMHW
L4MM4Y4R
LRRE3AME
33PHWTPC
XT9XXRHA
NHR7PECX
LXXAH7AC
XYRACK3X
WCEPKK44
KX97AH99
FT44EE4N
AR9FAXPX
KEMK3N3W
TK4F3LYR
WERT7HNF
7LR9FY9T
TAE4X9FK
N3YPXNKL
TPHKPLF4
YT4FLK4F
M7F9A73L
HCXEH94E
NT3THNRC
XNLX4CLF
CC3HCMXF
CX73A4Y9
YKTNPRX7
9NPRCCYK
RTP34LC4
MYWELHTR
K3NRMX3K
NMN3PTKX
X3FT7HX3
TXWR3H33
NL4TPC3X
NH9M9CMH
4KREY4WR
4NXX7M7E
THYE7WKX
EAH7H47A
9M9YNLTT
HKPKEN4M
WM9TLXMK
PCEEMALC
EH9EE4WY
KFRCRX4H
MEHXTCMP
KWNLXYTK
WX3XHM99
TXNHCLLY
4AN4XW99
9FKFKNWH
RKR7NEYR
3TCR7KRX
EKL9CHLN
LCFAEK7Y
M7XM377T
N7C7FRY4
YEMPMECF
C4AFXK43
EPNPFE4H
P79FCN93
XRR7MH4X
973MFXPC
RWLNAPTE
WFYFWXPK
XARW3ERY
C3WFMH9R
HC7LNACX
RPHT3KLY
N3AFW9FY
3TC3RYYW
MK9PNFPR
CPHFKNX9
FKPKC9M4
WMMW9MCR
APPYC3PH
TWNMYLAA
A744PHFP
NL3XYKN9
RW7F4ELK
37A9XFTY
PKHW7YM3
EXHXL9LM
PXLA3A4A
CXEALHWH
N7LWXTWK
F4WFN79A
RTTHHLT7
N39NFRF4
4REEX43T
MTPKANLA
EA7EWEEL
ER9EA7XP
R77E4E4H
AWCHWA3K
MLM3RWYP
RNFRLYR9
7HAA7A9F
M33FXMEL
4CWN73CP
KALP4YXN
AL3M4CPN
TCEPWF33
NCMTAW9N
WN97EK43
7NAKLAWC
XPCXYFAY
YEECMRWA
A7TEECCM
CFEMX4PT
WP7KLCLF
3LC43RCT
AHHLFL4M
ACYY3P47
779H4EKE
HNWP7H3X
RW7WM3X3
CWNK77K9
M7PN43FW
NARWCYTY
94RWEXTF
KRK9H4YK
PWCP4FW3
RPA3KXT4
EFE3KMAN
44EWYEW7
CLL47AKL
E39X4NHK
Y7MK47FR
FWEHNKRA
CWNHRR9X
WEN4WXNF
MLTTYXWP
FM7XEKCR
9KFX7M3L
CE4H47PA
CAW439LR
XCMTLTXH
RLKKRKYW
RM43CMFP
WEAAY4XT
H7HX4KRR
3TNPWE93
MCCEM9C9
A3WPYC7W
3WYRC7R7
HE37XTCK
NHKAXWX9
HXAXXXTY
ECRRL9NE
KCNHC3LE
EH7P4N4T
L4FHM33H
K94Y33ER
X4M7ERAE
TELCLP79
3RLW9WHA
AEKLFCYA
H7YN4RYC
XP4T7A7C
FMPY4KY4
A4ARCMLR
HF3A3LE4
7LCXEPXF
TFXWP3TW
MPNAE3XX
KK3P7XRW
N3CAATWT
9KPPWPX9
T7TL4P7E
3EYWXHXH
XCWPHWHY
PMALN43X
PYNFCYCL
4TEHWL9A
KHAH4NWL
HWEK9RMM
9MN77TMH
4PM7FHT7
MPM9KWHR
7F9TFKPN
RMTYMRWY
N3TNFWPL
KXH73KWY
9NT9ER9T
KTCLYWWC
XPWXFCPA
MFHHNX9N
FT49CHXK
XLT4TWFP
PFKEPPCN
PK93FMTY
KWPNHCHE
EKRWCEK4
PANPP3PL
WLHTCX7F
TP4AYWWR
3AC3TPRP
NWRRCRR7
ET7MCEFK
MXKLYHTH
X3CYYAFL
3NYA3LWC
PT9L3FYW
E4AHLXAP
XCHAW4MF
4EXALYYA
WRPACA39
39RHXT73
3RME4AFX
AL9EHMP9
XW9RXM79
YACWFEXC
H3F7AL93
4X33NHPP
RENFA3TA
NPNFM77K
FF49XL7K
CCKHYKYK
AWK7RCYL
RP37P3LK
FCHHFTC7
99YRXH4N
XMWEA7YL
XAXX9MLN
3HN9ERPY
3X3KWXCP
AXLPAA74
MHMWAXLC
C3LAY3RH
4XR3MFHH
AKNMW99N
3PKMTLAH
E9X3HNA7
NNNHYTHL
4X7CRF77
EN7RR334
RALR9WTW
EY7NMHFM
FF3XKYR4
HHPT3P4F
CK4NEHEE
WWNF9EKE
AFYPYL7M
TE3AYFEW
4LM4TRYK
93NFCHMA
FNPR4EAK
R9YYRLHA
MPPMYEXE
FM4PKLA4
YEH49L3P
TYFPNAXK
4C3YEFNP
9WKRA9WR
XKWLKNAN
9RTCYNRR
AKWRXKWH
CFLK4YYE
RNPCLC97
XEMWATYF
LCN3HYKR
HEYYTHCA
9M9CAALF
FCYTAYWN
MHRXFWF7
FK7EKH3L
T9LK39XP
KCFTN49T
RCTKHE9P
PEYLXHKN
AWTW9MC9
73KKEPXY
XE7XKHW9
KC479EWR
KEA43RRL
KAATWLL7
WNWYKWX3
NHEATPWA
M44ECREN
334EAAFH
3TNKAXF7
NNKL9AHT
HL944THT
7MNNL4N7
TXPX9TLN
FWFT4LHK
R9YL3NKX
E99KLTY7
YWFAYTXL
YTH33MWH
MKY9MK7X
4NXPH3PH
9HPKXTAA
PWPTKE44
YCYYPXR4
YPNNCHRX
CL7Y3XEC
37YNYYYY
THPKTMWX
CTW9NK4A
PKWEHFPR
WCM9YNRP
WYLWTPKY
4YEWRR44
NKXH3EKM
KHA9KARA
WEAKLKXE
34PPYKPL
P47ML4W4
TPTKC9LM
LYT9YFN9
X7WTFK4W
RTNHN97A
9CTPT7HM
XXMR7KMY
M7CCEFCT
LLHTPRFY
T4N9NTR4
9KKAPW3M
3FA77XW3
3PTNWNTE
7FYWNPEY
WRKPXFXF
AKXRKWNH
RFA3FAR7
LL7KHT7Y
LMH3YYW3
XKFA4ANA
4THWFNAA
74WE7MCL
CPAYCLAN
M4WFMHLK
NC7MENM4
AXYFKTWP
3H7WCWAM
3WH97YCC
CAMEWAXT
3YPCYNXT
P9YTMYY7
RK9KCP7K
YYKPMNPC
4LY4A7MF
NHYCLATA
3NA7NYTW
3H7TTWPH
FYFNMWLX
M3H9RCHF
H793F9FH
FKTP34TL
LK99X3PR
W4NKRT9N
TEN3NY3A
NFPKYEAN
ELXYXW7C
77T4L4MT
KHEKK4LR
W9NWA97A
7AACW4XX
KH4NYK7P
HAXLP4T4
CNKALTTT
NTPKE74P
ENRNA9NP
EXRK3E9N
RNTWYXWE
WRNATWXE
RP7C97RX
H9TN7W3N
MLMCXXMC
AHTTTXKA
LCCX3MWX
H4NA4XXM
KLF7KRCE
KT7KMFYY
F7CFACNR
YRFMEFKY
9P9HEYW7
LCXLM9WR
TCL3E94N
EXPFPPKW
N4KT4LTT
NXHXLANY
PMLPF9CM
NE4THPTF
NE37WMPA
9FN3TRAE
CMXMMRHK
L9ECRPH9
NTTA7MYA
XLX3EWTE
PM3MN3YP
K77X3NLY
77TM9T4K
3CFKHNFH
F94L3HXM
4YFTNYWN
9W3H3994
7PMK7LRK
MATMM9TE
P7KETH3R
93RLPAYM
3MNWTCRR
W9PFK3A4
7K7H9A9H
4FP4WYN9
L3MYNNK9
YRE7LFMW
HFW7P4R4
YNFEWFHR
TC4LE7F9
XCH9TWRK
CMPCFRTM
RH3KYNYW
PL99M4FR
KP9R3NA4
PANP937E
NFCPK3TH
7FPKHTYE
3FTKT3LA
EEE9W4FW
HWYCCLWX
CPX4WRMT
MK3L4ATM
CTYAX7KX
4H7ER9FN
XTA9MNWA
E9CNYY39
Y9CNKC3E
K3RTCN7M
EFRE7XCC
T4M4HL9F
NEC7ANL4
4HX3PP3P
ANFWLK7A
X3TTTNLE
WW4M9M49
MYE7WKP3
CTE4A3WK
C3TKE4P4
34XAANEE
TYHFYY99
9LRTE9MW
WNA3LXFP
NNAFR39A
LLNHRK49
793FKH9Y
XETNL7TL
XYYMCR3E
EEEH3FLH
YANTPMLY
M479APR3
37K4LHE7
CHM47APF
ATLYHXT3
KELXFCY7
AFM9M3EW
3PPNRMET
LWNAXE9P
4AKP7NPR
4NC3T3TP
XPTK3FRE
L4M3XAMY
T7L33ECP
NW3TNAX3
WRC9ALAW
7WPYYTC4
CK4RXPT9
RXTA4MRT
YY47KXPM
T7HHCKT9
3KWELTCH
44RAAMFX
ALEFPC49
FWPH4MEC
CE3LK7FY
HPYK34XT
R4NTFA4R
HH9PPPLK
4CNRC43P
47A47N4P
CAHMLMRN
ATXCXKCY
YT3C3KKL
CWH3WK9H
KREFTXLE
KHLFPMC4
XPH7P4KF
KHTMFCPA
MTAHNCMY
RRARHYEN
ENPAWLNY
TXK4YFWR
EN3KTC4N
73FKRFYK
FT7K7ANM
4ETEEFH3
PY3EK74H
RCNFM9RX
YAL3R93A
PEAF9HCT
EKL7MHCE
HF7FLTPC
YFKWEPE3
XWNTWLFT
TXRHREKR
MTMEC3NT
4NF4LY49
YK9LCYEC
7WCEFN4R
MXF9KMRN
P9KPELLX
NKRW7WPP
33EPWNA9
7EYE9E3L
F3XKP4X7
4KC4WF7M
YFEYWPT4
7KR34K49
CMEETFNX
3T4F9KPR
YYFFYFKE
MLE7LFWY
MMEHX7E9
PCFLXWWN
9NHKYPMT
XNKEPKX4
MX7LKNTT
FRECTW93
NMPH7CEW
3HML7RMM
YELWHWXN
HXHC4XEF
N9Y3WKWL
W9PTPRFT
M3MAPRCF
PW3WRFC7
7LF9793E
CFLLARPE
TAY3KHHM
KCK37FAF
LPPT74FT
CWA4A9AE
LEN4FLFF
FF7R97FL
ENAPAX7E
PEYRY997
C3W4CE47
CYL9NELM
T3XNTAFR
33PPX3NA
KW73EFXK
PPY7PY4K
93MKR74M
ANLTCFT4
ECPPEN7Y
NAHWCR9H
N4F3ETFR
X33XLYLK
TLHXMHMN
PF9YAA33
P7L33EEP
YPANANCP
4APXLXAE
NACP49TY
EN9WRCXL
LCTFHCPN
HRCKCPNL
3TML7AKF
3HCWCP39
3RHNX9N7
7CWWHNYH
N3W7L74M
PKE3EMX4
YKK4A97R
C9NLCLY4
LEHRN9TC
4447HHHY
MFFAAW74
HEFACANC
NKEPWFTW
KYN9XKTT
FT4HWHWY
A9XLRT47
KXR437CH
LCFHLPNA
LTR4NTYE
KYW7A49K
4NC3H4XP
AR7H3X9A
FRM4PH9W
T7TMET7L
TE7YK9AM
TMKPHMY9
797FLXFL
HKLPP49C
F3MK9FRA
AE9A34Y7
FYX4TK9Y
MLLNCWER
RNH3WK33
3KTN9KXK
WR9LFL3L
A7RHPXWY
NW7H3EPT
MKYK4HWM
LHPC9CLN
4WWA37N3
7H3PRE37
CTMXFHEL
7RRPLEYW
YMAE4RMW
LRCY4N43
3RYWML4C
FFLKF9HC
7XMYWLW4
WERA9EWN
7KCMFXT7
397XXH39
K9RTEHL7
YHFTAAL9
H7HM9TAM
XKYWNP3C
NFRAC44W
NNK9YMY7
TKX3NHWC
XPTT73XX
P3THRHYM
YLE73MAM
CFYH4EWE
KLALXLX7
YLN93TNH
WNME9NWA
YE33EMFN
93HT3HMH
HW77FPYF
3YY4MRHC
TFKWR9LN
WETNALAM
93WHW9FL
XTMHMYML
CLL3FENR
C4H7MRA9
9HKCF379
CNFTWHRA
4PXTCHH9
AHF7LX3N
33ECYMYR
AKEHTRRF
X9PCC93E
YTAK7P7A
HR49T7Y7
KWL4HLHA
XET9MWHL
H93EPEKC
YNFEFYH9
RXHLCKCX
CHKCKTXN
WWE4PLCK
EEERHH4N
7PWNHLLN
7XHLX9LF
PMPYKKFY
4P4XRPM7
TFWT3PNA
W47FWTYA
YNRWXNNN
NRRHAF4Y
N7XRW7YR
A4HKXF4E
N33YNWMC
YWMCKN7C
WEPHWCCL
TC939HRA
AAYCEEXM
3TFF3XTL
3L73YR4F
EPXMM7XK
44TMT9R7
XFKXLRX7
R7CKRFHT
TLKRKMWP
YAFPH4XE
AF3MM3C3
MLACXNMK
XAN47RXC
WWT393YK
T73N4P7X
L9MNTNFN
R9RYWC7K
PHHHREKE
MP9H7MMC
N9FTNALW
CLYFTPNF
4C49MX3C
RAWTPFAE
RL94YWCR
W49CNTML
T3XLNK4T
ECARCHXY
CFYYYX7L
K3H4LCT7
RRWPNNKM
HC3HKRPM
37M3R7MK
WPFALYFN
XKT9LARK
YYKER7W9
LT4L9PTA
TP97X9WH
E74HMNE3
ACLXL9XY
49TRNETW
AH7TENFN
WHRAFN3X
PRP7F4E9
WWTYTXTH
TKP7P4K3
ALLN7TAF
FMNRLL9F
P9WCNWMX
TNNAN9L7
PKXKTPWP
PMRW7M3F
WA4N3E79
X3AMYYW7
RK4KF7WX
LK44EPN9
FET4CPXF
F49HM3LM
TCA4HFKY
N3AP3ACM
FAPMANEC
47WWHPFM
H9LEAPRY
9YHPCHY9
R9YXR3NN
YHLK934F
94PTW7FK
K7EW7CTT
7LHKPTKM
R37X7EK9
EHC99TL9
NLN9YKCW
3HYTYKNL
3LC43PKT
AYHWAFEN
WXCTML7X
MCMRPEXE
XMYNPXE7
9MNCYRAF
4WHNXLLR
XA74WTEE
PACWT7R7
LNTHWKTF
ALPLEH3N
NH44KPEL
YYAH7KN9
RLLFL3CE
4CXNPCRX
HMNE4A4R
TW7WWTWN
PR9TYYRA
RPLWXPKW
XW4PHEAF
T4A4CN44
4AXPKYHA
TFY9RR7X
MCWE4L7C
WATNR7PK
E4AMPT7M
ANRKM99X
TMN33R34
MWYWPLEA
P37REYMT
WC94XE3M
PEPWK7WT
C3R4PHHK
R9F349NM
4PHXHPLA
EHTLEWWY
X4MKRXTH
HPRLC9C7
KCFWN4HA
RAMYMCF9
XEL39HH4
WM77NNAY
MYFK37HF
H3WNM3YY
FP9PFR4A
Y9YYRRPN
FERKKH3C
7TYCP9PK
MNTFNP33
347X4TYL
AA9ATM7R
NWRE9WTT
WPL3R9RA
7M3P4WR4
TPCCWRFP
XAXE4RKY
393HRR7Y
AXWN4M3R
R43A9YF3
RLAMPEAX
NYFH4YC9
4TH4YREM
AXAMPCXE
EFC7LFFT
FLXPW4T7
RPHHHHYN
RA3MT349
9WEX9TTY
AFRFFWPE
YW47MYAX
447FY3AY
9RPNRWPE
YXPNMTMN
ETARXYF9
LNRRXFAC
3REPCWLL
HFNKNKP7
KEMNFWCR
NRAE4KHY
L794LEX3
MPEAKLPN
WNM4N94Y
FX7M3RCE
WTATNER9
PY7TX3HR
AHLWMAPK
PKRX4RCT
XCH43HA7
FXC97XMX
RPWPFTM7
WRFXHWWT
YXW7XLX7
AYCLRFNW
AKRKH7MY
T7N3XKW7
CK34LM74
ETWXM4CY
W9MM77FK
H77PK4LN
RYW7TXXW
YATXREKA
99PPLALM
EMNKYFCF
4YRT439W
KCRXL4AM
7XY7AMNH
7W9TH3N4
WNFCKCRF
T47FF4HK
R74YWEY4
ARXPE7X3
PAKCMFFY
HXTATRNE
CFMA7PH3
LNTKTKRR
9CMANE7C
7LLPP3NX
WAKHPMHW
WRPLYXF7
YFFXTEFE
NNXR493H
7PTFCLCR
9LNKWRFT
NYNC4YMF
P7WCN3N9
NMXFEX3Y
97FKWNTT
A747KEKN
W3FRL74R
L7LMMH43
79EYMEWX
P9WC7HKR
9RC49XAX
KEC4XE9X
43H4KYTM
WCMELPKM
7MA4LHPY
LKYLYETP
W9FMFPHK
R4FW34N9
33ANWPNE
PNLYLEWL
4THPW9X7
ETEXFN9K
R3LTK4TA
RMLAFWNY
THRTTLWH
7FNFPHCY
XK3YE4MR
NRC39CCY
XKMHELMY
PXYF97E4
4WFM7C3E
EW3EPPY4
49TPCLW7
7XFMY3HW
3LCH3H4H
FTFWMLPW
EY73KAKN
3PLNECCM
WLT339T7
X9HC7WFR
TERTCPWP
RHXXXTMA
R4KH9KYX
H9NNA9RA
L3XERXCM
YRYNWHHA
7XF7LFKT
YENFCM4T
LMAN39YA
C9K3EWRR
XAFP9L4X
7PHKPHN9
TYYTF4T3
4PA33937
N7HYM3HF
3CYATCN9
CTYKPE9W
LWRC7RF3
M73KCWEY
4HNEF99Y
Y7397997
LHLACPEE
RPYY4EW7
NNM4MMPM
Y3PP9MWH
73FXLRL7
YTATL994
MNNXPNXE
WXL9FWM4
NKK9RCRW
HXEAK3LM
E3ERT9NX
RACMPENE
KP9YT4ME
E99LWYNT
4NHWNYE9
N474WYW3
KHXEEPPY
RMXEPNRW
NXTXM3PR
YAE49EX7
4FEFCNTC
7WF9NWPA
AXM9KLPH
PPKTKTCW
KM9RPEXA
R4YETANY
4WNY7KNL
9ANWR7RT
NNPMXT7E
CH779KT4
9EM9FEWY
LHEA9F44
ATA4Y7TC
WF7NEKYE
LCAKNC9P
PHLCXMNR
4MFCT7CF
9E3HLCKK
CHYWKHRW
TW7YHKM9
RLKXXE99
AHE7F7MR
LA3AAP9R
33CPKA3W
TMPHKNML
4EE3LAFT
EEMPM3NF
PR47KTMC
ATM9FLTF
CMY9E4KE
FWCHWKFM
MPLTXW9A
7Y4RWRAX
W7MYMNNM
HNTRX3T3
L9Y9NLXW
3A4TXH73
F3TWKFEP
R4EN4TTX
K33WAWEN
7YFY3M9P
WH9EL3TF
W9R4MH34
HWXXMTNX
97MPMP9H
W4NPLLNE
3XNTY93X
FWPTNN9F
TXTEXHKX
HETNEMFF
P9X4K4ML
FFMLFEK9
AFALNTLF
C7T3XEC3
HN4T3FFF
RTF4HF9W
AYKA9RF3
KTALR4MC
XPARXTCM
MHEM9HX3
9KHW9CKL
YC3HMCLT
YCA4HFTM
HKFFPLRA
FMMAXTL3
47LXAH7Y
7FE3KPLR
9LKEMKYP
TAPTAPPM
4M7YC7XM
NPWNFCHK
NTT3WTFP
HXLKPK3R
HYPEKXKE
CXKFX333
CAHW3KXE
CTLXXL3L
44PLFPRP
AC9CLYEE
3WEM9FA3
MCPR3YR3
W9WPPWPL
FXL7FPM4
N3RCLYXF
4CC3TWHC
9EPPWCK4
XERA9ANR
M4EMCCAM
EPWKH9PW
XYNTXAE4
NMR34XRC
HT49FA4H
ELWWCPRN
NM9EWC4A
AETHWWYY
99K7YMRX
F47MEELM
7NMWLKNK
FMCKWFTW
PRXF4CNF
TTFRYA3L
N7YT4MFR
NNLXA79L
CXKPH9LW
3CLYLNP7
C9YCL7WT
LKY7NT9T
KXELNC9F
WMMW3YKC
RAP4N3TA
E7LFHWTA
RN4NN7T4
F9R9PNNC
EF4Y4M4E
LECLP9TT
RR99WXRM
3KTTYFFW
XTKK4PT7
FHH3LKPY
9PY4YM7W
MFF97WK4
MYXNYHRP
AYLKLPCC
HEY7MX39
XYWAL9TE
KCMC3NFY
7L9734YW
49L7XLNT
XWKPYEEX
EFKPTXHM
RXNP7M99
FXEWP4XR
M43TWH7M
RLTC4WXA
TRKL9NTA
4NYLCPKP
M7HXMXTR
RLE347XL
97YM9W7K
TFEAHFMK
ANC974TE
33ENYWHK
AEXLR4LC
RT9EALXT
MC4KX9HW
A9NLKYHK
FN33MHCK
CWP9N4EH
TM9MEHPC
YXW9EP7L
TPCTM49N
9LRXHX47
MF47K33Y
43WPXRCM
MRYP3YYR
4CAKF4MK
YXKMY3YN
CWW3N4L4
A3KHC9MY
CM74YA34
RAPN94WX
3TMPALHY
A3RPHM4H
RHE37T4P
FK93RTLH
ERMEW9WE
7TNX9LL9
AFHHKTHY
W37WKT49
TK3WH4MK
3P3KNTHH
9LNLWAR4
3LAHNPTL
MAPTERFC
4LTPAELT
N4H3TFKH
RFLPCPXC
K44C4A3A
NPE37T3F
NRHAY4WH
F4EXCE9R
YRWEXFWX
A3PH3A3H
NRLK4HXF
MEE3YAN7
YC7WERTH
4TY4NFH4
T9AAEFP9
FMX3W3MC
TEK4F94N
N379KTEK
WX93P7FK
AXLH7XLL
WN3PHCT9
3RLRRWLC
R3RP4RM3
MC3H3NCT
KCKA3WT4
MHAPPHCR
M4WPHY39
9N7WW43P
FHKMWMAR
9XCY7EM4
AT9LHMKN
4CNLX37L
X3RTWLPF
PPCTYXYP
3EXWL7NH
RM79WLY9
MMEFLH3F
7L4KWEHE
MM7TKT3X
EW9YYTAH
AE4AT44F
3E4PRWY3
PRYPY3EL
7W4KYTF9
4CRPWXFN
WWN773R7
L9AM7E3F
LM4LANPT
E4XHRA9Y
FM7TKNTL
9343TC4K
Y47MTWC4
TNKACAYC
XE9MMNTX
47XX9N4Y
NPXKPT3E
AP7CW4L7
3K7WPM93
NE9MMWLT
RPTC34RM
MMCLK7AT
NETFYW4T
3YLEKLA7
XCWK99AC
49M4WYCP
PMYN7MAF
93K77CPR
73X3KYLL
9TAWAPRM
KXWKCHR4
TL9T4WE7
CYTAMNC7
FHHT9LXK
9W7N3AXY
7CCNALW3
A4XWLXFR
M4YYMT47
R9XYERXH
NXEA3KRA
H4TKFEXF
YEYKEFWX
C4ARF9AE
HCKWNPN9
KYK7FMRH
L7TMMMMH
3XETTPNA
APYFTE47
EKX94KWW
R7YNM7T9
R4LHL9PR
HAKEAHWW
7734K3MA
TMNNTEFW
TFE74RKH
3TYY7XRK
FP37NNKH
4WFN4ATR
CXYA49AN
ALN9A7TN
KA4PXN3X
PPK9EL7N
739ANFFY
7CA9PNPT
E4XCMT7X
4MKKN9NA
P4AYF7T3
Y9R743XR
ANN3KN4Y
MLKMFAPR
N9LXWKPM
4TE7KT3X
MXLN7PRA
H93PFMHM
TAKYNAWT
LTTEPXPH
3TMTT3HT
RXKHNYHA
E7T3P7N3
W7TXRK3M
WWRRECPP
AXKL7MFY
7X4KRC9K
WWEE7WAL
MLMHX3WP
PT34MX7T
HW7PLEC4
93KCWK4F
FFAXY7NC
XF9MWPKP
YCNATYW3
HKH9KEAP
3E43ARTM
MR93E3ML
XP7YHFKF
YFTL4WHE
TRTYYY3L
NTNAY47N
HM4LK43E
9ARC9R3H
3XRXN3LW
T7TY9Y3F
HW9LRWPT
KMYYANH3
F9FP4NY4
TPTTKK7P
M9E4KHFN
4LNNTEX9
E4MCLYLH
XPHFKYY9
YTWPTWHP
7FPT4CKW
MRWHAC4W
TWFFXFR4
7NLRPECC
X3KC7L9T
ANRRYAP7
FML7X3LX
YPMKEEHF
34H4P77W
MTCFH3FT
MFRLR3WH
LTKH9M44
W939EE7T
MERFPXT9
T4PK99WM
XRTPW9HM
N3N3WEN3
KWNCMRNC
XKLKKE4F
NXAXK4KY
AAKAAY9Y
H3KYFELY
NXHYX3AH
M7CCT7R4
T7AC7FNL
TXCPNWCC
9MYCYFAM
9447T3FP
KYX44T9X
PRNMTEFH
9CLTCYMT
CFN7X73M
37NYCW7Y
C4MANT4C
HEWYMTN7
XYNMENP9
3LXX3T4W
R9YP3NKH
4NTATX7A
4WTRTPEH
H4WXFEEF
9CNNWFTX
3E93LRRP
YW4X9CMR
EMHKW7EP
9KATW7FR
K3LX99W3
37T3CFHT
MC33EHKH
T7YYHRY9
YRAKATRF
XYWWMA3A
W9M3RHPT
PYTMA9L7
Y4W7HXWR
3P9NEN7N
7NETEKRX
9XAAAENF
CPWMEL9P
3NFHCAAE
3LT3MXYK
RACMNLAM
LEPCHKC7
EPC3LLNR
C99733EY
MLYLFY3F
L3HMTNYH
TXMANXTT
EHHLAPXC
HKRKCC7X
AL9EHAHT
3MLMLXET
43CFHFL9
94XRMEK7
N7FRM3PT
7CMN3WN4
EKWLLL3W
7RNAR4C4
WNYYPHNP
CEWRR9FC
YLTTRPCP
LYAP9YNC
NPHCLF3T
NEPLH9WT
C33APX9T
XLHPPT9L
XCT4HHWE
YXEFL3NK
YA9YMH3M
C99HLYMY
3L949RXN
PAYTHKHA
AHC3XC9N
WLEAPAL4
W9APFWPL
AFPN3WPW
YH34WTER
49YHXYW3
FAKHC4WY
CK3WNENC
AFKCNPNE
MMCP44RK
9KKEHAKY
CYMX4NKA
A4EHX4XP
FNWYCYRC
CLNLHMXC
4WALYCPF
MFH9TEPR
R3NMY9RT
AAEWNXXF
9NTPEXNX
ETA34LPR
MRYNKXYM
A94FNKNE
NYT43PTC
FAF4XWYC
4AEWWLTC
R739Y9NW
N9RFKF3L
3E973YRL
4C9PT3XA
C3ME9PAP
4TTM7E4L
7E4PX3EY
7WYY4NMM
F4FWEPXN
W33LRP9K
3Y7M3FRH
9H3FK9YN
WL39TAAE
L3CYHEN7
A4XFE7HR
MYRX7YF3
C3KTHHK9
XNYTNNC3
PWFYYKYF
C9TRLLP3
Y347X99H
E3XWMMKE
XAEEENRK
NXREXKM3
NFEE7EWC
EYLF4HT7
CWHXH9RX
ENCN4N7L
NPALN9TK
TLXYCFLF
H4Y4WYAT
MNFLECKK
3HYNRLM7
NXHXYPH4
TCCR77A3
WF7Y7C4Y
HXEPM7LL
TFKCAMYM
T9TR9XTN
YT3PRWTA
3K3444MP
HN77LFW7
L7CNNARP
YLCLE9PW
KPAYH3EM
9HL7TFKN
RN4XAL7R
7MXE743A
7FTKMMN7
F9AHEEX4
ATC3XN7C
MNP9FMAT
TYC3CN3Y
M97PFT9M
WW4AM94K
9WRCEYC4
RY7HMNCK
33FRWPCY
AWXKPA77
NCC4H373
W9M9WXXR
LMF43NTW
FA9E9HMM
ARC74CLF
NNMNLXRN
EFEC3PHX
3ALHN9YY
CN4FFHYN
XENWMKAC
FRTYCAKR
HWFY9T9Y
T4AY3E3P
9NC3AEX7
FYPK7LFK
HL39LWRF
4K7MLC7Y
WCXEPA47
FH7H7A4T
CEPLM4HW
T9MACAPP
9WACR49A
9KWKTKWT
CWTHRL3L
4PFTRHEL
AA9F3X9X
NKFMPTNA
XNFACF9M
3ERLH4TC
WKPWWMHX
NXXL993Y
XWWPAMHT
PMLM4NWC
CLHY4YXE
AP3CW7WK
AE3CH9EN
LCK7NR7M
MR47TX7E
CKCT7XY3
NH3AKFLX
K9L3EP3X
PH9C939N
LWWFP3RN
E3XKKPT7
CAAHPRPH
34YCYWF4
9WTNTHAX
ANT4LHFC
LNHYMFE4
X4MCECA3
WFTXTCEA
PNTPXTMA
AWFARHFW
WMNKE73H
HRXKHLAY
97LF4HH9
A49AP3PX
L7MPNHCF
XM9EMPRF
R34LCN3A
YLKK4XFY
WMNWY3N4
RXMY77WR
M7LHHTFX
TYX97YTA
LPXC4CT4
LHYHNPRE
H9X3MH4Y
CRK93XAT
CXXLNEEW
MRYM3EP7
PHYTNHHT
PKEHFWRC
FKXKX4FF
ARFFXH9K
NRCTF4LF
XWEW739R
C3WXNYYE
PTFH7LYM
3737TXFE
MNRX9RF4
3H3M3EE7
TR47R7AE
LHMKX9EP
LEM3EWAT
XR7F9WFE
4MYHHHT9
LP9AKRFK
AP4AFHCM
F7H9LKMF
KHPWT9T9
NN3FAFR7
FT4NMFCK
LWYNHA7R
CTRE93PA
4MHKTEXC
F9T7XM7E
L9999Y4T
ARMT3ERN
L344MHCA
CRNNKFMR
HA9FL4YY
ER7N4YM4
TLWPW73E
YCFXMFPX
WLHCEMT4
3YPN3CX7
9PHFTA3C
TTXYKF7L
MWMKX97A
KN34LE9M
74AAKCNP
7WE3F3TN
773WA7HL
L94HMLH3
H7HNLYCH
4WNECC3M
NHFTYKHM
XN7RR99P
3PRMY73W
X4PMEHPY
ARNCEF9N
NW33PYCP
94WC9M7T
AEMFPTLP
LLPTXWLE
X7FTCTT4
4WYN493W
W4AHYRL4
X4RHKP3K
A7TXLMMY
MLXCF7TN
7R4HT9XL
XTWML3WT
MK4FN4AT
WCTHFLTN
PXE3TL7X
XN74M9CT
MM9MYNMP
7RYFREAM
KLRXRWNE
34XEYAAC
N4EA9PAP
L49XNPLK
CRNNERTN
KR79FX4M
3YWM7APK
MYPRL3R9
77WKHCRK
FTYPAAHC
RMK4Y4EL
YR4XM44M
7YM99PRA
4F433ENM
LN3KMR9C
CFPMEHA9
97WPF93P
9HCRKANW
ATXE9XM7
KCAE97W4
NP4XPAN3
TAYKCLWX
E4APCLW3
CCNKEK7N
MRTKNFWL
AR7Y4TH7
RY3HMRR3
3FWM9YMW
NYRMTM4E
NHFFRA9K
AP73NFPL
N4RFEX7M
M3TAL9N9
TTMTNNWY
WHANCFYY
ENAW3WXA
C43CTTHP
NTRCKKP4
APEHM9F3
9M4MXH4H
MWC3KKPX
X4K34TNY
A9FA4XTX
7PNHLLMW
C9CCWWYE
CCYLNXM3
EPYH3LF9
4Y7W9MCC
X4P9MHTK
NCKFT3XN
L4F9FAAF
FNWFPP43
FC4C9LFL
R4NPXAT9
MY7WC7LH
FNTM4LWN
M4PLWEWY
Y7WREA3M
7HR7WRK7
7KFENHMA
KYYWNFFL
MFPNFRMM
7PA3P99T
H4C33HLN
HN4T4A4N
KKXX3PWH
CNMWLKAM
M7RTHY4F
P4CXNNFH
CPYKXE9P
4NRLTXWM
H4TMYHTM
7YLNH93H
EK9TYACN
E9E7MHXN
FPMPTAXN
LPWRXY7A
7TT3YHE9
YRWKKNLT
AX7MW3Y7
C9KPCYPW
LF37FY9P
T4ERHHP3
MMHP79EW
YXPEMTLW
C4347XAN
PWHNLL9W
X3KTETXH
C94AP3ML
7FTHMMX9
93TKH474
LNNLW4MP
LL4TNH37
FYL9YYTE
ML4A4KA3
RENXEFHY
ENXKTELK
PF7HA3HH
NFT9RRXR
47N9FAAC
FF73R34E
CWHX9E3Y
4F3HXXWE
ETFWHXF3
K4KREXAK
KTAAKCW9
CWRX3933
N9WCKNLN
4P4FKAX9
7KRTMRNT
T74KLWK7
4MMLLFY3
FXTXHA9K
PH3MHHF3
Y3PTXPML
9WHN4MXX
NMFKAXFA
N3C7K9KE
4FNY37XA
CMR4FC9Y
7PY3HXCK
RPK4T4NA
NXF3N9PR
RTRCCYWR
YEWWWMCY
ENWXXET4
EMTKHF9E
FFNM7HCT
9XEEEM3L
4MPPTWA9
KW4YNTCL
L7MEF3HP
PK4H4WRT
REAMLTRK
HN4WWHLR
F4NPYNCC
7XLWX3KR
NMKYACLC
H3NKYTM9
PMRNPA3Y
NF3XCMTE
37LY9TEX
YNFCLHLF
FRTMA3RR
RKWEFAT7
YEN4XLYM
L3WW3MLM
PK39WTEW
RA43KTEP
NWRW97L3
TKTME93N
LNAPPF9K
33HTHLK4
WKYLAL7Y
P4R7RW7C
T4YFFC7N
HPMCXTW3
NMPMLX3A
M77CHHHW
ELAELK3A
L77AAC7R
CMTMCL9W
NNACPY9M
YNMRRL7W
KM9MAAW3
A3MP33LF
LRW9N4LC
LPR3YXL4
H9CP9F7F
N79MFE7Y
H9APREHK
N3YF93EF
73TWKNXY
TLKM4YHH
NF7X74FL
4C3MW97C
KCAM3WLK
CXX3EWER
39EN9WXK
CWFAMYCW
YCLW79RM
9AAT7ERW
FXXHYA9F
MWW9N33T
HFKRACX4
A99TYAFM
9E3KTXAL
MTF3943E
X3XTC9YX
EYYCKRHP
FLE7HNEW
TYLMFH7K
FTR7X3WC
KPEW4L7Y
HTWCPTNR
KH74CHYM
PRAE3M3Y
7CFC9TRX
PMMHP33N
H7ALCK49
FLP999TK
9RXCN9XA
KWKRRFLX
7KLWRENW
9YLFPPAP
H73RXPYR
CLAW4RF3
MWLTNWPY
WFRL9LWX
LX79AYPT
CNREL7N7
CTWHWCAP
YCLL4F4K
KC4XHAL4
XE4LT9PA
CPKECXEA
E43MR3EA
NA3HENRA
3M4FLLWA
WPFXNKKN
APYKYANN
4TTCWLNF
RC4A9RW9
AMF7F979
WWYH3WNM
CC9LWRWP
RMLYXMYC
3N7AH77X
E3EXY9HP
9ERELAPP
CNRKTXMN
XYPXPT3T
LWRAXHMP
MFY9M7FA
YLXXRRYP
YC3WR3A7
KMRCTTH3
PA4RN4M9
MRCTWLHN
TPMCHAEX
TYR4E9M4
4YA74CC3
9379TXYM
LNFAYARW
E39A79T3
K7W944XL
E47YXKE7
Y43X3FTH
7Y3RRWYF
RN43HPHA
3EXHLR93
RL9HA4YF
9PF94FYA
FANHYT3C
E9WPHMCE
R73FRFWC
7NKLCPNK
MPW7WCMC
K44HAKNN
KKCKRYFX
PWAH49FK
3FP7HAAK
ERHNCYKP
CWCMPRYF
AAA97X7W
PPRYPKEA
93XRXMK3
3EFFMFHA
NW7LNCRC
HK7NHXYK
MKRA7YXF
WM3P9LWP
N3H3XPTF
PHT9PHYY
TMH4YMKH
AH9WMCY4
NLYWXRHL
LYKYTK7Y
LAHMNMNE
9XWYKH4N
KE4PPAKC
PLNKX9KX
WWC4YRKA
HPHFN9YH
7EPTPFFN
HYKETN7L
RAFP9P4H
3AE3MX9X
APNEEYRX
YLP9HEP4
XFYH3ERX
PWYNCKYM
LE9KKKEA
XA94PFEK
7CTKMNXW
A9Y4X4NT
R7YM7NTR
WACCN77W
HLWXNY3R
WCLMTA3H
FFX3P4NL
HHLY34NT
9HRK9YYL
9MC9FRX3
YLRLXY93
3YTTKLKN
TXTWA973
4CF3NPEP
KAYR4LCK
WXWYLY97
NYNHHLYN
EXX497C9
LMKCKX3A
XPRWW7YC
KTALKYFX
49TLM9Y4
E3HPF3WY
RPWC3FRM
AEK4C4C7
H9P9T3F4
7NHEY4KE
PHKX3HPN
4N4NHL7L
NR4XWXLY
CXKRRXNK
Y9RYE4KL
EE4NXPTC
PREFHEX9
KCA4HTCN
7HHPHFK4
RLKA447A
X44F3NFX
NX9KX43A
LAX4LP9T
3C4RAMY4
M4HWC9C4
4EXPRL4A
NTRNKWT3
3EMHXRM4
73F4NCTC
7PFKRPME
R47AA4TN
RW9H3NAA
WTHYYMNT
NA3FWTRM
HXXRT9AT
NY3HRY4P
YAT4EMCF
9XX4WCTC
CKPN3PFK
3NF4FNHX
9PW7FKFF
T3H9RH7T
KC3FCRAE
C3KME43P
XWLCX37R
XM7RC7MT
ELK9M4HW
FRMF3FAR
NL3Y43FT
AT9MCAHM
P4P3HPPF
33LK7HC7
W9CL7P7K
3F7AWCK3
C9Y7P3AR
E7PT4W4X
Y7YLH3N4
77347N7F
7YYHC7KR
EEWTWXPE
RK3RMHRY
NWW7MTEP
7TK4E9NL
4T3FKYP7
EKFH3XFH
EMYRF3PF
XME7HLF4
R34MXFXF
TP4K4TXT
3LL74X4Y
3CWRKM99
ARECME7E
H4RMAXCL
PLPPC73C
AWN9PFPP
WRFHFH7F
PH4K4743
4TLXELHF
XX7CEPAF
9E3RERC3
FFXPCPT3
XXFELHNL
XE7LXMLP
EEXFY3FC
RR49LYP9
EECKAERT
HX9W9C4F
RRH7E3KT
PNCHXYCM
C7W9MX3E
PMHMH73T
4MHFM3LX
Y3PF773F
HCYCLA94
C7RCLRC3
PTNWCA44
EM7RNMRL
CWWN9YNL
4THPC3EE
RWFP7997
KMYT3F4T
FLYL3A4W
7P3K3LPR
KEYF3A9Y
3LKFHWFF
EKNC9KXY
H9MX9CLC
M7NFMTP4
9W3WLF4M
A9APX73A
X7HMA4NN
CPHNAXR4
HML4WLFY
C77WA3NX
PHY9FK97
4HWCALA9
CPNFNLMF
LYPLYFMX
T9ECYN7A
9XCF7PXM
PRKMKAK7
3K9AH93H
YXFFF7RW
NA3AH37H
9TA3T3KT
MHRH9FRM
HW9XWHMX
3KP97N39
C77WLHAY
KX9WPH4C
4XC34TMF
KHLW4EKH
ALTAMTWP
3HYYTFMF
R37KYTLY
EAPYN4EA
A4LAELET
XYXYTW4W
3KRMWPCE
FYXHTX9Y
WLX7T9NC
RKTHKYKL
KL9THRLN
L43XT4Y4
7KX4EMTW
TFYK9LLW
9A49M4LW
YA4TFE34
3ERCPXT4
PRMNL9CW
HPPRFHRN
7KWANLKY
TLKL3CF4
N4TTMMHL
APRCER9K
NFYFTPNF
N9MN9MRY
AFFFHAHK
ENXWMP4Y
KRRHR3WP
R4TLAPTL
E4ALC4TP
PHAN4A7T
4HW73RA9
AMKKPFKH
7CL7LE3H
MPEPLT4F
TL3NPHPM
EAP4LFLR
7TXN9PWY
HXKRCLMH
K7NA4WFK
X4HCPXP9
XLY9TXM4
TAN7HKH9
YK974NW9
7PFXTWPY
A9HC3YCK
MCNW4P4N
TRL7FT4M
NMPMY7PW
3A7W7NML
RRKTHAYK
MXHXAEET
9KAXYALN
EFTK944X
93FNCPC4
FXNYMKLF
KFYT9WTF
MFWFEYEK
73944PEE
NC3XA9P4
4HMLPLCK
YKF9YAM7
P4LXRH9C
NRPWRHWR
Y39NAMFF
NHLXHPTF
TNEALXNL
FPK3AFKM
AXMAELMN
77RWHPTM
LFKMAEX3
99E4AP44
WXCELWXC
7YWR7ELR
PCYCCAR4
YLEYWYFC
RAEYCCE9
C7E3PLWP
C9RLTK7F
WLY74ECW
W74FCYA9
LXE4YEET
7HFNPHRW
479FNWC7
NHFTTTFX
NXA4CTCW
9KNCFWAK
R9MHYH3E
TNRLF4FK
R74KFM9C
CF9HA4N9
EKPFC9LT
YYNKNEKN
XTPN93Y9
N93PLRK9
4HA44CPP
XHF4HEYE
7XCFF3LA
HRC7R4RC
MAC7FMMN
PRLRWAH7
K7XREW9Y
K74PYNHM
K4F3PME3
R37CXXHM
H77AK4KN
7RCTRTMA
EYHR3LW7
L744P7NC
RX4MWLHE
TCXN9FK9
H4XAPP9M
R73ANXP3
HCA34NNH
7RCXWEFR
M7TCHMPY
EXWLLHLA
HELF7XTK
RK3NCAP7
RH49RLRK
7KW7ME9F
7W7FCCKE
779AANM3
WLM49FMX
KTNHWNE4
LXW9PWY7
WC4HT7CA
ARYM4W7W
M9LPTXKA
T7N4XLYC
AFP3XHXY
T7LKAFYH
KFX9LNW3
FN37ACT3
CAXWEL47
R3WRYWN3
KLN7HPYX
XLLTATRA
9YEX3HYM
PWFYMWYH
777R3EM7
EWHKTMMM
CM34XLXH
44TNHCYR
PKNF4XXA
HW7KTMXP
NMT3AL9P
LMK4P777
KXATWYLM
4TRRYXKA
FN9TLAC3
M3MAK93Y
XPLYREFX
RHWXRFY4
RLMRW44W
9MKPLE3N
MT99NXK4
MHN9YRNT
4PXXLRXA
49RHR9TC
KFMRTHKT
ARTR49FR
FATNE3F3
AYCNFTWT
HRKNMHP3
H44TWAFH
XEAEW477
TCXM3H9M
TXETCN4F
9RMA3LYF
PL3ATL4C
MFRFRXLR
AA3R9EP7
PCKTECMR
NREFE977
HRWF3C3A
YNCT43H7
HKYCKPYL
XHEPEMXC
NEKC7TTM
N39XALWA
EMEWYRHA
C47LXCKT
XYPHNX4N
C4YLX77M
K4NH9AKL
RX9KFTLW
M3LLT4Y4
WN7PPYLX
FRN397FT
4WYKLXMP
EWPATKW7
R99NCRAL
ML4ANKRH
FH7AWYYY
4CNW3WCE
4LTLWA9F
9PHMXLXP
3TTMT9TF
7YA3TCET
CYT7TR4L
NPRWTXHA
TE99EX4P
MNEN43PC
MAWKYCEX
MN4PHANP
TXTEYYNN
L79W3AFP
FLTPTTXL
7H3Y4CP3
XMAK9AKY
F33KEYNY
3N4A3MLH
FL3PM7WA
WEA4T4N7
KYPMTPP3
CAPHYWX7
MMHRMNYT
PNFRLLNE
APCETY3T
P7WFRW9T
RRANA9FH
XEALNEPK
HTKLHTLC
WNEMXHXM
F7C94YTX
H7MEFMWM
CMM4LEHH
RK3AC3PF
F4YLENEM
K3X43XP4
N73CC4MC
KX79MXCX
P3NAR3NE
WEE7C79A
9PECF77X
KKFCCNWF
E97EMX4T
7PY474L7
X3MKF99P
9K9LKRRL
PKX3HPMX
94WENEKW
X3WTY4EH
CLT4PKNT
XTYKAT7Y
Y9CKNPH3
9LY7CMC7
LAE4YPWP
E7N9XXKE
4KCRCRWC
4T4C3FE9
CM39EX39
YLR3MW99
YKEN7NXH
EMCTRL9W
9R7RMTAP
KNWY73FY
ET7MWXNY
XTW4493L
REWCX44C
WWKHE3LX
R7AXRNR4
CHWTNFXW
TKHLKK9M
RW3YR774
FENA73A7
CXAAKFCC
AEEM4EPN
TRYFRHEF
TTTC3AAR
LC7KYNLW
E3CHPPYH
FL3NWF7X
EXR7NMF9
PF7ENF3C
EKHRWRXX
33RWMXNK
CWPYPAXA
4TLT74HA
KLW94YLA
YF9XXHLW
M4PXXH9E
TYL4EHTK
MRTPN7CY
AY34TKFF
NMEXY7XL
4EPECPF3
7799FF3Y
ECY4YE9W
L74WCXHE
7P94YAHH
Y9WHTKLP
93N3FKHW
FKRL7P33
WTHYXWX4
ELWRNTFT
CXYWW3WY
LYK3MCAA
ELCWFNNW
NM4XYLKH
XMAPR9YN
7XXH7E4W
3PXNC4Y4
PNXA7MK3
RRMHPXNN
PXRR7WCL
AXWMWHEY
HYFKRKYK
4PL7LTEP
NH7RM9TA
49WFRTM9
7TM33ANW
P94Y4NF7
7K9NLPLC
43AM9LH4
EWKHTLTM
4TCMCRXL
WYMKKNMF
K9TTRHEX
YE9REFLW
9E9KNHYE
HPWLM4CE
9EAT7997
4PKKFMCT
AYCW3HFR
MPF3HYTA
3MNFHEK7
MATWP74E
3EMWR7M9
T7EWXP9W
HEEPN7Y9
PR7MCMTE
KHCRR9FT
AXR3WMWT
HM49397N
T3AWHLCA
LHLFP77R
NTFPYLFA
X4CHWNLY
TR4A4LNA
9NPMMW97
FXTHTXPY
79MPCP4T
WF4EKNXT
NAL47LTW
F94FPHMW
RPF7E9MW
KC4AL9CE
PH3AP7CN
W4Y9H7XH
4NKMYTPR
L4AHPFH4
NWMXKPP3
WWMEMR9P
HPWYTKRP
9E933TN3
N4TPYY9E
X99K33TW
KFHHKRCF
E3LYX3EC
ML4HYTNY
LLKM7Y7W
MYEAARLE
MKEYKT4T
EK47734F
PR9AYWLW
7WLAA3RL
AFCW9RFA
ALN7LXKW
3RNYTWAF
HM3AHN7Y
XXMRXPP3
KLC4YPW4
W7EYMKTH
3WWP3LYL
MTKCTMLH
FMAAN9YY
F4FMP47R
9FNXNRYL
MCMNXRRN
L99W4EY7
9K7AWH97
FPC93FNM
PFXPNKM3
4CWYCANY
R7MPNXMP
C7WPLWCP
N4EXNLE3
YE4A7TAF
7LM9FK7F
4H3N4CNR
XEYA3WTM
PFCWXATR
LXWK393M
NKPT9ACX
FHFAEK3P
KHFKHARW
N3P3RX3A
FKNMRE4W
KAHEPARN
3YTCFTA4
3LPLAA4F
FY4EFRAX
7EF7773Y
WLRNCK4H
P7RM39NN
F4CMAPM4
TKKLMXFM
F4FHRN7F
HMR939CF
YA7KYLXP
FNPT4HLX
RX3L33P9
4W3T4CM9
EX4H7HEH
AFN3LC7L
TWL3YRPW
MNXTCEPW
X3LNCALF
M7K33XPN
EPCF4MWN
WA3379AK
P4WRYAAK
K9TLE9FN
K4T9LNA4
EKN37M4E
TRX3MX9X
37C3ACMT
X9TRYFHN
793MX79A
TNLF3MFM
FEELEPTN
LT9KLYPT
9KW9RMKW
NLWHWAMA
LNLP33P3
T3M7XXL3
WNCY977T
A9AF4MKR
73L97HTK
T3KC9RPA
PPNR3RFT
4HAHLLP7
7EWYMP7R
AW7FE3K3
93KAYNPC
EW7KXF4L
P3RP9CCE
XFYATTNW
3MNRMFKL
RRX9LNTY
MECXWRY3
79PERC4E
CFYYANXN
4LCRF7KX
E3LAHT9K
9THEHFKE
TRAKKHXM
PYTWF4CK
CKCXHYM3
4LAML939
EXY9CEXX
T7L797WT
W7EL9YA7
LMFPE3CH
9FH3W7M7
LRC9EY9T
NL3L9RCY
9YLHHTLP
EF3AYKTE
N7X3YHAF
4H9CR7LA
CFTMY7HP
RXTTLMAX
CPAMNMC4
MF44ANTF
LACRFTWT
H3CAKR9C
7KA3HEWE
AE3TR9NL
ELR3P44A
9CFCNHHK
WLCHKEXC
HK99KPXH
4CLT4KTK
WN7NKATT
PPEKXYC7
KKKXNAF9
4RCWHCY9
7KRMAL3K
KFCMFA4X
H9MAXCPW
7P7X43TF
T97FY7HX
YYEKWTK4
MTCPRNNC
FNYHC4NL
R9ENCALN
EMX7MCCY
E7MAR4HK
CE3LWHXP
TMFYNM73
ATTLF7CR
WW39NR7L
4FFF9NLY
C7TRMTAM
4LXCCA44
7P4TR9KK
ALWNFWF9
ME7MM7EY
REYMPNKA
L93M4AEN
KFHXE7X9
TRE3N34L
3K3PMC7N
HMTX74RX
AEWWAH73
KA39WNTP
K9M9EXWM
CRCT4KM3
4CRA9X7P
MKAERFX3
KLYPA3YT
E74EYFH9
YREE7K4C
EH9LTKYE
HL4AMK9H
3T4LWAKL
7YPE99YF
TFANTPA7
N7CTFLYC
LK9L4WN7
KYXLPCRL
CRKMA3FA
CFC97CYF
E4T3KWFT
RN4XL99A
7N3W4YNE
CYHMKEHY
LYY43RYA
7H9F9XMM
933RE7FE
FMF4MCLK
HAE9CM9T
7YYMMWC4
KLHWN73A
KYYMHRKE
39AXKP4M
4HXPHP3K
3WCN44N4
YN7THNT7
TEA7T9TL
FAKKAY7X
PH3YWXAH
REYE7MNC
KEAE37HX
AL9MKTER
NTFYLT7L
HWWM7YPP
FEMER7E7
NYLAA4L9
W9XPLHPP
3PHYYCK4
MCR79CLK
TRTEXLRE
A4FHPPAK
EHFXHW7C
3474HPFE
M3LFWE44
AXYR9P4C
FKHMLEKE
E4PHHW3A
34NE7FWN
E7YAAWNW
RR3PKR7R
4YYKHHFL
TXKW4WXY
TKFARRFW
HMAYPE4L
NHA7333L
L9M73FXH
9NPFWN9T
X94FEFN9
WRCK4RCE
74RWCLN7
KYECYXH9
LYCFEERW
K433RC7F
HNM4NFXA
793LHRKR
CTKFCF4Y
HNP7EWR4
3H4KAR3R
E4CLAKN7
TKWHFLR9
EXMA4NRK
T9C377EX
WMWCX7H9
9XEPF4LC
LP4MML9A
MAFAY7PH
CFWANNYC
WWNHKN9H
EMCF4N9W
RYEMHKTY
4PRYKP9H
KA3Y3THF
4NWCKTNE
F7ERYCCY
EHWNEFYY
A9WLRP3A
9HK43YKR
AHC477KX
HL4RNXNW
4NP3PHM9
M3EK9XER
9YAARHH9
7HC7MY7L
3CKLR4MY
AY37PAKH
4MARM3C9
PPRMXM9R
PLWNMKTT
HRCX9Y9R
FKNHH4HM
PRKR3RNE
4LWHFTR3
XCKXEAFH
KMRMEKMC
3NWT3YMW
N7X3AY33
MTX7M43C
RXKN4ACY
R3TEXXML
YT7HKPML
EK93XKR3
NNCY3M7N
7ARHCM7L
KXTF9YTT
ELMWTHLA
F43ENKFF
METHKHMT
YHCNYTT3
3WXPMP47
CPX3RMAT
4LCTYEP4
33XC9P3E
PNMKRH3W
PM9WX97C
CHL7YLHM
743WLAAR
WCMRHTPW
L7NFM9N4
NMMWELAK
XXW9C7KH
CWPTPYK9
44YAW9R9
TLYXYT9R
W3Y4AMYC
KEPHNXH7
CTTX7NAR
WCF9YXWF
3LRPWTER
WHPTANRP
WX9PXT3W
LXMFAMC7
EKHEMF3A
M9AE7XPK
RPNPPW4H
YR7RH4XF
C397XWWE
PKEETH3E
9RYRAMPW
YARYFY9X
L9TKLNF4
TXPFATPF
PTP3M7HM
7A7LRX3P
TWXP949F
PA3MKF9L
LTMYLNXA
YWT7PNEY
3PAAYCAK
4R7CYNY4
WCMRE374
Y43LNWKK
FNCERMXP
7ARXFMYX
WKPAXXNE
PY7CYX7E
ET797MEF
7E7A9M9P
CXHMC3NF
PX9HHAEL
MWARNAMT
LXAMKXK3
NR9Y449R
YY9MNAHR
PKW9AL34
R9LTETHM
944R933A
EXKWRATT
PANYFWKH
3YF4C4LA
7474FFXM
TPN3F3KN
YW7FMKL7
AL3XNTH3
4K7KCEYW
EC3KCPWT
YXWCM3PL
RE7YXCKA
NCAM79W4
79TEANKN
EN3EFLPY
NRNE4YW7
KLWL7XYN
7YEYNTNC
THWHYL4C
7X9LWWPN
W7E4WFKH
YNAT779F
MYT4YNLL
3YPK3PCA
LWC73FKN
NYFNCFX4
C3LCKALY
RTPP9T7L
9WHT4TLM
3YPAW9XW
N47PEXPE
7EMNR499
L4RWTWFY
Y7MXFTW3
F9NKT7F9
EEWEHN99
FFK39WNC
TC7YE4YP
PXF3RCH9
H4RHXKNE
KHRYCTWP
4RWKNPXA
7MTMLT3W
THHXRFK7
WLTPRNYC
YC347HH7
9AWARF7L
9KAY3WN9
LHRPMKTA
HKKEN9TE
R3HC4FFF
LMHHFY94
KX3P37CK
RWT9LM4E
7YLHPEKN
KP9CLF7M
TCXHK9T4
KFAMAT4W
97K4FHWF
MMT7NAK4
YY3TFXFA
E9AHFWHR
PWERNMHM
HCW7HHHW
RECLCFE7
3CNYYFHE
X74HLY3K
WH7W9R3F
LFWHFTWF
CNTM934L
47F9PFNY
T9FCX3ME
X3XXALNK
RHL9TEY4
PF7ANFK3
7HTLWAFT
LE4TRRTN
ELAFKFCP
3C4Y94HW
39PKR4TK
WFEEPRPL
LHY43FXC
MPC4AL79
ARE7CR7T
FNEKT3RM
K4E3L493
YRFLH9MW
99ALLMAX
YL9NWCKA
X7LM97WX
F4TNP7XL
KAPFCY7H
NN9MAXTL
NF33X9AW
WX9LMLHL
WHACKN4R
MWFE379W
LCFEXLT7
TNY7CATR
7XAF4Y4R
FNCTXAME
3YWYH4TR
FXKAF7K3
HKFNN774
PMLKFLTN
XFYLAE74
L4NCLPNE
M94A9ATP
EXHPTPCK
9XLMRKNH
3KNAMXAH
FF4TY33E
CYYHHAXY
47T7NMWM
K3TMMMCP
LHXTF4MF
YLAXNK4T
RWMP93YK
7YNKXXFE
HPY73FYE
ELCCN9PC
TEYLMK9T
7YYXCNCT
XXMX4WY4
FFECKLWL
X7MRTYWC
9F9RL4N7
44APECTH
33L7Y7HC
RAX3YK3R
RMEEP3WC
HPAN37L7
ELWMEL9R
N3CY3YR3
MCNWWYHR
WYNK4K4E
NCWMK9RX
R4R3YXKR
RL7WPEXC
XWPAE9T9
4FXEKMY9
44XPHXMK
7FY99APW
3P3WR7FN
FMFXWERX
EFHTFENC
HAWXNYWT
PYKL4RNX
KKRMCRRT
PRFTY3F3
ELCAME9A
YLFMWYWW
RWTRWY99
EC4RYRPA
Y3N79AY9
YMXCTHY7
FTR3MLRK
LXYTY979
PFRWFCAC
NN9TMLTY
KHFKN7AC
LWR9FE3N
TMN9FRXR
ACATNPKL
FEM3NXAK
ANKYCNLC
WPKTPYW4
AHAHA94K
M4C4HYKY
L9LLWMFW
F9EFLE9F
Y3HXNRF3
3CLNWPLC
Y37FXXTL
MAHCLENX
PAELR4CW
FKN7CFTP
TLNPP7RN
YL3EA3M3
NKMMRKAW
LKLP49EA
F7WNT79P
TCFP3A3R
T3KC9HLM
YXRWWAXF
KY7WFHTM
F79YWTXA
WX7FXT4C
MHTYKKNX
RMYNKR99
WKEK4YN9
7PNCNPMR
4HHFHPTC
YRFWWP77
9MCHCPN4
WFEW3HM7
RRWRY374
ANX47TKC
RMCLWXPX
PCYEY3L9
PPRACRHC
AAFFCFYE
4K44R7HT
X74KTEPN
TWNA93EM
L4MXCNPW
FPWNPHRC
9HPEXE4E
EM3NXFNF
NT7WA4XT
3K9MMXX7
KYXNP9TR
FRLR7TCL
XMAETRWR
EX3WNTNE
NREWF7HX
FLM4XC3N
WHK7KMEY
4FMTNCL7
KRAKH3ML
YC77XTLT
WAM9KK3F
79A44HXK
RNRN3MM7
N3P7CWRX
T9PHY3F9
PLEXMMX9
TRLPPMLX
XRRWAAEY
RLTML477
YP9P77WX
C3MMNRLE
TCXHFEN3
PFFTAXH3
WACXKCKF
ECCXRX4M
CREMHYE9
4NMLYXLM
ALL4WMNN
KCXEK94X
7KWLWY77
NFCXH4AH
XCA9NW9K
RX3K4L49
WTYCEERR
XL4EELPA
KEC4REFN
7NPLEELN
LL4W4CLC
7HPNKAAN
3W3C97MN
WE7H7EKW
KPRTAWT7
XEY4M3XA
PP99ECEC
AWPLT49M
PHYYN93T
4WA4WH7H
PAKXAXEM
CX4AH4HR
HMCTYM7W
3KE7N4KK
KNCFNKEC
XLYNXYCX
PMNC9KM7
ERCH7RKK
WKKH7ATM
XCHW3HML
ELMNYYHX
APPAFMWC
LCCHNYFH
CFLRXLTH
HP3EHMLM
MFAAKFX3
AC7ECPM7
NH3XPMXR
WR4EM3HF
FY3EEMP3
W7NYMFRX
PEYMRKKP
CRHXEE4E
9FE7NY4R
YKFHLN3E
APCL4374
FNXCPFHA
3MT4MW3T
9EK3LFYL
3KTW9C9X
94X7ACE7
WW7FH7XC
3LKM4MMH
YXR3NNLH
FFEFRHAC
4YFC7KPE
LLHWC39C
RNN3Y3XX
L93HM77X
AX7NEWPH
CFCXLP4A
NXT344K4
TFY7RR3E
EWWLP443
CXFMXCR4
LNHKTEXH
MLMWRHM3
4WF9MF7R
H9AETREX
T7AL3NM7
7E7TRK7K
F74MXHXP
XALYWX7W
WPKK9FEF
9YLHYRKX
P9LLPEXE
CMCKT3FK
AYYHTMCX
NYP4RWXA
PFMPHAYP
RCEKFKTF
9FLHKM9X
4NN4RMN9
9NHFKXTP
XYNNFFWT
L37YRFN3
9RXRXH74
WRE7TEAN
WPM9LFFX
3FCYNR4W
49CAKMXP
4A4PFX7Y
MCXX3AC4
TFHCWTXY
T9TNC3LC
7LLHRP7T
AAT73E7C
3TL9M7P4
TYL4R9R3
HPA4N9RK
L97MTKAC
7TWPN39F
PFRWAFPN
9CKCCR4X
33TEP777
LW9EKKEX
T3ME9FAY
7M4AYYT7
AF9KL3CW
H9HR7TE7
3AP3TMMP
3MWEKRHR
MLYXP9KN
3PRNKNHE
HATYX3YE
4PHX937R
KLHRMYFE
XF7TTT47
RPTT4APK
9FKRKXCE
HM9K3F4L
7RF3T4H4
FK3MRETX
XPA7LWYX
33MAWRYM
74EHNKFK
PHCFANMY
L9FXKTPX
WNY4MEA9
XXLPFRKP
99FMNL7H
LF97X4CH
YFMHH7RP
YNCRRKCL
77WEFNHH
MX97T3LL
ATX4ETYL
9WTL3LFX
4NNCT7KC
HRPELYH7
CRHKYHCE
KX94XTHC
FPY3ETW9
XNFERHTC
LMMKKR49
YW4F77RA
MPXXLRLK
LRRAFNC4
37ALHLAT
4HX4EPAE
7MMNX9A4
A43LW3NW
FW4N3THF
RE4LEP7W
ER4E3EKP
CMWWREAH
FMXC9HRL
PRYEEMKA
K7MY3N7L
4P3HRLH4
CRATPTHH
PEHWN3RL
3T4H3XPE
ELLT99YR
YWPKXARY
RRYFNMCN
FNHLNAFM
MMM4RKAP
FNYR3KPK
FCP7H9MA
FETY7WAX
NPC7K9HT
NH3LNLMP
NTHYTFMA
CAFT3FNK
TRHL9LFX
KMKWACXN
EXCRHXY9
X7XT3EN4
3PTFPTKA
TTPAK3PX
CKLERFW3
PK39NHHR
YYMRR3EC
RKX7E9LE
3CEW9XL9
Y4CK4HCE
73TK9XCN
T34NTLAK
LXR9WPR7
K4ALNRY7
YYALFNPX
93RKPLHK
3349WCKN
4KYCRL3L
XYARLWYY
93CFX3HR
WE44NK7A
YYWYFT9E
97ENWTX7
LYEAEYX7
NPRFLK9Y
HNRWKPTN
XKCEC733
XPN3RLHC
YLN33Y4R
EACCWMCA
E74AT3P3
LPHCKRXC
LC3LTT4F
MTLT9PLX
PKY7NMA4
FAKKX9MT
ENF73LHM
AP99YAL4
NNRHL94L
4NL339HT
3L4EXC3C
LW39TWTF
X9A47NH7
HLW44FPR
MH4MP3TY
AYPAMAYR
RH3TNXYM
TFRMTX3E
CLNCKRXM
H743AWPP
KE349LH3
CMTTMXXF
47F4MPYF
KH43EP94
KWXKRMKR
33N3TTRY
ACTTX43P
HMY7KN47
YX4KW74N
3PWWAFMF
TXCYXHL7
7A9HELCT
XATRFE7Y
4Y43FN4Y
EAE9EFCC
A7AEPWML
XK4AETHP
4TXMW9KF
N7R4W99K
4RMXEYHW
3PTWNATM
F37AAKM3
3WPECA3Y
7F9M3PWR
NLHHPCMM
YXECWCRH
RNFHLLL9
7PXP97WP
4LC3C3NX
4NPMMC9C
L7T9R7WC
K9Y7HEPF
W9C99WMT
47WHNFKC
KKAHH9FR
4LACC4W7
399XAEK4
FP7XAT9H
LXKEKA4M
CKMLRPYM
C3FA3AC9
Y7XL4NR4
NWLHMTHM
3C3PPN9K
C73WCFNY
TMF7ETAM
PPFP3W3A
3NTXXLRW
XHRF4CWK
EYYLPL9W
RKMHM3FC
EFW3TWL3
N7FLWNWM
LK9C39NL
3TNE3FTY
TMC9TM4A
RPAA7K73
THC7WW7H
MTKNCPCT
4X3PWAAM
NXCXPKMR
AKKK47LX
KTPLKT94
PN3MW9KK
NXWYNTX4
T9KETMRL
RH7MFPNT
NTCCY4PH
TKCLKMWP
KL4LLPPN
LKL3T3LY
K3NWK97K
4FNER4AK
447L4H7C
E4TF9F3P
MPC4P7MY
PTCAFW9P
W3ALPW7N
AC97EAPC
H7YPY9N4
CAMEE339
73YTRTFY
4LYLKXKC
PX9XRWCW
9CPE4HNM
7RT9ANWN
HN349WNY
49HL3PNE
W7PMKPLC
N4CM9YPN
W39HLRPN
RT9WFAWN
9XACFPHP
TT347TXE
LL94YNH3
W4X3ELYK
FAE73RCE
7WNKKE3H
MAF3N3KW
4M34XP7K
77EWYYH7
9MLAKY3F
HHPRWAT9
RMYLXYWF
94WHTLNP
YR7NAWP3
W4T3L7XN
NNFEPWCT
79R4H94R
APPXPMTE
E4X7CAKE
EPWAW33C
X43XX3FT
4T7LXM9A
9MF4NR4P
PTX34HFT
NX47F4TP
NFW4Y7RL
CHTRX7HC
RTYCERWW
EH79MYFR
R7LCNE3H
P9PCH3LR
99XP34RY
RKCTFPNP
RPLWPT9Y
WYYTLAYP
794HN4PN
AYYNFYT7
XCFTCRMY
C479YP9F
PK4KENY3
4HWNYX9M
LK4LXEKM
F99MRTWR
APE9XEYR
REPYLPXT
3AMCKFNH
3HCPP7WN
94HRPFRH
KTTRMTXT
4EWWW7CW
M4YEY7RL
M7R7LRLW
93AEX7CN
FF4LX3CP
LYC7H47N
7YRA7FYM
TNAXYTCL
CWN4NLCK
KMC7R3XF
P9EWEXPC
NLXC4LRM
W4M9MHAY
A4PPTP4X
4LNETAXN
RRE9RFMA
CA7KWFXH
FTEFNFXW
RCNPPH9L
34AYHRLE
MCLLTKTA
47MPRKFN
XCCNKLPR
XRC4XTHE
A47ECRN7
4WAL3M4C
743E4N39
3YKX4CWE
PRTYN9PH
LNF47WRW
E7HTKRYE
E9AT4RKF
LK4CC7FA
4MYYPYLW
94PY4FH4
LP4KL4EW
YCAHTLMT
TEN7PAKW
7HHNLFHN
LM3L9YK3
YK7HYYWT
N9K4ACA4
9EFRT777
9LNLHYCE
LRRLWTRE
REYE9RH4
TLAYEH7C
RCLNLALY
NC9EWC3N
K7CATPLA
M79K4LPA
WHYL4FY9
44YL33WH
NMR9HFHR
K7AWMM4W
RYNKNEEA
PEN9K4KX
E4MH9WKM
NEPM97HH
7X97KCFL
H7LTFPHM
7PP3AL4A
CNCWALRK
WLK99YWR
W4A3RXWF
NPFN3MW4
AYWFY3F4
P44W7CEY
LRP3RWEK
RMF7Y4WF
PTXHNMMF
TARNKWTL
EC7RPENK
X374W47Y
RTNCNNLE
HWRLYAKF
M4HE9TRT
HMRF9T3R
9C9NREE9
Y7C3F7W7
TMFWA7T4
RCL3999Y
9LLYKRAK
W4YW4PRP
M9T7MWNN
4WKCT74W
7FCEEE4Y
EX7KNR3A
MA9LENLT
T39YYCY3
YRRACK3F
FNFLTKEF
XETN4T9E
XXEX7YRN
N7R3ACXL
K3WAC3RC
RW9EX4R4
X9HER9WR
FWN7CP7K
CEFLWX3R
EF7WLFF9
EPW9TAEW
39EW3734
F9HWTRMR
4YYL9MPE
W9PH7XRK
LNM9XWYH
9RHT9AK3
WF7XA3PN
EFNPHAN7
MXT7FTXW
MHKMWMXT
TAK9KPAM
WKYCWTRL
XL3MEYKY
4X37NHRT
LWPXNLYT
XNLLPMPK
3N9TT4Y9
KXAL39YH
HK9CPPTY
9PTTPK7W
9FYXXLFL
LYH74NXT
PFCFM7AP
AHAE4YM4
RCR77LW7
XAAPATXR
7NHE9TTE
3C47TMNP
9PTPYA9F
MNX93PLF
FRR3WCMC
A7NKAMLR
EL4E4CE9
EHK9WPYX
3W9FPCCA
EHMYK9MM
73HEEKFH
74MPHNMX
PAC77R9N
FAYTKRCL
YX4EELRR
3XTHR94E
F743ME3K
4FENETY7
NW4MRRKX
T4LY3ETX
HNHKEFYC
WHX73MP3
KN7HWM4W
HKT7RRR7
4EYRMFF4
HXTEWWHC
P4F4CN4T
KWKFA3PR
YTECCKHX
XFTECMWY
3E9ATKMP
C479W79X
WNXH3TWW
TTCTEARY
Y4KYELWA
E7MTTWWF
KTKN77KY
PKPXNTHE
3MPFNA9E
79NCAF7Y
N7TACYRA
LA9P3Y4R
4XF9PXAC
CW9LPKWH
KRKRHF4M
MKRFWA7C
PXCFLY4F
W9XT7R9X
4KRRKC9E
A47HREPW
NHCCLKNA
KM3H3CRL
LF9RXWFK
7P4AXY7K
C4FH7LEP
HELH4997
FXHKR3CC
PHER73YN
XFX33AX9
NXTPNF73
NE4E44MH
XFL9WK4N
YRRHXEPH
MC3FW3KA
AETTHRA7
3L79PYEK
YNMMHML9
97FXLTRW
XT4LRLHY
HCKYECKE
CP9NA9YT
ARKPHT9L
A7MPAT44
94LLLN9P
KYMWWTKP
W9XTY7YK
N9LYEM99
7YANC3M7
M3W93FFW
M7XKEYTT
WLNLEREP
P7LLR33X
EXRY47CR
LYMTC7KP
TNFF4MYM
XRMYTMMR
YCN7KF43
LPHXYPHM
MMYP9EPR
CWHR3X9M
FP9E7P73
7MT3MKKK
X7RE94NY
N3CC4Y39
9FFEWLN4
XMPFYCK3
4WRWAF4W
C9RYFWHK
EEYRXYH4
YMFPRFTE
4KE7MKN7
KTMRKALY
NEEYR9PP
YT7PMCKF
73EH7WNW
AKX43YCC
YWWF733X
9RHW3WNR
WH7NTWAR
YTRTYREC
4CAR3CAF
RCT9KCH9
HLERT7YW
E39RHXW4
R3PH3LT4
4W3WCXC4
PFRPLLXT
XKW9CXKY
MRLW979K
NR9TFKK3
R4EWF4KN
PFCFNLPE
EMLYWAFY
YE3H3LCK
7C4EAHP7
HMEH3NKP
PRCXRTNK
HTFF7R4W
R77MMCXK
9CERE7YF
ER3X9K9K
A4RFEPNL
Y7KKWFLC
MM7N9RAH
3X7WEM4R
4MPH43KM
4HCWFKPN
H7XH7FTH
L9CAR49F
XWYCE37X
PCEAKWYT
97P4YYAT
TC4TRMEK
4HF4KA94
AYNYNKWE
NK4KN44T
47YYMR3C
KEMYCXXF
MA43WMX3
NWK3TAR3
WKCNL4CR
HWL7CNYF
CFMHA7TA
CCHWA4P7
M39KW4FF
FPKERKC4
KPTTMTWA
9K9P9KHR
9T4KR4FF
TFYMWRYP
HX4YCNHM
4C9WCRHY
LM7YMXEK
XM3R3TH9
TK7KN3A7
K9K3C3F7
ETL4P3A4
9TYH9FF9
TXEX9WPK
C7NTE4N9
T9MRTMPX
XFFFATK7
X9CTYMXC
9R3HC4XH
TFMFMATN
KXFEWFT3
R9X47M34
43M9RYWF
HYXWRKNK
4FC44YFM
C7REKKRM
EKCCYXRM
WAYHLXP9
R7XW7CEP
R3MFPL4R
7K479CFP
HP37MHEA
3HP9WHEY
YPHYC3RN
N4K37EWK
YXHTAR9Y
X77LEXL9
KKNNH3LE
PH99TRL7
M3MFE7N9
T7M3LWWF
AX744MEY
T3CE9AYY
Y4FE4AYH
XXNAKXA9
LXYXF739
3CLTKTAY
CTWN99F4
HXXA3KFK
YXKLHN7K
HTYL7WK4
EF7EYXWE
L9AH7RNP
993HMPL3
MTA4W33F
93YTLPHW
TTARM3WH
4PLRCCRL
FAANLCEX
RYXA39FY
FEFYHCFC
WXPWFAAH
RRRYA4LN
PMLC337E
WM49ELX3
K3XT4LFF
FWT4KEL7
3YC99FP7
9TNWF33K
E9W4WRCC
NTMC7YMT
PY3MTHCN
3E73LAHE
N4AF99RE
RWMEXANX
MPTART7E
YYKAMKCR
TF7E7NXE
PXP4TEPK
A39XFYME
A4YEPFXT
KM4MT4YY
KHMW37PM
7HXYNW9X
L799KHTC
3AFWKWY3
7PCK4HAE
H7NPTMYK
NPNMP7PW
AHXWL3LC
WYMEYLH3
AKPPNHCP
WMCLCF7L
M4TFPLET
HFR39F79
7PX9ALN9
MAN74NEY
NR4XNECM
EWXRXEWH
XN7PLACM
MR44FAL4
YXAARH47
A4XCPC4F
M9AYX3NT
HAFY7RXK
FXKTTKRM
EHX3E3ER
HNE4FCYY
LY4XYLY3
HRYFYCLX
KLPHA4E7
HTLAXTRE
X94L733K
TMFWTRX7
ERP3WCR4
EXM33LH7
YMFRLLCK
37TLYNLH
LPTYY3XM
M4PYHXWM
AXLTWT9K
MR794PAP
YCA3XFR3
LHLT73HL
9ARKAAKA
NLNNA4XA
P7XXMMCH
TYWWX4W9
ENNEWP4X
9P7XXEWW
M4FLA9KA
LKHFKEFK
HTM4X3TA
X7YNP3KA
43YNPCPC
4FLXN3LH
3XTHCRFM
A47MMYE7
3KPNK743
WP4HRAXE
AMHN3R4Y
4L4KCL7X
7993AE73
PNC3RPX3
CF9WERER
HFCHHLXM
HMP397C3
9PX43AW9
XE7MLH7P
MH4RX7L3
NYMXKFXX
PAR7WWFX
LYY9RMNP
RMCWTAR9
LE7WL4PH
YK9H34KM
AHEPA4ER
RPMC3YY3
HKMEH9HY
7E3LENWH
9XFWY3TC
WEYTN93H
WEH3FAW7
ELEKMY4E
TE3YXECW
3MX3CXML
CYELW9W9
NYFFR39Y
PY7FNHX3
LH73EXMF
MXK4RHHN
TYK3LXFH
F7LLM4AF
3W379WXE
ENR4MFKW
94XLKLNR
A7FN4XXE
WEF3RC7N
APRNA9HH
WEF7RLAN
FRRC43RE
T3HCNNRT
MTCKKWCK
TT39L973
TH9CPE7Y
4P9HRC7E
C9AERTYN
34K7NMTP
LW3977TN
H9AKM797
W7XPR3P3
YX4FXM4M
RYE7FRYA
WHCM4PTX
3REYN9RM
K4L4NMER
TXFWXRCR
MNKK4KM3
37KA7TT9
M7LRLHPE
P7EF7RFA
YFMTNNRF
XRCWTWNP
F774TLX9
XFKXKK9C
3MWWCCFW
YP3YCT39
34TRXMKW
NKNWTF3K
MHH47PMC
EN7YWCCM
YE9MFF49
YF7TNH9X
MPLCPHLW
EXF9LN4H
NL4HYXYN
9CE4CXX9
7TFFCRXX
ATXX3CAC
MCAW4TXF
R49L4KLL
LXFF7K4A
AEEETMTH
EPY33XLT
P9MHE3YC
XTT4Y7RY
WRFKFHF3
KKPLME94
4WRLCNW4
RRP3XRHK
KN3NMCWM
RCYAAEKM
3CCEMMEF
PEWMPP44
NFHHM7M3
MMN7PWEP
39RNPY34
ALFKLKCM
C9K4KXTK
7W39WWX3
N7TH7YEK
WH7MXH4X
F7ETLHE3
7CAEPKHX
4AYNLMW3
4XKCY4LE
CFMWRPC3
YK9M9MNP
YCXYXPFW
PEK4R37E
YLXYXPNW
FAN4W7YK
T3YPLAY3
KY3KLEAM
MAECW7NP
RXL9EAWM
KF4PMT7N
MK7PNMFF
4R7NFEF3
HCWKFCAP
3RWNW3MH
P3R9LLFL
4N7XWM7W
AWF7WCXM
ATKP4H7C
4YCFNTWL
RKA4E7WL
C9ERH9CT
77MCMYNT
7C7C9AYL
C7EARFRW
MN49EEA9
FTHWN77K
ETWNLF4R
M3ELNEFX
XWXNFXWH
FLMMEMFW
7NCFF3M4
9K3HMPL9
4TTPAW4N
FXLFTK3C
C4AM4XKX
RHEARNY7
MPYT3APX
EN4PPEPR
TY7WKWRN
PKRTY44E
CY4XNFKL
XTPXN9KX
HKCLCKLN
ENFHKAFX
9HF7WEN9
RRHMMHMW
EP9LKXLE
F3HFW4AR
EA3YTE7H
YK4X9LML
7974ML4X
XA9XNCTK
TXPHKNWK
E4LAXTKL
HTLHT9NP
H7XPY4YH
4CKR9CPN
XACPRACL
P3LKLPPW
XTRLAMYM
APAKR7W7
HAMRR7KT
HPY797EC
3RH39KXX
Y7FH3M44
NYFFXMRT
4RH7EMMX
PXLK4FKC
ARX44NKR
CWTYLMMC
RTPNAKFY
KC4CYK9T
WHXHA9M7
MMW9NRFN
EL3TFYTP
CKMCLET9
PYMF3LLT
NNHXKENE
HMAFTFNT
XE9LFTXP
Y3KXA9EF
WRNFRNYF
HCPLH7WR
4RM9LLFN
R4FEY4MR
7H3C3RWF
ACHAALCP
X7KH3YTW
P9MRCTWY
94HHYMYT
9YHREKK9
RX47YWC9
MH4YLXKM
7RXMCKNL
73CPKXHR
3MNYPLAK
4W3CA93L
P7NE7ANP
7T9XKT4H
H9KFFLHY
3ENMCPHK
ETW4YX4M
934LNW4F
AWLPYE34
PHWPCYPA
NRKH477P
XRWCPYKC
LAAL3XFP
MNLNLLMA
LC3K9MXR
F4XE3TFW
YCF7YWA3
LAMC4C33
4KKMR4WE
NYL3YF4Y
33KMTNCC
RMT43RKP
M7K9FANE
TWNRH3C4
PYW9NWPT
FL39HK4M
MEFHLTX4
KP9AY9YY
KHTY43AY
X4L9PWLX
CHM4A9EA
79794R3K
9NN9X9HA
34PCYHFX
KL3RPRYC
FE3PFT7N
4MYH4PEC
PEPRTN4E
KMW3L7P9
4TETH774
4TPWL9XW
EA7ER4Y4
97CPTCYY
WHHKE3HP
M4FCTTKL
NXCEE77H
LCWXLART
4REXNXT4
HRPR3AR3
C7LHAFAT
74M3CCRR
E7R93FC4
NLRH97TP
FLX3RTE3
F3RWP7EH
P9ENYLCT
N9EH9CEM
LM4FFXYM
PMYKFA7L
M7P9C3PW
MRRPMAY4
3PCWLXWM
THTEXCMN
X4LFLRMP
XHE9X3F7
NKTXCALE
EYKX7NEF
NN3KREXK
7TRA7NAE
3TWMFNY3
W4CM3A93
FRXKHPFX
9AHMNWAF
XLNRLF4E
9EF4ENEX
TKFPRAKM
HYY7MYR7
XC49FY9H
REW4EXT9
WWL79PP3
PAPY7HFW
WHTNYMYN
F979RW9A
4T9TTXPM
PNLN3PRF
3WEEHKEM
FHTCFHXY
RHML3TTC
7N4YWEFT
W9MFL9KF
73KYETNR
W3X3N4TT
WWKLNWP3
XWC9FXAW
LMA4E4MW
3PFKTYR4
3XC9FFHA
3LF7WXMA
AM3RRHA7
XPMK3KPM
LWXMR3YA
YCLWHXEL
HMHPTXXP
CTM9KWF4
TLLHCT9H
TXNHARXT
4LKC3HYX
TM43CEEM
RAHTM3X9
TEL3PLXY
RCLRLX3A
KEEMECTH
WHL7LLC7
AY4KAH7F
4WMERKWL
ETRAHHCH
YEEA9CFX
3LAANCEN
AKFAK3LC
MARR4NNH
PCXPLPH4
XPEFYCWC
PEEFPWEH
XKWNEFW3
KLHKXKXN
AAW3KT7P
433FTWNE
XW77YR4W
TE7E7KR4
K9KRMLTL
FXRCWY4L
PRNTRFNM
CXC77WER
HTWRY4HN
3ACM4R4K
L4F4TT33
EELXTEYK
WKL9ENL9
NFFET4CN
3AETAHML
N3TEXH7E
W4AERWNP
KH9NNNTA
9LHLC3WA
MYHPXECX
3TPTTEPK
PRK73Y9T
FWTEHCR7
7EAHNHRH
EMMHMHLM
LW7XF33L
MYXK9X44
3F3WRNC7
7399PY33
YYHHCTEN
WHMCE39H
K4LYFKE3
NPRCR9HX
37YXWY3X
M7ANTM93
WK4ACKRP
R9KNE9XE
PXEKM9WM
NYLC49WA
47XH34AH
AHYELKN7
WLTXETL3
P77W7NMP
NAWK3R3X
LRR7FXNC
ELEERFHT
YR3YPMYL
M94H94KA
PR7CNW3K
E4YCPWLW
KHFNKL4T
N7XT7A7K
9YCE47KA
PTR4HXYW
3LTX9MNC
RWLEELPX
RW4TEWF3
PKF3FFNP
Y9AAF4CL
3L93F7FT
XA9439KX
EYHRWXYA
TPPFAKLY
RA7X3T43
T3MX4N3X
APTCM9NH
PEENNWMC
W3PKFTW4
MR9CTRK3
CKMRH9XY
NY7LCPMR
4RK9CP7L
4FPAC9CM
ACNX3PHY
PFLELMAR
KLCL7MYP
YEWYY473
R4C3TWYA
TMYF4WET
WAMPPE4F
XTPRTW3T
Y3RRRPFN
LXCAEKFR
77W7ELHL
FRYPYWYX
XRY4PRAF
9HPEPEHN
94TXCTT9
3K4P3Y47
H9T9K9L3
CTNX7FPR
WAHNMYYX
AFK3EYT4
KTEMWYLC
TENE49XL
WRXT9N93
49YKLXTN
HP9PYTLH
CP4KF4N7
MHXMAR9R
3Y7FPA3R
7EXCERKY
XH9HNA4P
7ME9HPLK
WNYPRE7F
MP4E99H3
7CXFMKW4
Y4FEMW3E
LC3LLNCR
3W4HXXNM
ALHT7WP3
KF7P33HY
4TXCYYTX
RP9W7RFC
A4T43XL9
Y3RTF3NY
CHMAXPYR
NWHNHRY9
CXXN4W3T
P7CY3FKT
3R797YPY
XMRY37NC
RCKMPFMA
ETE9N7X9
E4WHYYR9
A7CWEY74
MXEWTKER
FH77RAAX
LNLWNPA7
FLWCWYPA
H4WMNXEW
TXFMY9FN
P77TRMHK
RMM3494A
LLNAN9EK
H9KH9TYN
CXYKR4PE
7N39YKAM
NLE9KPAC
HN39PCTK
XALPM4RE
9YL4WR3T
N3P4NM3M
NHF3YPNN
EEHCRRCX
XAN37PE7
LTCL9CA3
9ANHEAK3
YLLLN4KN
C7MTHPXE
P9W779FH
KMP39AP4
PLKLWX9N
XAE4RLPF
3YNKK9TA
HAP4MTWF
C3A99X9X
E3T3M3WY
TAERLF3L
WE7MPPKW
ANWFEX3Y
HAE7E3FA
EKLRFA34
NPYH9XMM
KTXFH4HE
R4PTFY7P
4XWN3PME
W33FHH3W
WF7EKFPN
XF7ARNLW
PXHN73K9
779N3FTX
3WEPWWTR
AA3YLRHY
W73NYPWC
N7XLPKCW
9WFW3YFE
7KAFM4TT
C7L47CW7
ENC4WL4E
WH43PFXC
RMRXKNLY
37RR4RH4
LCAKMAAM
7YYMYWNP
Y77CRAKW
CR4MW7LA
NMW7FKK4
XTKYPEYL
CW37RWAN
RCWF9AYL
LLF93TFE
WLT3HRMK
Y4AHRHKP
H37NKW4L
TML3HME4
LHT4KEWW
AM4E9FYN
9HY3NEWR
PXWECL39
TKEPMEYY
R743XPHR
7E9WKFWF
XC7XE47C
F34X4NTY
7MPY3WRE
4WFWWPCC
4TWLFHF9
RC3LXEK3
RAMW3MR4
MXAHWPF3
7749P3TM
3CPTENTE
RRR3TN7C
P4NCKPEA
CMKLM4AT
A9PRC47T
XYPCLWCL
XMRKRK3C
A3ANP7E7
HEYAKWN4
E44Y9PPH
LLTW4A9N
94MKMEFW
YREKTEKR
XHL79KYR
LFWTKKYE
LKLHTL4C
AX47H4CN
EF3K4F3T
FYAXE9CT
AXKP79AM
TKN3CT7W
T7N9HAF4
EPXNFMMF
KANCMT94
TRKY7EE4
7FFHYKME
PKERL9AE
XR79XCFX
9TMNXMPR
CLFTYP3M
LCXWXLT7
XARC4NNE
3PC4HRMX
EXXYTNKC
3TTAHN47
A9RXM9W3
CYP7WHTT
3TWNKRFN
AFT9ARHE
EPXNEF9K
EWFYNWRX
TANXMET3
YNF7F3KY
CF33CPK4
ANYYTHPR
9WRXHC9T
9TC3A3FY
9L9MER73
FPNYXFLA
HYTMF9RW
4FLRCW4L
AFCNRNNL
KRW4YRXN
HYNLK4XK
TPM4EWK3
WKWCRYXT
NK7PPXEF
CCPMP4N9
RY3FLTT4
XNPARRMW
AKFC7XEA
PM9MEWHR
W97K9PXL
FRYXEHXR
AKN3KET9
MYHTAYPL
E9FFY3NT
XYE4YXLT
LYCEMFRC
M733T7F9
AK737Y47
9XRPH7PN
KCXLNHLC
C7793PY9
NH773MYH
TH3TWL7W
EHMKPTF3
PR3KA7KW
TKXTNWRT
KWFLXFWA
EM4FLCNA
YFPM99XW
TEHPNTPR
WAAYFAF9
CP37E3Y3
373RER9E
Y9PPYX9R
KXR7XAHC
WYAWYMMM
NM9C339H
WCTXH4KF
APXKT9HL
XTL49RXE
ACFT7TPF
79NA9WFC
3RYRP93P
EHKYFPFA
WKTTYW34
NTTPCTNT
M3NCXM7N
X9Y4AW9F
LF7HNYAL
HHPKNHKL
3LWWC7X3
XYNC4WCY
LA4WT9TY
HRP4MXN4
FX3RNHKT
33MCT3YM
RR943AEN
P4CKMLAH
94WC74YF
EWNMK4P3
MFWA4M4A
FR97CMAN
3R3KRP7H
PHLPN3W3
XXCXH9LP
9N4ACKYC
LAKK74EY
ECNCMM3M
AFXWEAL4
Y4R4LKPM
NNACWHN4
NAWHEEYP
RAAY4RFA
TTNMAKEW
WKRKREMK
MXAYNH3P
T9PRAFF7
WT9PRACN
4HEHCYCN
39HLM7XW
CYCLXH7W
HEYKYMXR
X4MCLKKP
KE4CWNEN
HYALTYRF
4EYK4NEY
4YLWRYPE
LCHKPM9R
TNP9FYML
THKLL4WE
WXHCK79X
MRH99NFK
ACT9PMRK
33R3TACF
XMHA3WPP
NMRRREAA
W3YWRNFP
EKHLTWYP
ALMHKFET
AF7TMMF9
9KYWFH3F
YKP3CCXM
KCWHR93N
9M3PAM4X
L9PHPPCM
4ELA97PF
FR9WNRPN
TFLLYXLP
YWNMNC7Y
HFTCE7H4
HEXNRKHK
TE7N3K47
XHN3LC3E
XECHL7CW
RKLC39WM
7W9F7LAP
H7F34PRC
CPRYMPPH
KNP9LCWP
WRHPNEC4
EEF3KK7K
EA4CHC49
YA9WN4R9
CYMFEAN3
LMHAM3MR
T734R44K
XLHYWYYH
9TE447LA
FYWYECNW
CL4PP9KP
FMAYMKTP
YWLCYKYT
RF9ARFCR
YWXXPFHN
EWMKLW9H
7EYA7C3M
MR9LHAHY
YL4L4XR7
KX4FLW4N
FK7H7EK7
FXWX9RXF
NR3NTFHR
RHH7TF4Y
RP7MY3WY
X7FRNLXW
TEHK4KFC
NMC4K94W
FR94FP73
774TF4Y7
4ACPFYTP
X4MC3YXN
LHT7W3HP
XFTA94A7
NFLNALFE
CKCFK33T
X73E4NH9
R9YE4N44
EPLTRMPX
4WWFTR3N
9KYRAETY
HPPHHR9X
XNYRLAPF
FXHC7KHN
NH7RX74M
YMPETR4L
MLYXRLCH
E7CR47TC
RA4NLCL9
AKX3PCTW
CL3LMFPL
Y3YLMNTW
TEHWNNWK
RKXTYWTL
3XNEC9LM
LHFWR7MY
PMKTNCHH
CYYNH7FL
RMLFCNEY
PNY3XPKK
3YKPCNCF
H4KMEY4C
X3FHACHL
3CHMHXAR
WX7ELXPY
FEFHNYW9
H9FH4R7E
33AEAPHC
TP3TRCYP
PHYXLXCC
HWMA3N9E
3LWKL3MK
LXTTPKLM
7NN9PRPR
P37F4E4X
FMHE9P93
FKM7WFYA
NCNF7TAT
E3ARMTCY
EATN7CF7
HXWCMKN7
NA7KPKNK
3HXTCPYN
L9LAHXWT
TKWKTT3A
RN4E7ERP
NN44XPFP
4PYFXXNF
4HTKLKT7
KCKK9K43
7E7MPY3F
4NK7KNXN
TNAC7AMA
EAKLX9H9
9KEKY3CN
9XFYXELY
4NP9TKTC
CTEF9FCA
4PF74ALW
NK37MPXN
RRT4WKY3
LM9KYTAT
H93KWEEN
AN3EYM7A
FR9WHPNC
CA3KLNYX
YAXFWNYK
47L44A4H
NCMPPCY4
KP4M4794
P7WNFYME
HMAM4PTT
9P9LK9AX
CHFHAX3R
NE7A7WN3
NFCLKTWW
4K3NNHNC
NCFC9YL9
XFFR79WE
HKWYPKNX
EN9YW4PT
RCPKPEX9
HYTAM4PX
7A4EMXLP
YE3PXECC
F73FAREE
PW3M34PH
CKN3TEMP
433NCN4C
ETEHPWEX
XKF7TY4N
EREFACPW
7744F7MW
Y9CHEFKW
R7RANEAP
MTPCKXKF
EWK4AREH
WX4C3KY3
FHLKNTRY
REF4YKXR
YPFXM4CP
7WYM3Y7K
NTFPR3LC
9E9NRRW9
FK7ANLEM
LPNWAARW
7HNXRY37
AE9FME9K
CKAA4CL4
HKTA79KP
C4KN4C47
PXMPNFTC
CA39TA9Y
KHHE3XYP
HLFFMRLN
W7FR37TK
9NPAK4RL
NYKHX3TM
PMKNL7XR
9ERCWWC3
KW77EEPL
9CM4K3A4
9XY3Y3LL
RYRCA9N7
RWCNYW3C
LWF7MTH3
KTAEFAAH
PR4AYPXL
TPLRW7Y3
7C9MX9YP
WEYLTX94
FXRYHYM3
TCRFXCRH
TM3MX4L4
MERHW3WR
3R7PNTXM
94HXKMHT
HAKAE44W
WKLCKFKR
AFLKXCRL
MF9R3L9C
AF93LNFX
EENYPW7X
XLHWCMM7
EF3ATLRA
HCKYM7FK
MHRX7NYK
TTEKA3CH
4E7KLAYL
T3FE4LKR
EWNCRAEE
YCFFMY73
HNXFPXFN
4KTEXRXM
ECXTCL9A
WHT4FYYX
WKREXR7Y
HKL7FA7W
XNCNKF7P
AYTMNYMW
NCCMWA9M
MWWKXETM
W3RYNWNM
MPERPYPL
N4LPYTHP
MKYFNEWP
KWKYEN7W
KFMYYXAC
KW34N93F
ACAWA3H7
LLF4XYMC
EYFXE3CM
FPFNW4HT
KN9TFYL7
WLAH4LTR
C4WHC77F
PHWE9RLE
LWEYP4YN
HRX3EYWN
R4KPKXWR
X4A4TC3N
WCECXMCL
YREACX3W
ANXPTHXT
TKPXACHE
MPNCF73E
7P9KMCE7
KRFHFRE9
9LPFLTCW
3EKWKEEA
CC7PEX3F
YLCYT7FW
KEHKE393
CML47YHX
TPF7X49L
C49RPFXF
CWA9NHNX
MW4K37MP
YYNCFMKX
WYAAEE7R
ERCLANRA
39PPCRY4
TTYLYX7N
APNCHWFP
4CXF39KY
PHRWKFNK
NAXCTTMH
94NLCLNP
KFWXW3KW
L9ATF9W7
THEC3TR4
WXCNAKP9
XMXMY3LN
ARXYREEX
PPMWT9ML
N34T73LC
TL4AAL4Y
FYRXMEYL
RHLEXL9F
XTFX7RMT
NPW39H77
4AX9YYTY
M99X3KPY
HLXC3F9N
E7E9MFFP
LXRMXFTH
9XP7WHC4
KAA7LYNY
743AAYTE
74T7AECK
NA7CRLHN
TP44NYWP
MM4MNR3W
434RYMXK
NA3REXXP
RXFR9MXH
NERNFXN4
NMX4HLRN
L39R4MR9
7CNXEKMN
L9FNTWYX
KAKLWTXL
RHP9WPYY
MCNEHLYM
Y7XCTHLK
AKYFTR9X
NPM99RPF
7FTLWHCH
MHCLP7F9
93CCW7XP
MT7RW3KE
YNTWCRNK
794A4C9L
NT7YYMKA
KXXHNWEE
PLXYK3HL
L474NHW9
ANKXMLR7
9LFW39LR
WMCA7EP9
7LYF4W3E
HT9YML4F
K44T74ET
R7NNNYFN
7HM97E39
EXPL7NAC
N3YPCPYM
4AR3CCFE
43X99HLA
F7LREKRC
EKWWTCY3
WKRH4MTW
CT3W77K9
FT7ALAX4
7XWRAWK3
EFLY7XCY
TPR3NPRL
EPPH73PL
HLN9ACKM
YW3HTFPE
KKCR743N
9FFM3YYC
7MFK9RKF
HTHLCXXP
AFX7K74F
XCFKEWX7
K4LF9F7W
M3ARRM4A
XHF9MLYN
EP7RFNWH
CKKE9RFA
3H7YK9P3
RE4YC3TC
RRYTTFKH
XKPY7HNL
TL7L3NMP
AMXCXR44
PPACFHCL
EW9M7FER
YE3RXEYX
7ARPKCMN
9NLCFCF3
X9LPXXTC
H9MH373T
L4PWCNM3
HKFMRW7C
KTWCACF4
LFP33TLR
MHLECHAW
9YLLMYL4
YLHPH4NH
EHTA3RXR
TH3WLC9M
H7WACLPN
RM7N743E
P9KELAKT
MHEYW7WM
CEEHXFYP
ACRK3MPF
A3HWL3M4
99YK7CXA
H9RFXCNW
KPXWPXLX
CWLFKRHY
FCKYT9KT
TL34H47L
3P4T4ELN
K7AHWH7P
TFK3MMWR
FPWKYTXL
AP3WAYTH
WMFMMN3K
HWNYMALN
74N3RHT9
RC47CHAT
KRWRFXHT
TW4W979X
HH3NCTLE
HFFHHH4Y
RNT7WNKN
TT3M7RWM
3REKRXCL
CH7LM4C9
FXK74YXF
WA3THYPR
PWRM99RW
CWNKK7L4
RW7NRKNE
XHACX74Y
7CRHFYPT
7PTM9NAH
Y7F3TEHR
HE4LCYNH
MRXNTXAP
TKRA7RTF
H49YKMM7
T7WY7F44
YF3AEYPT
H33TELAR
LY47XWTM
X3HW34R3
3WAMN3RP
CFNRRRML
KAFH74TC
KLKTWN4P
P7PF4MYC
4FYAHNTH
PW9WN9AC
NCWW7PKH
37KFPCHL
3YPM749C
N9ENC9H3
W7MHX4YL
7NAM4HAW
A3H3MLWN
THPKL7HY
F3HXE9FM
LXFNEME7
XL9EXNCF
F7KK9RYX
7TCPFAFX
349MLTPR
FTWRC4TE
4NT3CM93
9KNHCX4N
X3N7FNPA
T7CWWMXL
CKXCHK4F
WX4N7EN7
7FLXEAE9
FHCAYCM7
C79T94C9
CM9AMNP3
RY9WX4NA
WECYX994
EFNHLMYL
4TA9RRKX
WETK4ML4
EE9NP3A3
ECRRLAAA
HHTE9AEX
9CHE7RNC
RCFKE4H7
4CAKR9FK
PKRYPPNE
KCP43RRK
CNCT9WPP
R7FXNEPR
TFLPCFYY
XT79MAWT
KMH7TKW4
M9KYMCFY
XAHN9MCC
KXLWAN73
RERWPCNP
MR7WHPKW
HKAC7ARM
9CKFEEMN
HWT4E73A
EFMAA4KF
CW9HRTPP
FKF9XEN9
KXAY9CMH
WP9TKK9E
HR7WY4TY
FRL3XWKR
CA9WNTAY
MWXAFX39
KFPNM7N4
TRXWWH3M
HXFAPYXY
7AWEYKR4
NKYPAR9P
9K94Y3R9
9NXMMTWP
YTPF7FN3
74MPPYX4
RE7HNH9C
47CP7N9K
YHW9CMWF
ECWMF9R4
ERKCERC3
77R9M4EC
AXH339K3
XYLEPE44
MMPWFR3H
PM7AF4M9
FECYEF3K
9FKF3XWM
CAMXTFML
NRAYYX33
A7NFNR7E
4ETCHWRA
4NMWKKEF
47XNMTT4
ERHK7C9X
YMMFYERY
LXYCX4HT
TYR94NFE
7H4RP3R3
CLLCLR7A
PMLXYHY3
LXRF4TEL
XCALMP47
9P4479TW
KFW4EKP7
PT74E7X7
AMAFL73W
TXLPPWEH
XCNT3L3X
XLAL4CHF
TNPF7TWR
KEM7P73T
KMNC7A3N
KACYCX9P
HLL9CLAC
LLLA43ET
3LMCEHHC
LH4PCWCT
KFLNX7R7
WNKKRNXY
ATTMELEY
TTA7RXNF
RPYF9E7R
XX7RN7NT
MPH79NYN
X3XT7APF
WW37KTPP
HHPPMATH
ALXEHM7Y
74H4WWHE
WMXYPAPE
NEE9WCEF
LNPYRFCY
YNN7YCLC
4WL4TYAN
R4EN4LEE
MAPTTTHR
AC3TW7MN
CPTC4TYY
AMP933WP
7TR3TLWH
RCPNAKL7
XAPXHPFN
WNNF4XTL
RCTTTRM4
K9R3H3NK
YNY39NHF
9KP34T9M
4MKLTT4R
P9EYMPTM
99T7P4EK
MRLHPRNH
AAALEMHP
9AA3YT3L
93TXWWCC
4YNYMKH7
94RTAXRR
NHY3RALE
9NHEEW93
WMLYPYKM
HAMT44PA
7PLYTPPT
CFFFK74M
4FNHNMCE
3C94HKK4
MYPRF93C
RT4CKPTA
3FKK7WAF
LFFM7T3C
RHHKAX7C
HPFAYEP7
PCR9CHFL
3AHEAWYH
3XMPW3NN
PYEAAYN9
XYF9PLHK
KPTAKW7T
H74N43YT
KP3XTWFF
RXPL9KFX
97FPPRKE
HNP7H7XN
YP7PMAX9
KPEEYHP9
P7RH77EP
WMFALFWM
YNHTNEFF
RMYRLWRT
947WX9F3
MEY37YMN
WTA7447F
HHFHHWHK
77LFM94T
M3AMY7KC
RAXCWNHT
LWMFK4CP
APAX7R7X
AXNAEWR4
NPTTRHT4
MF47WNCE
TWAHMF7N
CTYH4RCT
F9R7HATK
C4KFKTFR
7HE3KRMC
3AW3NWPR
MPMMAWLW
9Y4YLAFH
MYPM7C7T
RRWTAHTA
9K7PNXTM
XYH7FPFR
F947AEL7
MA79TLA7
MEH433LW
3WTF9KMM
E3N3AAA3
MLLHPRKW
PY34XYFE
M3W7P4PK
K4PX3PP4
WTRC7P4C
HXRXTEMH
3A34RHHN
TT4ER3HR
WEWR3PCF
LRWEM79K
KRM7MCPW
R9LXTKLF
WPPM44PY
HC99XT3C
AK994N3T
MNEPLC4M
HNNNFKEY
LECEXLXX
PXWE4LYH
3LRPKNX4
ECXCPFYX
FKKFKAKH
FRTWRRL4
CNRXPPCR
NKRMNALM
L4EK47AW
FHYFMPYR
33LE7PMY
9Y74C4RE
93WFPTNY
PM9F4FH3
3TEF7R3R
MYWHR4AE
T3TN4AHW
YRA4TFNP
LHWFANCM
E3YY9XXL
NPKHCAPY
EM4XF9KM
CTLPRCKX
3ETCYWEF
TNWYAWPC
7FH4LPAL
TRX7PKLW
7R7L9L77
C9EKF4CC
F9FH4NPN
PTFWLK4N
XFAHTF4W
XFH3HEW7
MTY3YXPA
KPEFCYKE
PHYCL3TC
KT9HAFTC
4CYENM7E
7RPXNANX
M9EHMPFW
4RW4RAY3
LN397MPH
7MET3ERA
CE3NTTNN
F4EKXHYK
PANYXCTR
43WN7MCR
TWR9HPHM
WTPHMPCA
NH4NR9RL
PYFWK3HR
9RHAX4WK
9TTLPKMH
A9CPEANL
7H4L7ANK
Y3PL3M39
FHLA43FM
CXARW3KR
FTKEX74P
YHAFKTWP
XY77XFPP
3E74M7LC
CRNC4HT4
PXCEPPYF
939M99N3
KAHXLMYK
33TRNEKX
YCR7EA9E
LX9ATLNE
3L3NYMH9
7F9MFARW
M9RKHE3M
R33E7NRW
WEAXCY9H
HMFYWPCN
T3R4WTXR
FYXH4REF
EMFHWA3P
CNAMEMEE
TFLMEA9L
R9FRMATE
43R77PP3
EEY9CNKW
XAYFTLNC
FK4R99FF
ECER3P9A
9XXWYXT9
FFTR9APT
XWL3LKNF
3NYFRMNL
773M9NTH
ETN9N3AX
R4XFKFLY
AXPKLFN7
P94AWM7A
M9F37YXA
XY7L3F9M
PAECKX3A
TN7PCW4C
9XWYKY3Y
TXNKY9RH
3W7A3A4A
F7ELAWLR
AHF3NHMX
FF4MFHHF
A3YCTACE
LA9P43AT
XEXL7LP7
YCEHXYP9
E73KK4FX
C7HPNPRX
KY3CCA3L
YMTW93RR
KWK9WH9W
KEC4YFYT
LENMNWKC
CP9HWAAR
4EENL7HF
7ME7WEMH
X9PYR9MX
C3WNMYLE
M97EEEHF
XPEANK9T
3FPKNHKE
KECNPTXK
PF3KYKXH
PN7LTNRE
M4YP3TRK
RX7KEALN
3Y3PHAEH
77NFMP3A
KYRERRT7
74AEMWKH
X9FKMCFN
KMHEN434
TTMNAFMA
XCEHH7AE
CFLPLCAM
XYC9AFRP
PFWWR9KY
7C3FM9NH
3KAXYRLM
NTWKF74M
LER9K9HN
CLYXTMP3
9X7PPARX
74LRYKPN
KNRKMAL3
3C9REWE4
N499A7N3
WMFHRNC7
3L73LFMY
X3AX44X9
LKC4TFNT
EWLW7K77
3HYNHT4A
YKRTNFMF
P7KT4YXP
49P7YE9Y
H93AAKRE
NL97E4W4
YKX3ACCN
LAEE3YHL
HM79CKRM
F7WLWAKN
FM4HCPT4
PF9CL3RH
CTW3A7XT
HRWKXA7X
HCA43LFW
KCKHF7N7
7PN4CERT
P3NTM3PN
H49LTATK
X4T7W4TE
43CPLMW4
XP7W3KHC
NR7LCW4P
YRL3KTPF
EWPKA99H
RKKXF9EE
FXPE4L7N
W47XYF9K
TE9FFWHH
RHTCFXTR
ETWA4E9L
F7KCMWYK
NAH3WH3X
MFLHPE9E
Y9TTEYWM
CTNYWYWT
MNCWA4LR
FHRANF4L
PE9PPKWF
4CCNRTAL
WKFFKF7F
T7HFYY7P
7733WKWC
CHC7RC7T
ELARCRA7
39XRWRHY
LM93KPNP
HCAC3APT
KN3Y9L39
KKNXF7AC
Y79P7W3K
WKNPCRYF
K74HPHPA
PC3HKNLR
CNTMKKTE
EYAPW7AX
NMNN34E7
49KPAFTM
MXXHHFET
9KMRXE34
TTTLERFX
NCXHAPC3
YW7Y7EAN
W34FN9HM
F7RTPHPX
4CRYKWPL
4A7HLTHK
FPYF7FF9
FYRMX4C3
KWCMTHCX
944HKCP7
4K3LANAF
44ENFK4K
A4M9NLYL
P3CLLMYT
9HE7LAXN
EMYF4ATN
99R93H4T
AFMA4RWP
HYRT4FMK
AXNNYT3X
47LRRXR9
EXTTAL94
PXFNRRKK
KYF9KXLP
RKYRW7HY
T3RP9YFF
TRACLFTX
M4HHW394
XXCCAET4
EKCWHRFW
44FTFX9E
9LWXAM3H
3T3YC4M4
HNMXX4KX
P3YECRA7
THNNCCAA
LLRLW3LY
TLHYNHTT
WFFPWAFH
7NLCHHX7
ENXCLTFE
3LWRLCKK
F4NP44NF
ET97T3TX
CLFPTNN7
9EHHAEMA
A4WEN3WY
T7TNPTTK
RPEN3EAE
WLXMYWPE
XYKK7T99
RHKH3EYW
LXMFPK4W
ACCHL3R3
YWY7H3CH
HP7NLLYC
7TYXMTLA
EMC99N3N
K3L7YYAM
ANRECPYA
4HCNT73P
99FY4T9T
PRKTFM3K
9RF9XXC3
9TPCHWAH
YT4CN7TN
MWCPA7YF
ECN4H3WA
FA7NTHNA
HH7RWM4X
XPK9739N
EETY37NK
YLNEH9C7
MFH3XN9A
3P9CT7YK
Y4AXW7PT
CM4RM9MN
XYWHENTW
PXHMMMNX
CC4ENTXR
K93WPMNX
EYHHYPNK
WLP3AEWH
YWMLCMTW
KCWRPHCX
CAH4H3YP
XK33K3X7
39PWLAFK
3AX7PCWX
YA7PXNM7
7RKPAPXL
WNAXHR7C
AWA4MHAP
ERPFAMY4
AW3XLPWA
WNLEWFKE
YCPMYYLX
4N4AHA9H
9ALYK794
XYYLM49W
F7PREXAC
7NHAWHFA
YPCHHRHP
34YCWCAM
HXXT4NHK
RFXRNHTM
YFY4R7MY
NEEWM7FX
N79ERAT3
TEEC4F4C
9YXP49E3
MLN7HXWM
EP9PYREF
4HH9A3KM
TMY7AYXX
RH4H9CM4
3ERXM3F9
3LNF4H4P
TCRTTPN7
3L4NAPNF
HHWH9RYX
9AEPNMEM
NRNYEKA9
XCRFHYF7
7HKRYERC
R7HF3LKP
WYNCN7ME
NLLAFK7N
4YWMRRKY
9REKT7KC
HAX7MMHN
PWMLEFCF
7CK7N4T7
X7XHW7EA
NRRENFF4
YA3LHAAK
H9K7X7R9
CNKYA497
Y9XARE94
YNKEEFCH
NNNMALPA
C4XWFT9X
3T3EHMFK
3TA3P3AL
TWLLAREP
YF4HA4FH
CHHHRHPP
YKF79KNP
E3WN3YWN
W9E9XNR9
KP9N3TWE
TNLT3WTH
RWMKTA4R
AEEAANEC
K4PEC7CE
EFNWK3Y3
YXE3NYC3
ANP7ACMH
FYHLY4FY
7FFFFEWP
RTCAKNRT
M39XP73N
YAMLWKMX
XLXP9EYN
9CXNXL3P
WR7RXYWY
CCMWRKKK
ARFNML43
FRHTHHY4
9FNKMYNM
AXXWXRY7
YPN93P7F
XK7XEX3X
XAKWN7P7
LARNFLTY
Y4E3HWNL
44ECT3RW
WEP4EXXW
9HE99PKC
44XMPR3X
APHTYREX
FA7XC49K
7X4WWA94
TEEXEFRY
3CT3LXN3
4NP3ERN9
XRW7AM9H
4AXNLLNH
4KCPNT7M
9F33FC79
RKA99FCA
3TCKRH9X
KPYWXMMP
34HM9ANK
Y73WCN44
NFX7N7LC
9HFY3PYC
RM4ATP99
KRN3WHFL
NCKNATH4
9PF7W9YP
KCR3FCN3
ECNHPWKX
WKNPNMLE
WT3HK3P9
FA7AYWHM
AL4LKXM4
YXFMRTRW
NM3TCKH9
9PFPFT4A
MKWK7PX3
4LWATN7X
LCRXFMNH
H3M49K9N
CAXWC3HK
YRL7PTHP
XC4KT437
A49HCKWC
TXNREWAM
LRYMERKL
FNPXC9WX
P9KCHARA
YEAXPL9C
LW7CWAAF
KCA9MNRT
AHYXE93Y
9T9XETEC
9LLYEYNH
L3N4WYWN
9YN7LE9M
AYHFHK7C
H97KCNX7
3WXRKTNW
LC77N447
4A7MH34A
WCP3MR7A
YLPEACWP
3XA733AN
7NRRAKR4
3Y9A4AX7
FRHPTEEE
7LTA4WKH
XH79KHCN
43NFATNM
3M3L9RPM
YTKLWEHL
HY93WHFW
AEKXR4W9
34LEWCMT
3LC4XHEN
LCE4747X
PW3MFMMP
7XTRWH3T
X7H3WFY9
KLN44CXL
YPMKMTXA
PTXTNP9Y
49KE3P3N
TFFEN7LE
YFHHYTCN
EXKH49XN
MEP7CH77
FKHEC4M3
ETNC7AA3
4RRAKFM9
9EX4XCHX
AL373TCM
H4NP7MM9
N9MPE4HL
7XAC97RT
LHFP4M9K
AHLWLCNK
M37L4YKM
XNH9AECE
3LYMM7EH
T93THXN4
WK4FN7TT
AH9LFFFR
PC437PWP
LY3MRRKY
NA79EA7N
K7F33YL4
LMLHHR79
LM3EE4HF
MAEPCRH7
FRLWCF7P
4TELCPAH
TT4T9RCC
3A9WL3EF
44K4HMTT
7ELYRWTW
F74C93PT
WYXRRKLX
YFTC4AY3
ELTHPREN
NXFHWA4X
4MH3KPMF
CMP3NH9X
P4KWPH3K
TF4LKML9
MXT9TLA7
3L4NXPHW
LA7LFKAA
CELCPX7X
AE3HRTX7
P49NHYCT
XKT3CRLA
C43PKWPA
WWW7NP99
74WNEKAL
TAXWPCYP
PXFRA7YK
AHLFTET9
3M3XTKMC
WCWPCLNP
RF7LNHWP
TTHHREWL
YCFCMCM4
KRL39KWR
MHKPLWPN
AW9TA9ET
NYMLKF3X
Y34N4MRX
XWA9F9P4
3RAFK7HY
N4M4PFL9
9XW7L7FH
XHWE7L49
HEXKWMM9
R939YPXF
KFFXCRTK
KKCAKLNT
7CXC9PW4
WM4LCM7R
L4MAKXMA
FECKRRRL
EXFE9XW7
YPYARP93
M43EKRC4
LKCPXFW3
7CCW3PE4
YXCHWPWC
7EMXT43H
F7P4LM7H
A4PLY4RT
MAAXHLYN
K4RKHHHR
9C4K4TLC
HF4ECFPT
LATTLXTE
TXT3Y7WW
7HAWWKM3
CNHCMR3A
LAM4NELX
F47WMKPX
LFWP9FLK
LTARLX4F
PR4WYK3P
3MEW3K44
4TY44TNP
XX4H7W9Y
MENXA77W
FPA4HR7P
9AKN747R
CM4NCPRL
NFC7M9W7
7MX49T7E
N93CLXNF
A7NY7AMC
MPTFEPMK
HYRKTYR3
MALMRM3P
PTEWHEXN
XLLPFXL7
4RMRFYKX
E3CCXTRH
T7XNTERF
P7ME3E7W
7WTMYHMW
WM93RNYL
W3HWLF3E
EPKFKHHL
KAHFR4F7
H7KF4YW7
E7K7F7KE
WPRRWPW9
MXHC3XAM
RCRXAXPP
WXW4FE7K
RH9PK9M4
4T7RY4WX
7NNL3C3T
KXTXHWRY
HAARFX9E
9EY4PTCM
N733F7K7
4MW9NLWA
TA34F4AT
RTX3933L
PL4XN9PE
EAT3H3XN
XN4ANRMH
NW7MNKXA
MTK3TC9W
9LRYY93H
39LHKXCW
YNHRTCXM
K33P9HTA
W4TPAW3P
9LFEPL4H
CHMFHF7X
XPRXWLYL
CET4WMPN
4AEAKX4C
YFLFCNL4
W3KWLFX9
77Y4XW79
MH33ENFR
C9XCE7FP
KLKEXYPL
RMWX3NCR
K43RL79P
RPRPNP7H
3HENYEEK
LHW3KYKM
XRWT7TXW
KFL37HML
E49MHRTP
HXFXT33M
Y79ATMNP
NR497LWH
PMLKAXAW
XTNEMFHA
K4HW97AX
KKYRF37N
F3XY43FT
CP3RAPNC
PHXR9EW4
L4AMTAPN
34KAMWWR
PM4FTA7K
7WXTAYRA
WCMYYRRM
HPXHR4HC
FE47H3MP
WL9FCC79
4XMCN4XX
4LWNAME3
AEFTNPRL
HELYF3EW
FEPRW77C
TRMPFHFT
L9CN4NCE
R4HN4NMT
3ARYM3KT
9A9NTR9A
9CPWCMEY
3XNRNKWH
FAAMTKAH
Y4RK4MAR
LCTRAWF3
EKM7TY9M
79XE9KY7
NLPM73LY
MHX94FMP
T4MPNP9R
MXPTXRM9
RX4FRXFE
37CM449E
C7AYAE49
9CAX9Y9E
HCL74NK4
F4YWX74M
LC7P9RTW
MEXPRTMH
MXACEMLA
N3FAKHTX
M4N7YLNK
THL3MEHR
9XKXW4H4
LL333744
399WNKNW
FYN49H4W
AHYEX9LF
TEYEMEKE
NEWRMLRF
LENTHYYH
LATRWWCR
LXA3P44R
X7PKH4MY
HXCNHYR9
3KYK4HEL
R94XHNRR
HLX9MKYT
3NY4M7RC
94XMEFR7
FA3CPLNL
KPCAHLAN
AMATNCM7
WNYHNP7P
Y4RW9NT4
9TAXH9NX
PW4EKRW7
NAAMW3KA
W3NHF4L9
WR7LNMEH
9F39WCP4
XNFH9FFL
EHMLRFMF
347XMM7A
EEMALYPH
NWPN3HFM
LYTTTLT7
RPWHHANT
HRXLECH7
MWKTWKW9
AAF4L3YF
THM3YTFR
EPKPTF7T
CAKNCXPM
99NWPRNP
4FN3RKEA
M9P7FCE3
RY3YXYXP
7WCCMN9A
WX4C93MK
7PAY33YP
WTHXCKAN
APXFWXRA
LFKN4YRH
3PWEPL97
9LEPP9LT
TPRCWXYC
NFLC94X3
PCT7LMN7
K3NKNMRF
CC4R7K4L
KPCKN9YR
WP9HNACF
PP9P37LC
MT9YXAYW
RK9YAYWY
CFAMNTKH
474XEKPH
KXPLXFTC
K7L77LRF
9EPEWH3Y
H7P7WKYC
7ELEF4F3
AKMNT974
ARKYTCRY
ANNEMHAL
NXNK7TFT
M3LHEE74
X7KFA9WT
N9EEMFT3
AHHWXYKC
KFLPE4M9
PLEN94P9
FYHTYFM9
3WKH93CP
WH4H4ETF
TFC9MYEE
9RHCF7CC
R4C44FAX
P9XLFFPP
FPRYAXMT
KMMWK43Y
T9MKK9E7
CHM4REC9
C37TP9HP
M9TXTFAA
HPFRTHY3
RLLPC9ML
4L4EYLN7
4KEFWKRR
RFPP93TA
YN79NWPE
YX9LKYLK
HR4WN3H7
C3RWKEFH
KR7LNF3X
AWPE9FH9
7HF4ALMY
TMXHNRWW
L3NHF9XM
97WHKKPK
LWC47PRX
R7TYNYEL
F4T9PXXC
THFWKREX
L9CXCMEX
PEY7WFY4
FK4WPAMK
L9MMYFFM
KK7Y3WNA
NHMMEXKP
YRR43YAP
YMXKMXPY
CFXCLY44
AR9W3WW9
NXMH9NE7
LEP434FE
9KWMNW7K
A3XF7EP3
W4PPKNRT
EP9RMYMY
LHYPLNAT
WFY997MK
XRWLAWNL
XTP37MY7
H3HCH9TM
TFEAETRK
97LPEHEY
HYN7YHPR
7LCH3RFW
YMLEWAAP
ECC3RLPY
ATAXEKHK
YEFNHHFM
C3AL4XAH
NALYMNTN
9XCNFA4N
YYRLWN9Y
NKLY7TYA
WKFC37L4
E77XPFLR
7Y9YNAHM
YXRAWHL7
A4KYTRTF
7TYT99XT
YPPCKXFL
YHN4H4F3
LTW7CP3A
9KL4R3AY
39W4T4KA
F9N4HKPA
M3EMLANA
M93AHLMN
RYL34CHK
F4LMLCNP
NRAAEW37
9LCLKHRN
TRT4M97F
737YNWTN
FRYATWCM
H7AX4X9N
3RW34RYN
PWLCXX74
7NL7E4TA
CCNT97K4
KRTCK7YA
F9H47XKC
NWPPAAFM
33KEHM4X
TKRL4TRE
E7FR9MM4
YYM4PYK4
LPP3H9WR
PLX3RNYP
EXXM4KWX
RA7FW7RR
7N37HPPN
MWYFRPTY
XHY7FWRR
4C7KLHCX
X4PER9TW
7YR9W4W9
YYLL9H9R
FYTKX9KW
CRKEFK7C
7RFLP3YX
4LARA9MH
TWKAEAEW
P3RYEC7C
KN7FN944
Y9NKTTET
FNFHERWR
4339KN9Y
CPMKEXEH
3MK3T9K4
3P3P33KF
KTAEK44F
CMP34TEP
WRYRLXWK
PALRMPHC
KWPEP7M7
YLAPHYCM
MA9F7NWM
XAKPTWHM
4LFPCKMK
LEYL4LAT
FF3KTCPF
HAENLMTW
FFFPXFAR
P9WW7CFC
LY3WF9X4
H7L4NRAL
EWH9HXPC
7RWXCTKP
TLNCL9L3
WXHYL349
HREXLH9L
7CPN9MMC
WYLYFKTN
YF4T94E3
MNXA4WFT
9FL9YAKR
N7KKYXFE
4T73FNFE
E4PHKAR7
KFE33WMW
RM4C4NH9
H3E4NXPF
M4KRRKMM
TCP77MPK
FFXTFL74
C47EPPY4
4LP3E9R4
F4TNTRP9
MMKCXR7F
94E7PRPM
7KWFRH9R
NNL7W9H9
ARTNRNET
RENNHLTN
9CCNCTAK
TPPMEYAX
9FFLYNRH
E9EX4EPL
CYCNYTLK
4EYTKCKH
XW3K473X
KFK4PCTL
4HTLPFPX
K7WRFP3W
KMHXLLNW
YL49XEE4
933RX4WN
HCFAHYP9
FXPM94WL
99FWHPAR
CEF3XA3H
4LHAWY9L
FEYWRYLX
YRYT3CAR
L3HHY7HM
3TAP9P9R
MP3R4TTE
YWYP9K34
T9NTXXAA
NR7KMH7W
A44WF7FC
F34MMAWX
3AK9NCTH
P4P9KMCY
RPFFRCLK
94H3WHPE
Y93A3WPT
XXH7TWLL
WC9K4AXY
AC9C4KKL
N3ETYFT7
RTYK3T49
PWFN9KKT
A7TW34CW
YXNFN4TM
TXALMN9P
43AWT9TY
CC9APPKW
FFFM9EPF
4LEWWMWE
FFK49CET
YXN7LAAL
4X9KC443
F7FTLWFC
PPRCLPFE
9MNYY47C
TWKLL3LA
RALC4HET
YM3YM449
KECCXMAC
TW3RK4W9
AKNKKP93
K7X3WRTW
X97WNCKN
MHXL7KMK
3HCPHFNL
EKXCW7RF
HPWTELMF
9FAC3AKC
FARAYTMA
PYFFLE39
CRXF39PA
TA474E7Y
LALL7R47
343F4X3X
4XX9CHMT
Y9LHLHNX
HCHWCH4Y
ER34RRTR
43YFW3P4
RYANTYYC
3CPL4ELN
YLTYAM7A
A7FN3F93
AFLNNM7F
YXK9P4RM
4AELTWRT
ECLKRXFE
3KL9ENRR
KTTP7P3M
ETRRA9RE
LY937WP3
HHAXXH4K
WWPA73KE
TKW9F7L4
LWE9ERTY
7FXH7WXL
ALH397HP
9PPYC3PM
H99AXEKF
NKAYTAY7
TYCFWPKH
NA3WWCN3
H3H9E9CW
YEYNCLE7
WTHCKNLN
HR4PRKPF
KKRMM7EC
L43KPPMY
WWA3TWTK
EXMK9TWR
KFAA7YTW
NR7MWRWM
LLHMFXXX
EXLLF3YY
W7MTTHXC
FW7E9KXK
KXWLE3FT
M734RLPM
MWX7MLAE
EX7YRLYX
MCR9Y3HR
RCRMX47W
MRC7CWRL
FTAHTC3P
RN9ARMNH
KW3AWMWC
PYLLTNMA
K9TMYEKW
34AC9EF7
R3CNXXTN
YAHRNLFN
NWRAK9RF
WR9FAYCP
RLKELMM9
MN9F3CYN
3CFKFFN7
K7PC99XY
37X99RFN
4NYPKANC
M337RXFY
4LHKR4EP
9EPYWLTT
NRMRHYLX
KYXRFT7F
44XY7NPW
4LXLCMX4
PLEWYEKM
L34L9F9T
MECENRM3
43TFX44Y
Y3EN3LW3
EE3439A7
PNLYLP3P
9AYKNAEW
FWWH7XRL
9X4MLPKK
LLL99HR7
WP7Y9TNW
RX9MLYEK
CNANNTXM
XFRNPKY3
NHRPC7R7
XT4MLL77
MP4HN7LR
N49KCN3M
3CY7MKT9
PMMLAMRK
YEMT9A7M
7H73TLFP
7XE94MMM
P47KFRNM
EC49F3HN
X94497XT
T3MHCHKN
ML97XKLR
P3RNYYL4
439WYH3K
ARLW3R9P
ELLEXTAF
WTWNRYNN
9E4THANH
NRPHAN3Y
NN4NXNW4
TPFWCN7H
PYCTMEXH
XEYE334P
7AWRTXHR
LY7NTPEA
3CWY9HWF
FELAFLWM
X7R3KCYM
X3WPK9XP
ACF7PR3E
3CHLFY7F
THH3XKNF
M3RWWXHM
TRFKEAK7
LNEFCTKW
RRCXP9HK
R9HRTHEK
WRAHNAMK
FPHE3FR3
KATEPHLM
RWNP9XPK
ANAK4HHE
CTT4AP33
LPH9FTHL
PAFFLLPF
XYWNEP9T
343F37L3
4LK3RNHF
RLCKHW9C
7CC7ERKH
3XCAELTP
PLTH3CAF
PT3AT4LM
FEEXAEA9
7FPPY7XR
Y9NENHXL
PYL99AYH
RWTYMXT4
E7CX47F3
4E7K7HMY
ECT4ET3E
44YHYPFP
4L7LRWLF
3NCHRXWC
H4RX4N4N
NNM9K4RR
EFHM7LLC
77XNMRMH
CCPERAF7
KCCN4FEC
3WM97MRK
CEC9MCK4
3KLHH7NR
7FTKY9RW
7WRRMAKX
3PPRYTMA
RXHF4MRP
KKHKAYFT
NMNMMCN3
PCW3WTFT
9YN3FA9C
RCK7YCAM
HT3WNXXT
YE9F7C3L
XYWHPRH4
WWC7TX3E
ACNFMT7X
RM9E4FKN
9HFTK7H3
E799NACM
9XXTLANK
YL7LE4YT
KTWTA4AK
HR7R4NKR
7WKA3NHW
KK9K93A7
FAAM7WFR
WYTFYREM
A9AWPP7H
3MPXL9LX
39AMWRP7
EH7PKAHR
E4EP34P3
937PF4YC
P73CHWRE
44XAMF49
WHCFRY93
XYP494YY
Y4M9H744
NMKHFFWY
EM7M9WP4
7NFCMMCM
TKXCH7FC
WKHNPFT3
CKN73RLL
LHKYCW3P
Y7YLCH74
YRHXXLXY
3TE4T7T9
3YMNA3CE
F4C4XTKH
F39LALPE
9NXTEW9A
XXWLHRHN
YMCY3NFK
XTMC77Y4
WR79TCMK
4FNYLMHH
CCN3A9AW
MYPWREAY
CE4M4L7H
MRW4HWHK
RA97WHXK
W7N3MW4L
E9XNPM4T
PC3KNYLF
YXXRYRCC
EPYAH43L
PHW4M7KK
YYH7AW4K
WN97MTL9
PEAWRR7R
CWHMARY9
RHR3W4X7
HC973EHM
YA7LKCLR
F9MNHNFM
XAEP3T74
RCFXMX3K
3E4YW43H
LEEH33RA
HCLYFNCT
M4PY3EXC
7K77AA9X
44EP74EH
YYP9FRMA
KL44CPXP
XH4PKLP4
WRFNC9KT
K7337PAY
YPMAHR9W
KXLPKE49
X74FLRRA
XPYEFTAC
C7Y4X3K9
3FWHT3FC
CTRPMYE3
T3TN399E
7EPLHRH9
XMR73CCX
9CWXRFE4
RYERHCPT
3WE4H9K9
XLARMMFP
RLFWN7PH
49AK3R73
Y7AL7W34
KTTWRRXC
KECLNYTT
LY9RALYL
4LYFTWPW
WY9X9RFX
E4T9XMR3
NLP9FK77
4WXXC4PA
CHKH74L7
4ARAXLMW
7AWKKRTF
CMART9LM
LXCMWTNW
3TNH7FX4
7HMTPLCA
LLP4MFXF
FAKAPMLK
W7RCPAME
YHTFH9C3
NHWY74TL
3PK3E343
MHCYAKPE
TH74PK3P
WP4YF3MW
3LTL39XA
3F3F4WLE
L4PNWEMY
FPT4HFMN
CREM99HR
XXTTPTWR
WPXMWRAA
TL74AYLM
37EX9XY4
RK4NT3LC
EA4ETRFP
MKLMATNC
RTFTRLNL
EKELYATW
77E493RH
APPECA9P
N37N4LFN
YELK7A9Y
A3NAYM7X
TMLKHTAH
WK77EYFR
F7AH474T
KACLMPK3
EM7N9HE9
RMYC77XL
Y3XHF3AM
PW9RFCL3
F9KXNRN9
3A47HFEX
NFXY3YMH
Y9ARTKWC
7Y4APF3A
FFR4FC9E
39WC3LP3
PCLCH3TY
CTNCTEFC
C3YF4ERH
7EP9E4KA
TFXKY7AW
3WAMMXTN
EPE4EMEE
43HTK4LP
X9N9CRAX
FNMALTE7
9NFANKNL
Y7N3KT9L
NKCYY3TE
CHFFEX4N
3XMFYLPC
HYTKXCY9
A3CW9H3M
AT3R9K9K
77ECT3EP
44YEHCNA
KLWCXA44
9W4FNPT7
3CERPPPC
NXKRTXC9
KPKF799H
YT4NLXTW
P7TYTP33
RHKAFMLL
FYPRXML7
PFHPYEXC
XRCPWLP4
XWNHTLCY
PHRTEA3F
RX7TEHAK
HX4XF97M
A9PHWWTM
4RFLMPT3
M7CW9R94
F34LFF9N
T9N7H3F7
KHF4M47N
AYYL7T7C
9KPRKKF4
K7TCEAMC
ELCNC9AW
4LRFE7YW
PCKPF7H4
XYNA7KPE
T7FLHWP9
NXTNHNTL
FW3HYKW7
CXANKACT
WLWM9TEC
LT99CNHC
PMT7F4YA
FCYCM37A
MRHLNF7Y
MNF4ANE4
LNRMAPAL
7YET4EMX
MNX9E994
9K99KPWH
4YP93TPA
NT4TL7NK
TX9R7FHT
XALNK77M
9CTLNC7H
RNA4H34W
3T7XTY9R
XM9MK7N7
EAK4NMNM
HCXLPH7L
M3CEENC4
EYFXAXNK
WCC9FMNC
RYXP9HKA
FA9RWMMY
T3CH9MPL
H7AYHKTE
XAKNYXHN
94WCYM4Y
KHAFTEML
WYK3WMP4
EKX3RART
497P7NNN
K337KWYT
HTEXCEAY
9PE777HT
F4YN7C49
PF39HCRH
P947NKPM
WMMYC7K4
FELWXTER
KAYATMFT
EWXWPFFF
4CPKMCP4
PE7L3YYP
RHMTH3FL
H3X39WYX
4ER7PP7K
YWFEH7PF
HLYEPKW9
MKPHWCR7
N7NXAANE
LTHLPNW7
4NRT3E3F
KRKYM347
LAHKCLRP
WHL9933M
7APKMLTP
7AMYAKAT
73TXFWCC
ARTP37KW
EWR4479K
MKNC3AKP
PK9MTAHL
XMTKN9AM
3MHYAPL7
4ENMT4WL
T9WT7FXM
FCPHC3CN
PENPECPF
3APRC3EN
EXLYM4WP
WNXCYLAM
YRYWLKAE
RTPR3EX4
KXMWKETN
YE3CLM79
FYFRNYLA
YM4HL3RY
H4RACETX
KXAH3WE4
9MK7KNEA
EF49R3LC
7MHFLHE9
FWHNAX3A
LMKCRP4R
Y9WAPFT4
94KKXKMA
TLYH7M43
77E7ANXM
EAMLC3PY
HMLKTXRX
XL3KWHYL
M7XR33Y7
T7M47WYR
FLCRKNPP
9TM3FTPL
TPENY9TC
A74ENT4K
Y3LKTELT
MCCTW3N3
9X3RYHPL
HWF3AL34
49EEWENK
LCH43AFT
3FNLWHAH
PLTWTAME
XFXXKYTL
XNLFK9HF
E4FRHEWN
3P7WEF3M
3L7FLEX7
EWFTM7X9
CTH3WAWN
KCA3T9CT
LFNH3XHC
AHKRTYA3
N3RW94L4
L3KPNPFN
HLP4MXKT
CH74LA79
FC7XL9XM
HHM9XL9T
WHHRTTAF
M7M74TLY
PMTMY7N4
FHXPKMAK
XCNT7AXR
7APMFFLH
R3NXLLHC
PX3RNFCX
TMTFPYHC
LAP997EP
MHEY99Y4
X777N7PT
PHMLMHRT
YCWENWCY
HM7CAA4A
PEPAKKA4
FX7PNXRX
3PYRHMH7
ATATNY4Y
EHY7YKP9
7TMXHRPF
4NWWHX3R
T3CK34WT
WRTEH4NC
HAPE97F7
PCK9NFAX
RMWRTHRF
M4KNRNRM
PPXELF3N
RN3AW4RR
AP3EHP7K
CEFMPNXR
HAYP4LKE
FMCTPCK4
K3PXPL74
XAXFMW7E
3TWTTK7C
34KWETRP
EHC7PTCH
AEHLFX3M
MLRCM3K9
KWCML99L
LRNLRALM
C9HXK3FK
PMHWL3LC
LWFM4LRH
RHAM7LW9
3CPLC9NC
CAW4WKRX
Y7PN7CAR
P3AW4WKH
CWFE9LCE
A4NE4M9K
9MWWPC3M
9RAX7NP7
AYENTCFN
C4WFW4AY
XRYEPFFL
LEC79EET
REARAN97
LMECAYYC
R7PYL73R
7EANTC4M
TCKPF9FN
RMNE39CX
7FAXRH9E
W77WC999
PL9RXNC9
MWT7NCFT
FMR7MRHY
4FLCC93K
FXKMYMW9
HA4HXNTR
T7E9THPN
HK33PN9F
NHNNYAA3
AFRLK7KK
CENLY939
XCFAN3AR
C3HXLXTE
CXX3KCLA
XL7RTM33
CY9MF94K
TPMYXF4H
3NPLMLPT
7M3NKWRH
N3LRCLME
HH4LM4A3
4CKRFTHP
E3RPC3ER
AEHL473R
97L4ELPH
TCFL3NF3
9KKWNMYN
LX9MKW3L
H3W7N4TM
3MFNNWTW
4PTW7FKL
WC499RLF
THYYCA9T
FLX9NT7H
4TCXWFTW
AHP3N3A7
HAKXFT4R
WTYARHC4
CXPPMPHR
C9P9WKPT
MCFECWN9
L3RCYFFK
CC7XRE4Y
MCRFK739
3HL49MCH
NFEKMWR9
HYFCYMYM
XAXAAF4W
P733YCPC
PX7P733A
ERR4L4C3
ET3THXRP
TWKXW479
AL77WFRX
KAYL9WT4
3RM9RNRH
TMF33LKP
XPFYNLLT
AK3TCPNN
EFTN9XH3
KWLFWHTP
P9TL7NWF
4RNHH77C
K3LE9YN3
993PWPPN
YE9FXYE3
9HFPNNRC
PE9A3AEX
XFXRMYMM
CR3YHF7P
KE3AN3TW
Y9RATLFM
YYECWA4M
M7TXMKWX
34NP3EFW
XR3XT47X
A33NAPK7
ER33EWC3
MLTFACKN
RCANHXAX
Y4XNRNE4
H9TWHFXE
T3X4KRY9
7AL7AFKE
WLRHFR97
9KATXYFT
F7L3FL97
T7FAY99A
R9NTCPET
RNCXRAXH
TMPAHER4
XFFNCC7T
ECLR4L7R
WLP4T9AX
EXNKRKLW
MPKWK3NM
RATFE3MT
PYX3FCNM
XK9AW73M
L4KK3KMF
334WKFYX
KH9KTKRE
AN43XNAN
YPCLM3WW
TYYHAECR
YPT9RANH
CL9KAECK
WYTAYXYY
T7LTHMR3
9RTKY7RM
KMN7N3MC
FKNM337Y
CRYH4A33
4MFWMRPE
XCE3KLX4
MXC3CKX3
NF7HY9CL
YC3A3LLN
HHC9AY9N
Y7ECRNL9
9PHNHTAR
XYAEXLFP
PXHYP3CW
PFK3K3AR
3E94FPTM
WF9AEP93
XMTPRRWY
K9YXWMX4
CXYXMXW9
CACPRC4R
XENWPYHM
NNEN4APY
AAP3HHW3
9WLPMMPT
KPL7CEFN
AKX4RHL9
7XY49WCC
9YPF7KHE
LFXPFWTL
FN4PK774
EN3XF3E3
9RKHRN7A
HMNMA4NK
WTYX3HH4
RRCM3HXY
EACX4R4F
LM4M3WNK
MC39NPTN
LCK9PCEW
E4KKEA9P
L9EKRTWT
CHKC4NFC
4YHN3TTL
WY4CL3ET
WL4XMAPC
CHMXCF4Y
RLAHPNFX
CL4FLM9W
EEMECL7L
M7NCT44F
7XF9C9CH
4TXTAE7W
7R9YLHWH
TR4WTPTF
TLKLWX47
T79PFLHT
YW7PWWWL
CKY7A3HE
9N993ETF
MNNN9P33
NK9KC7AW
YHYAN4WF
7FWPXMFL
399CNE37
H77WEFYK
M4H3YYNY
NFMCXYHM
NWK7ENCR
CTYRTM9C
9T9XT7RT
4RM9CY7M
M9LAXCT3
KCEYKXHT
CAL7CXAT
HFY9A3EE
H9ANFHPX
NTYRFAY7
3EM9CMFP
93PAC3YX
ELFA7KW3
X7Y3LWFK
9TFXYYY3
AANY4W9C
7LFC73YC
ATEP973W
E3XYLA9R
9HNRA77Y
TTYXN433
MMTHN74X
HLRHWHKP
3PRPYAAE
TR7KA777
A3MRERAX
TYHNYFKE
FNHX4CR9
HCMFP3LT
YNWMMWXR
CM7AX9W4
YNNTT4EA
77ERKF34
XEX3YEMF
MLYX7PH9
PCPEHNAF
93HYHLTN
EM4TY3HA
PW7YNAAX
KF4HMXAT
XMCPRELA
RN7L4K9R
NNRLYEWX
EPPHNW79
LH93ERTK
YY7RHYNK
LNE44K4N
KY7XXREA
77CRH9LT
KNTAF3LW
MTLA97R3
3N34P9YN
W9CRAKXM
W7YAMPMY
CYF9HEEE
3HLRFAHA
RLTMWELT
EKNKAM9C
CY34FWYY
WHFFPMFC
H9LM3NHX
3TCH3MPT
EX37FKPL
YTTENT9C
YXX9F94M
3EKXKEHA
HANLH3FT
MERR3FEA
CXRFCRXW
TCPRPNLA
YT9HXH49
AMA37RW9
YAX37XM7
93E7EK4E
K9HMNYFX
FCXP7LPX
YAPEXFR9
499NT4FE
HMFPWW7R
KTXMAEP3
HXF47PAN
KEMX7WCC
CWLNNRF7
KWLE7KXX
ARWCWMR3
73AYKNEN
NN9CAY94
YWHRXH9Y
YYFEE9LF
WF393HHK
NN37C73A
E9977HEW
T94AY79T
WTR4NNTC
3EY77YWK
Y3NHHEA3
PFPL4FHT
A9HYYCFC
7TLFYMMK
NT43344N
3WMLLMYM
9L9XFEYY
HWK3MLTF
HWXF7YW4
79AFC9MK
WXLM4MYW
4EPXFHTK
RP7MP4CM
XFP9WP4T
FL3MX4PX
MFHH4XRM
HPMEYLFC
WMFW3MNF
M4T9A9XN
MWXNX4C9
A4XYRH3E
WFWHAWHR
E3XEKT9A
MFLTF9WY
AYRCAHX4
FKTXT349
T9EE4LCW
W9LFTCWP
TLFTWE4K
39RLAEHC
LTMCHYCN
3ETA47HT
PRLHN9T7
TCELK79Y
NMXWRAW7
MX9HA9A4
FYXMLYFW
9XCTCYRY
XWYW73X3
L97LRTAX
3N3LRNW9
H9M3CLTF
YFYYLYLC
EKFWNKYA
HL4M7CPW
H49YW9XC
C7WP47M3
RYMAYCPF
EHCF7X9H
W3FCFY9T
A7FMRRFM
7A4CYWK3
PXERXYX4
3CXMF4X3
E3YAA94K
AWYXPKTE
WLLKXNLN
LWTRCE7Y
LKT4R7FK
LA3AT3XF
WRN4TTR4
EA4WML9X
PTRY43NT
AWPCLYMA
EMRLKNYK
FYHY9RP4
RF9YRE43
EEYAFLTA
TKYERLCR
7H4RK4T3
CNK9NLTT
4AEPX9WF
W3HPK7EY
XF43A9TE
3A433LKC
LHEPTCR3
7ATKT9P3
AY3ATP9F
T34R9PPK
H9RNRNKY
FW77MHT9
NM3XKHYY
CTCCH3F7
4WNX3KYF
AXTHT4ML
KRYCXXKH
YX7LKKNP
YYL4FH94
EFRNWTPY
NP34CKHR
FR4YFMRX
4Y4KPLYF
L3HWKP34
XLAXPNLK
4EWANKYC
TTTCR3KW
4ANXX7HH
RA3PLF99
PWWCTLLK
K94L4P93
TFPM9PWY
AKAYWEP4
4FL49YXA
WNERTAF3
YKP3YWLY
FWXYH3AK
79W3NHLL
YF39TH4Y
99FC33KH
3MAHKKWK
ACM4KYT7
YALXHMTL
43AWL9CK
EF3X3CLL
C7TAYKR7
4HMLRMW9
CA3NAARH
WC94HRAX
AWNKT4P3
EYXAPFNP
TNHW7M7W
7999HHTL
M7TLHTPL
3R4HCTMA
CTFKY7TL
AXHL3Y43
3XPEC34R
MWX7Y9LP
LXWWN4NW
KEFN939Y
NKX7NXRM
7474TFEP
FNYHNK4H
HFM4M37C
MLATHKHT
4YACFARE
H49TXKAX
AA7P3YCC
KHHCAFHW
ANYXK49X
EEY3KYW4
9Y7WRTMR
XKEFMKEF
HKREYY79
3PKEPFLY
HAL7RRWK
9CTKP33H
TYHEKCRA
XLEW7AWE
EKE4E7K7
KAAXL9CP
EHEAWT4X
PANWFPYC
4E3FMFAC
EP9APAYF
CAYWWW99
9PPCHXXF
NPYFY3H7
KLFYCT7N
HAXRPHRF
LXF7X34Y
7N4339Y3
33XRNP3N
4PCN7LY9
C3XTYK4H
ELHP4CYM
NAL3LW3Y
PCWNMKMA
XYFTWKMA
N4CHWTFW
PRW4FTYA
MRMNFFKL
99FEPKT7
NXL47394
LPEF3W43
3P9E94PA
3R99R374
R4P7ETKA
LC79EKKA
XPLRNW7H
YX9XANYK
L9M3YYCY
THAYW7WM
K4NEFX94
HKER7NTL
LAFA3NWK
4W93C7HN
WYC97WE9
PMA3H79E
XA4TP7YT
9EYWC79L
NRFNRH3Y
X39P9ANE
3N9WAMRR
XNAARXHY
LKRFMPWF
LPPXPXWR
MMX344NR
RE73RRKH
HE9LY3A3
A4RM3FFH
XYTA39F7
NRTXYNNN
A4NNEMAE
9337TLMF
KXAXRPMW
7YKAF9YC
7H4CYP7L
XNCEM7KM
FFT4RHN7
R4W7LTT7
7CCLCKHR
XAYKHHYK
N4F4ECMF
TAY47L74
H4W7E9KF
4LLRPMNY
77PY3TCH
HNWKEMWM
L7KNYX99
4MRWEML3
WPEWE9KY
CFYE34HP
RWR4Y3PY
9C3LFLPE
EHH3FEXW
H9WKKW97
KLFC3NEL
XNAW4NCX
NYPEEARA
NRWRNP9R
9K3NRC47
HAPLFPW4
3CRKKCY9
WYFX4NP4
7RYANRL9
F3W47TXF
MHTL7AEK
HNXY9KMN
HL479XMR
9M97XNFR
P77LYXAY
NXFFNTN3
CW933WM4
3XNFETR3
P9YYHRFC
YFF4FHPC
Y4MH9WWA
T4TCN77P
NXRKXMFK
3HHCC9TC
YPEYKATK
YRRXKXPR
NHXF4NKF
RX7PTR47
RNKYMF77
KLFP7P7L
XPF7XPK4
9FNWTTMA
LWMY77CW
KTXFNXXH
T9FX3LT3
LXNTMA7K
CA3EP9XE
CWXCA77T
4PPPYRFT
P33FRNP9
TRWR974C
Y3NLKW7N
HMF7WCPC
HKEMATX4
XYKK37MY
4LNAYCLM
7RMWAW94
WY4PTPXN
W47F44PP
AENMMTCN
PTCTL7XK
4KYLN733
34F49FHX
F3NWXRA3
4FXLAE9R
A9HYPA9Y
NTCT94A9
4L3T7NKW
M43ARNMC
XP49PLK4
7WRFFYT4
AM73YEC9
793EAL3W
MNTYYLPL
TCTKCY7X
AREPCM9W
93HYKECF
HALCHKEN
KK34PXKT
YPWHYMNK
LW7WK4AY
MNYFAWLH
KF93ECC9
NFFXKKT7
XYEX9EE7
LKHWTCKE
3FANMCHK
RF4KE4T9
TRLMRRN7
LARHTPNC
3APKT3CT
R47CRLTP
X9MPRCWX
4RYYT9FR
9ETP7ECT
MLKYLAA7
WLNRMTK3
FXRMYW7H
WEX79EPN
RCFKYFHX
3KL7NC93
LNXNFMXN
MM4FFFAX
CAFX4RCR
7M437RX3
Y4PYMHPK
X3YL7RXL
A97X9EHR
KYC7EM99
47YYP943
NNACEX4L
NRCPEKNC
NK4YC93N
XX3EPF3W
CL4MNRTL
YT4NHEHE
KPE3PETX
YFWMKW7F
YH9TE9L7
WA3NYXRR
NATMHWYP
WF3XWYHH
PAY9XFHY
7M4M44LL
4EF7A79W
CCRYMXLL
9AHRNR9E
CMXFFEF3
M4FRFT39
H7A4X7A7
THM7X4PX
WYT77APN
ARHMYXFM
RXXH9AEE
C4NXKHER
RAATC7EP
9N73YACE
WACMPPHP
KXXEM9LL
RXHPM7FE
N7NXNPCX
7XTN39AL
LWXHLC34
YNPHHYPX
77P9TPER
MXEXX4ER
WCFTTHEH
FPK4NNHX
3MMFNYME
MNN7WCYM
7FM9PF3P
T43NF7XH
FAN4FMH3
H4WLHPFX
WM4PA9LE
KEAW9HMF
P3C7WAMH
YAXLKKAX
AW9KFLFY
AAX7CHMF
HL7T9P4R
T4MNKY99
4WAEHHTC
WPFAHRWR
7HE4EKC3
T4TFMEA7
FWTKAMML
FPMFCR9W
HW4TEKHT
9WWWXW43
CA7RL4TK
Y7YNPL7A
T4CYLPW9
KFM7FETP
M47LNNHW
MENH9HW4
AC4XAMP7
N3TCCNXA
X49E7LK4
LC3CY49C
PRH4M9CN
9NKEYPLX
CAKKWPPC
TRFC73KK
XR7W3XYF
FN7MXRKY
FFM9FXCK
TT7WYLAY
WXRFMN97
YNPYNETF
AA9RMHC9
RNENHXC4
YLXY3E7C
XMAML3FT
TXMMXCNC
RRCC4YEC
4PMMTKCC
HFFCYXT7
9CWNMCNF
X3ETNAL9
P4XWKNMW
H3MPKENH
WKXLCFA9
4EHLL777
7ECC4KFF
FFAYRLKM
MYR4FNT3
MNFT4EW3
9CXFYLWT
MNHWMH79
FF4E7RMY
X3F7XKLF
L4TTNNMN
3P3CN33Y
3LH4MMLE
HY4PA97R
L7P439WH
4APKAKY4
NT3HFXYW
3XXEE7HY
CFCFKEMP
AYE4A7YK
CHHYLFAN
N4LY7P93
CX9MY39W
HP7CCNHR
399RF934
7MN7XKHP
ETCF3ET3
C9FFN497
7EECAPYH
C99XMNEL
FCN394NP
PEALEAMF
TWWY4PFH
3F74P3YH
KYNXRNCL
CH4LKP3X
XT7FREEP
3RPYXPC3
ETKHXF74
4XEE9XE9
74HN37XH
P9AECME4
EHARR4WL
LT7F37RT
XX79TPFR
PAML3FNP
AFFHRT4H
7NMMNEFW
LKEMH7PT
XACKCKKX
Y7T4TME9
FMNWNELN
PECKAK7M
KXAEWLNK
N773MPXX
7LA3EFWA
XYL4FWTW
YWC7XPH3
733Y3TE9
RCPPEAL7
XP7XXP9E
EXKLECK4
4AHLPPNF
MRXAAFE3
TAEFF7RP
7TY7F44E
9ENXKPPE
KAW4CCTE
WFN794LT
3TK7EYRM
7RLC7MLX
NLLPM47P
7HNNMPPA
7C4N379M
NN4LX4ME
RM3AR9WF
XRXWHN74
RELLYA3H
AXLNPREW
W9TPMYFK
CWK4A4YY
4W9N4AM9
KRAEP4PT
K43WYNTY
FMHY3MCE
TN9R9HWC
YP3R9WH4
KPF3XNTX
3PCNKC93
MXEP34FX
E9KRF37R
7WFTF7LK
TX99MMTW
WNLA9T9W
LHACHP9F
PHRPWTHW
4YRMMKPY
7RPHXNCN
HKTWXYEK
YWRFACKA
AK73NNLE
TWHWR7MC
R4A9RXLX
FMHTKEHA
NFWFHT7M
YXPRRXC4
TH4TMLPL
LN774H7C
PWMF9MNA
7EK7WM47
APMTCAHL
YT9X9CEC
KL9LEKCY
WTKFKW4N
R7X4XXCR
WMLKT34K
ALPNKTF9
T74LMCET
3C74YEYR
FRAYYWRX
TPWKWHXR
HW97RCW3
4TY9T7KF
PYHWT9F4
3XY3RTA7
AKLWP9YE
AX394TEN
7PFY9YFT
KLFPTLN7
PN9FPCLR
4PWRL7R9
HHW7KNWH
EW9MP7K7
CCXPEWLT
F4RCM3FX
7FTAKEFC
NNWTKTEM
CFXT33FP
YMC4P3YE
E9NXKLE3
KC9444WN
47REN4PR
7RN3LLW9
XCX3CYHA
CEWFCAAF
YXRLYFCR
3LH3CPPM
ATEHEHXX
9CCCM79F
3HX9T73F
YWTN7XHH
CC4MEYKK
EPC4TKWE
NXCT4CPC
LWTNA4E7
WH7H4FXT
M4434CP7
3RWNFLNF
RXXECTXM
93M3Y9RW
E7ERHWKM
LXY4FKXW
AMTRF3HE
YYATMF39
RWLNYE47
ELFPXCER
XWY3KYPC
FN33F4WL
TPYHKPFX
9FYPXMX4
AAH4LFRY
MACCEKF3
PE94MXAF
CRWLE3EA
PY7NE4NC
TA3REKWP
7LKALLPN
YCXWLC9H
KR9KTERK
HFYYYEK4
NFAXMTAR
W4C4EH44
CY4YYCLX
C3HTCEH3
LYWW9EHF
KFN9HNFL
CF4AEART
4RN49FRH
RYYKP444
MHH3YFYY
XXWRCRH9
RCW9WA3L
PALCM9AE
Y7KP4TL9
9PA7WWY4
TK7YWLCR
ACYL7P9R
THFKL7E3
K3HPPLXA
Y4CAPRPR
CWLXPK9H
NRXXECTH
A4ATMW9N
YXFC4PTA
NWCRWN7H
TKKN3KXH
PL3LHWWX
4AYM9X9T
XTR7F74T
NPHRXTEE
WWAYYHPH
T4REF9RF
KEPTNTMT
RWC7934P
YMRRHRML
9TM4HM3F
ENC4LLPC
RYNMHF7P
HAHHNF7C
4XFY9WFR
PAEWLMNK
RW4PWW4L
RLEFCNNN
KMFH7RW7
KE4K4KCX
3TF3AAWE
HALRYMYK
TAM7YRM7
XPXWRECX
LWH9NWMY
LMP9M37E
XWHAKC4C
HL37K7MN
KXWLLPA7
RR73RMLX
3AECPWLM
FLP4XL99
HWHXL4E4
KK73LNRN
C74NNYX9
X3PML4F9
PNNYAW4P
RT4ECWNF
KMYWLF9F
RATRHLLC
CACAMPMW
X339RERE
4L3RK94F
A9TCX7KL
ATWWK399
XWLKPCFY
LATF7CP9
FY9KEL4M
AERMNK7Y
37ETRWFY
9WYNPA7Y
HAWMP7NK
YWW7ECHX
W34CX3NP
HKLC4PHX
CXMERMMF
3KMHANF3
TW33EFMA
M4L4HAX9
YHE9MP4N
XF39LYXT
NX9M9MK7
39HLL7MY
R3X7PYEP
RTH4A3P4
ECXF7CTW
4P79F9N9
A77WEKWA
FCLR7YCC
FNMNLX7P
TLNC9MMC
EETXFNFT
MN9NLH4L
9LKCT9E9
FHPWCNH9
LPK9TF7R
7XTP97WM
LYLYMW7A
NNMCXTFX
AANAAMAE
KHCWPCX7
NX9YXYY7
TLN7HLR9
MX7AYAK4
4MYWPAEC
LXTCWAPX
FMNWN7H9
3MWLAKL7
4HRKT9CL
PKAHMT3A
R4C3499N
9LWMRW3R
HKLT4LRF
ME4MXWLT
93WWN7N3
CMKM4L9F
H3TH43KC
TCMPMMHW
CWW9TKRM
NNLFXAT9
CN9434YA
RCAELPRR
LNPC3CRN
TX37M4TX
NLLNHLRA
7AKR3AFY
4LFM4WEN
CMKEE9LX
RK7X9XHR
T7X3EXYP
PXL9MKLK
9MCTR3FY
NLNHKAKR
RE9KPNPA
YWKLPN7N
3RTHTTKC
HAWFF4MH
WC4R74XT
4FP4LLPE
FYMN43T4
TN3NYX3Y
4MTEW9KC
RFEET7K7
TNKREPL7
49MYTMKN
9RF4XMLR
FNWNFNMA
YK4TMHTK
X9CA3N3F
YLEPEWMN
T9H4KCE9
7KAKL37X
L9NEFCKE
TACXLHE7
9E99FYHK
E3HPK3TK
XXKAYYN3
H7CLR9TN
9H74YMW7
HC9L4HC7
W3XHLTPM
WCRA943H
YRFFXX9M
AR4RTMC3
YFKEHLPX
R9P9LCNR
WWW9A43W
XMCPFN9A
NNTN4WM9
7P7F794R
3HFAFTMC
9HCC99N4
799XM3T7
M3KXEREX
YTK44N3H
K9PW7ATW
F3R94LFA
TXFMCHLW
TRLANRFP
CHLWXKWM
MAHACX3N
NMKM7FMY
M9HNF3X9
MLAT3W9T
KXLXFM4A
KPTHTTRK
9NFRL4HR
EKNMM493
4R34CAYF
NXTY73XC
R3HYYAPW
TN99WLYL
EXYH4XR4
7REPMCAN
YEXLP4MN
KRK43HE3
ALH7APWA
NEEN9TE3
AY9AMFHE
RT3L4RPP
LTNL3A9K
PKKKAFWX
7RET43LX
K9FCM39E
CEC7HN9L
CTYFFF9F
E3XTRKYL
E773M7KX
X9PHMRMF
XAC7TC4M
3ETEEHKH
CHPELYAN
KEHCXERN
XNTHFXN7
EPRFFTAA
R4HX99HC
KLMNNF4K
4PHP3ENL
7PE4M47P
49H4HFLW
WMKTEAF4
RXLNENNK
39YK3H4E
T7E43NKA
7PYWC7X4
MERCA9CL
4N7L9WT4
WW3LLWEX
AEMWMAYT
N7PRXR93
3AAH794F
RL4RLKM9
PH7T9C93
C9P44KCR
74LXC7LR
HRXX733T
XA9RK9NT
ECP49EY7
NNM9PTYY
4NP3K9LT
3XLKL4NP
RPN3PCCM
RYF9LCK7
YYEK4L3M
4P3AYF3F
CE73EP4X
E39M7HWM
7RF7WKAH
EF9XAPKM
9NETNMEE
P3HAKC3Y
HNR3LHMM
4WXERFYT
C3LLHRM4
EN4KMEPL
MPFXTKRR
XA3LTCLY
CYENRPAC
L7K37AXE
97NXCMLM
HT4FENXF
WP3YATYE
ERTMPCHT
FA3E9PFL
7P7TLT9K
AWXMM9XN
W37YKRLP
7XFLXYRY
NA9F7ENE
LTHRNFYE
49K3RL49
7WXWTTNM
AKTMAFTF
LRPACW34
9KFPNKNR
YFWRAP4X
9N4FYPEA
XPKYWXPR
NHYF9HTH
N3RFAYFR
3E9PLKC4
XM7AMYXN
3KKTPXM4
R7HNLCMC
YEXWR4YL
KHX4FPCA
AHNNELX7
N9C7FPYA
ALKAR9XA
H73L4E3F
CY4PCM7W
ETY4TY43
TNYH4WLA
ECK4MKN3
MLNEYPWP
HYPK7XC7
YLCXLWRE
LNHMXYKE
AE3K97FY
F47YMXAL
XX4PN4EW
ETTFWRFL
HE334FK7
3PXXNNRC
NYHPM49P
L9X4AX4C
4XF9EA39
RKNCF4RK
PMTFXN4R
MAC4M9AH
NWWXHWNA
473WX9T3
XR7RN3NA
TPLECRAT
EN77AHKX
P393M7KE
LW3K4YE9
K3L73YAE
MMWH4EMF
7WRLWT3R
KMX7XHRN
ACKFYMYK
PHHWMFW4
7RFAHXKN
F9WXPN3A
9WWRCHCL
YHNRXRP9
KRKMA3XT
YYR3R44F
RPNPN39H
A7PLP7TF
LMXNFYAM
99EXCYXR
XY4XNXYK
EFLFPCXW
YY9TXPA9
EM44XTPK
E94WXHY9
HNYYKY7K
NHPPY9KN
EEC7RWWA
LWTXPK9M
NHCTK3CR
374APAPW
XN74H9HY
C4FCKCYM
HA9LP3XA
CKPLMK9Y
P3XA7A9L
MCTCA43W
3TCEKNFL
XY4RWPWW
AHF439YN
H77LLK49
7TCT7TCW
CTLXKPMX
PNW79YNY
REEYKPEA
YH4K334C
4FYEFAAT
39ANWTNA
4KXRNX3L
9M7LWETC
NMRL7W9M
CYPWPPEL
EEFX4C4W
K4MK7FRK
FKMYNCFH
MCF7PYMY
YMRAYRPW
NC7NLFA3
METWTLH3
CMM43LYL
9TT3CY73
9WTMHKFL
7CH7FNKK
NTY49FCR
XWNF9FRW
7HNXWL7T
LR44PT7T
YXKH7HCK
RM9CKMLC
TTHXYLCE
TX79N4XA
XTEXLFLY
KLWYRP7E
Y3HTMA7A
FFK3K3NR
F3NRT7AK
4WMHHRWC
HRRA9TKP
RTW43HTF
3HRN73RM
WRLMCF9Y
P9MERLW3
9K99H9CW
WELWKM3H
AFR9K9TW
XYEF4AR4
9RMRR9KP
RXFYXNFH
AMWWNANF
N74HAXHT
XTNFKAN9
CFCFR9P4
TC3FTFWM
XFPTWLEK
C7LLRM74
N494NX4M
CNXHMWTL
W9MPNLCC
PRRXWHCL
YWFNXT4P
947MFY9F
RNR4CHFN
3CXYPECH
X4ETETE4
CEWWETWA
CNN9R3AA
PLRPWHLT
NRTEPEWK
X9CHAXRF
3CHFHYMN
CLE4EMTA
F7HYALEP
WCK4HAYE
P3CMXCF7
3KAAMPWF
HL3CHWTF
TNACTPHL
MMCTK7AK
C7Y7YNKK
XLL97Y9K
CE3CCX4Y
NAFCLNEN
LMMXX7LL
R7N4HL7H
LFHHCXC7
FTY4LRYF
RP93HARH
9KMYRKKR
4K9X49XM
TALL4TL9
KKTA7LMN
M9FW7AH3
Y9XTNY7M
ACET7HA9
WHEL7WWL
H74NACXR
4T9EEPLT
ANAYFY7K
M7METCKA
WHEXFE4P
RENNTWCH
4MEPT4AN
YPP3LWXT
LLRT3K34
X9CX79WH
343MLHH9
3APTMEMY
9HEYMNYF
7WFELYAK
PPYXNHFW
RLNEE9PX
MTMWR37P
FRH74AWW
NLTPEN3A
9H3WM7NM
FWKK4AEE
FTYRENCW
FT4L3NFC
H4LWPTA7
A7M9K7YM
MNAT4TEM
H9PFAWNE
93NPWLPX
733WCFK7
PWYPX43P
CEE7AXCA
7PKY9P4L
RE9RH74Y
FTCHCMLE
FC4LX94H
KRAFLRHP
M9FELXNR
LAWTRRKL
XF43XMLC
HT74LFPA
YKLFM7AM
FNMHCPAP
AXWKKYPY
EYC3FMHR
MTLPYRXX
XNW9LCFW
HXYAYHLA
MYW7AF3P
A9T997EK
AK3WN7KW
KPFWNRLY
LRAYHLPE
NRCX4RLY
9KP4PRFL
E9W4TP47
Y9M3AFM7
LHTWMTMW
TLWTXEER
A7L9HLTK
C44RLEKT
NFP4WMMM
F3YL39HR
P7HMH9Y9
7RAN4FHH
3Y7XH33F
7NRR37RP
KKNN4FFC
HW7KE47C
FTEXNX9L
AYXPHNRK
W7FFPTWC
R9KX9TLH
YAEPXC74
Y9RH4NF4
WAK9TH7H
KWA49WEN
FL9LR4AR
MRCARNYY
EL7WEE4R
9WFEA44C
9T7PTA4E
T4C7WE9X
C9NEPFX7
CWCRTY9C
KCN4XLRY
YXR7AETK
AA7ELXYA
XNLMAF39
NCEXTL9P
3KLF7LP4
ELT4P3FX
TPW9KFF3
RXFT4E7E
LLEX9EFP
FFAR3X4H
MPXF7FNY
EMRRPR3F
KHEW99T4
LT4FT7MR
A73RKPTF
TWANMMWY
WTEEEKAK
PTNLW9FL
NTHHRNEN
YTWW3HE7
PNEEWXP3
XHN34ENR
CMTAC4C4
T7TNLW9X
947W4KPA
4P3THH9E
ETFLXFHK
NWY73PT3
TPC44NWP
4FF9C9YE
M3TNXR9P
WWLERKYX
WYNELX4H
PRYM9WX4
3WM7YLLT
R79A4Y7M
NFP43XTH
H3PHFPNM
FNNFN49A
K9P3NXYH
YARY9HR3
WETCXHF4
NNH3KHMP
CWFPFNYY
PKWWKEWH
N9TR9EFF
NHPPKHP4
MLCTF9NC
RRTNYYLX
HNPKC3LY
A4477T7K
4LNTX4TP
KENY3HHM
9LAA7H43
RKPHYM9H
MAMHPRHX
394R4Y4H
WHPW3RC3
9EHY77L9
CKNHNPPP
M3RKWA37
HC3MNP9R
C4PHE4AR
P4EXCN3F
XTL4EYAM
ECXPK7L9
YMXPTWKA
NFTR4WME
KL9C7X7X
KKF93EYH
ERCRC4L3
FPEA3LHK
W9PNALA9
RLH47FWP
NAXKHN4C
LREMLMFN
NN349HPC
RHMCLN9A
YRT3R9KF
NTWFRHAN
FX7TXTK9
7NW4CN4X
3CNAAPWM
LEA3MRCY
MCXTEKPL
T9MHXYWR
YA3LHTXX
94FTF7N7
TLMPNCFP
7N9MF9PL
9E3WTKXF
4RKPM7LA
4MYP9TTT
CLA7N3C4
F3C47PLK
4KKAA3R4
9K7HNRKR
T7TXYKYR
N9C3FTWC
CMCK4CPY
H97LF4CC
ATKPLRW7
3HF73MYT
RX34PPP3
AX77XYRC
RY3WWTWE
WWTF7K4C
WME73N73
TH9EHYNP
TFNAXPPP
7FTFECRE
9EFRRNXX
YMY3AKKF
LYN7WXCK
RR3X79AA
NPKLPPX3
3KX9E74E
RC9HAKEC
4FLNNLNT
RY79RYFM
7E9APXWM
94MRWWYH
AXNLNMN3
377AYE4N
WCEE9AER
MYCLNALT
37P9T9L7
T97PHP9F
RMHYCPTY
3LN9MK4X
AP3L7KTR
NWXAKPKH
YWECLEWM
AECFC4NP
LHKALR4X
NLN7AN4P
MCYR74Y4
KARE9FYE
R7YH93LW
KTW4FX7Y
MEXXFR7T
LM3MKRTN
TKTLFEP7
XHKTERT4
PKAL4WXL
T9ME7MRM
MR7PNHK3
MA7L4PY9
XYKLNM97
7EHYC43X
XNNTWYXY
WAC9TPWL
TXFYM9TM
EYCH3W9Y
X7WAEN4X
H3KYNC7T
NENKYMEP
HKTT3E9F
LFTEHHX9
CL9WANLA
YFMMKMKT
RWNFRYPX
9KK4WATX
39MWFMKA
KEXRFCFR
CACPWTKC
3K3MYM9L
ET74C99Y
9E9PERWK
F7LRL9HF
LTFRFYR3
FNW4PTRR
WKANR4PF
EH397PF3
AT9P7WK3
PPCXENAR
9X49X4CM
MYK7MLCT
34X7EEFE
A47ENHLX
RPANCYP9
47RR3ACT
YMMFX9EM
XXT37AA3
CNYTKAW3
XYPRHC3A
KF4KC7KP
N4RAFM93
XNEKW49X
Y7WFARL3
WY7WNKTA
MW4F47KL
WFK9KE7W
3RNHWNT3
RKWXWE4Y
3MK4FRW7
4FEKKLWH
4NX9H9CF
EC93WLKM
NPHTLCK3
XTRTLWRP
4KL4WC9H
H7LTPHCX
TRMXA3FF
EKWYKNTY
FTLTAAKE
PNHFMATW
NWF44KEK
R9LTCT9M
R9HYT7KT
XXKEN9FL
LNRCPMW4
CKYEE7HC
3NFENP4K
H7YCFK7K
3MTPP4HC
TPMNXRXX
FACLETA7
YR3PHK3L
KMC3HXT9
MACXHAP9
NEYXYH7W
EYCYKCA3
E474YMNW
EHKXWTL7
N3LRXLLX
HYRALRF4
T3RXTMMN
PTLL44YP
FL3RAW4C
XE9TKHEF
WHTRWCNN
4FWE7LPC
WY3XEAXN
XLNCAL4H
7ARNW3HR
YL3Y9A3F
44YKN49H
MHATRKXE
EXWHYMYE
RC44FC4A
H37TNA74
CELEEEFY
WPRFEXMH
W9P7LNHE
RNPEARXL
KCWEMXR3
PK3X3CYL
L3WH93XN
W9NX7MNC
YTLTX4X3
99XNLWMX
7PL4HXLF
L9K93AXN
L3XHW4KR
FHX9XLEE
REFM4W3L
KXMYFCWH
YHA9F7HN
Y9PANM4A
7AKARXFW
ALMMMCCR
K3LWFTXF
9FHLCYXH
47MFEF3K
L9KFHRF7
AYCFK93F
4LCLWTYL
9W74NRFM
KMLPH7HF
7T3RL9NW
K9XLLWNM
EFTE4CP7
XYWEMC3Y
ALYCWLRC
KTWT9PCC
C9X4YXK4
TR4P7KXP
PCXL7WLY
793CTM4Y
WKXNYLR4
4WAWFWH9
YN97AK9W
MWA7PHPN
MLCCNNLN
TH4MWE9L
WTNWLKCN
EH7NXAET
HA3HPW34
3W443HCL
3PF7NFWF
THCXR9PN
HXEEPF9L
R7NCCW34
34AC7CHR
FXL7NK39
F7C3YET7
HH3CFYER
33793MWN
LAL799M9
3LLW37L3
PXHLCHLE
R99WX4EP
XK3KMPP3
KAY7L7E9
ME9HKTA7
WH9AMTTA
FKETLHXL
79F39LEE
LNFPPR7M
ER377NXW
PKACC7KM
P7KWPH9L
A44CLCYA
9FX9ELWW
9CPKXHX3
44APTWHY
LH943YWW
9WL3R9WW
AYTERH9T
4TACWAMY
YXANAMH4
KXP3KWRW
L37R3EET
Y9EHX9CA
FPFL7HEF
XTNKHRTL
4P3M7YLF
TYFLWNRM
3CW33MPX
MNAYT7NY
7Y7TLA3P
EF4FNH79
KFWY4L7Y
E3NC39MN
3WCFHL3P
9ATWRKEE
A4X4E7K7
3LYM77PC
PR4RW7XC
AELEKPAX
73HPNTNA
FH34PPN4
3YRRRTML
3RTRYWWE
CKY394AH
L7N77L9L
KLCCWFWF
FFEKATNT
NRWHM7YE
CXKWL7W4
9XX3C473
MRERRTTR
3LYKRR33
NLWX9ELF
N77X4399
CPKHNLML
EL47NHRP
CNWMAM9F
E97FFTE9
Y4RE4RY7
P437KWNX
KTAN9P9C
7PFCXXXP
WYXWR9RY
CTP7FHFF
TKLXFX4W
T9W3LKY3
XFYYYYMF
LXAEEN3L
MXMRRA9T
MCKMXECL
Y9RCX9LX
3T9P3T9M
TFYAWT3P
7WRMF4A9
CPMNH9R4
RPKKFTRA
NNCP9YW7
RMRPMKRE
LYYLY7Y9
A4AXRMAK
4RT93CTL
7EKEY3E9
93ELYNKK
ELAHRYFL
LHWXNAW4
THREHW9M
RRRCX3Y7
NEKW4R3W
PYYHXRAW
MKAECYEY
TFNF9RYP
9RHYCXHF
4M9EERC3
PYW99R47
F34WR3RX
MCE7M9XT
4CTAANMM
TMWK434F
PYWHE79M
XAHH7FRE
NH4P7TH9
PMYXCEKM
EHRCKCMY
PAHAKTLN
PPWTY4A7
CPYPEWKR
7TNKXYYT
NYMXP9KW
YL7YH39H
CKFML4E4
CRP9WNTX
9TN99LN7
CTTFHXKE
XFPEHPNE
EHF4374T
NNTEC7PH
TLT79RNA
RAHTX7AL
HETCNEXF
FFAW9X4M
YXLYPXY9
T9C4N3LT
K3L7CFXC
9T3C4NXP
M3R79PTA
PLNMAETF
KAH3CEPX
FX4L99RH
C4NTLTRN
LXYN4WLC
7PAL9Y7Y
F7RN3NTP
T4XHWK9C
LNAM9PMK
7MXRMPMY
9PRECERR
NC7C7HWA
MTNHHLFY
EMEME4R9
TC7AMR3T
7A4MMWWR
MRKAKY43
EHWYT73R
H7A7NTTH
FPHFEMXM
YXYACWXN
994FHXKM
XPF3KWLE
P7YMWETM
PTEMRXE9
TWF4A7EL
Y47WPW3L
TKHNYCY7
FYTWNLMN
XAMH9MPF
HRATW7WM
MYXHFLTL
9AY3E7CH
7P9KH3NX
YR7YKNPX
HNAHP4NT
LPHTH79N
EK7HXNWY
NM3XX739
XAE4TAT3
C7E9X7PW
9EL9XRY4
TRMN4CFF
KX9NC3WY
NLMXHFPH
PCL4EMPY
CLNTATW9
N3NXPCRH
WPK3KRWT
XLREWCNK
RFCLRNE7
TX3K9W4X
RMPFXCEK
44LWEAPY
A3PY7A9H
TNEKCCFY
7CY3MY3E
MNLW437T
99ER7CPW
CAFKFM3L
33MH4AFE
TCW97MEP
K7PN7LC9
R7KH4LY9
XHMH4FTT
PA34KNMX
PMMXMT4N
9XN7Y44R
TXX4WRN4
KM7AEYM3
EHP7CNFY
7W9TH3LC
NH73WEHW
7KRWEXHP
REFATKXA
CN7MWTR9
MYT4X4WA
94FPPYP3
EL7YKLKC
7K4399TN
EWXMRXRT
FR33MY49
RTPXYAT4
4RTELEWA
YMTWF7C4
R4LTX37Y
ACRE9X3A
P9X3MK4X
A9NA3XC3
NM9NHANW
PM3LYM7E
RRLETY79
HCWT3Y9P
LPKWTHY7
KL3ETK39
H3YFA3WX
YWY4XFPY
7WAL9PRL
PMKHMXLK
CLPL7FTW
EX7ATAN7
WCXLH4LM
LPNPXYRX
YFYWKHR9
9THRTN79
H9XPXXLP
R97L7XE4
CMEFN9RH
TL9NHLX9
CAXC7KLH
XHFRMTKH
MNPHTM4R
P9YCATRT
LNR4CCEE
CRYWN9HM
APHCPTCW
3EPL7K7K
HA9XA7WF
HLNPYH3X
A9KN4LAH
MEKCYY7X
T9Y9ACY9
TE9RX7N7
HLWL9CNE
APKTMFP4
MMNKKX9A
K4KPHXY9
7W3FT4TL
LFERH7WL
4Y7NWMA4
E79C3MNF
RANKRMHA
APA3M4YT
TEHRPEFT
C7LF7H33
EEPFHHYK
KFRP7F49
3R3MLMN7
FA4HHTCY
444KYFHP
K7N9M7H9
XHNPHRWW
93Y4PRHL
ENAHWMAN
97FXX3TA
K94C4CKE
EKTLPA43
H9XCET3P
FM93MT7F
LP44NFKM
TTA3NK4C
7AWXF349
T3PCRRKA
3WLPMAHN
9RERAHXP
NMA97TLM
KHAPW4MM
CNTN3YP4
FYLWWN7K
HAPFP7RM
F4N3ANTH
RMTMTAW7
PC3WEXTR
ACXAAKXW
YPAPFL9W
YXK9KMTP
RWLRXPWP
P4MWCXRX
CFK9RW7L
FPNTKRLC
T7AK74TH
4RLX9C4K
RAFMNTMW
WPCNHA7T
MAC73XMW
LKMAML7C
XKHLF3ME
KTK43LWW
NCXAAXRE
PEYHC7AN
7FHELHXK
K3LHF9XE
RN9M4WMN
Y7PF73MY
NF3WECWY
YLF3LP4K
H94H3WLK
HXCR3AKX
FCFEP9YM
PAFWMH3L
EWP4AMC3
4M9M3E3N
PT7FYNNW
LEFXPKTW
TNT7FN9C
LXMPFFCK
ET93CCFC
H3KHWLAF
F4LWXPC3
79W9RNFN
EW3RX3AY
MKN49FNY
74KYAHYA
3WLYX4NC
EYNLCW33
KTEXE4RK
Y4XYH3EK
WPC43WAP
T3NMCWHK
LYXRKCW4
FLKWC7WN
WMLW3ATY
NEWMTNXN
R4WKAKAE
RRTXEYEE
KWE3XTMN
CH9FEFRC
PKME3P3M
XEWAEF4C
LPNMA4KN
YKELEFC7
YC7C34KW
K47FTAEW
XMETYW93
3P4A79Y3
KYL3Y7XX
X4WHCAC4
4T7YN4HW
7HWHH4A7
L93PT4RH
N3P7RNRM
YTWT4CAA
MEX3RXKE
R4R7KLN9
N3CTRE9H
4EHHMA99
W3R4TFYH
3MM7TNL7
XTWMYHXN
A9LRCMHP
XCLKKXTE
PMFTHXTL
34LTNAWN
N3RLC9Y9
H7HN3EMH
MHRCHPKY
Y7K3H7LM
FH4PTTWK
MN7HRTNT
LR3N4PAF
3T49KWXF
LCKK9WEH
HWY4L79R
C4K94YRA
CERTYAE4
YH3RACRX
FCEKFMRC
RCCFY39W
RXEYYNPR
MKER7HCK
WACMN9HT
9TTM9C4K
3PYWHF47
KEA7MMNT
PYCHFFWP
KTEKCH9K
LLWNFKTH
T4TRNP9A
FPCRPYE7
TMXPK7KC
YKL3YYNL
YC3R4HAF
HPM4HN3A
XLK9REM3
RAFCXKP4
HFCW7EP3
493H3RW3
9XTNCPYR
A9LLY4NP
CKKKFMAL
FCY4NTNP
MYXTA493
EYHXH777
XCT3CLCX
NE9X9AHL
FWLAXXKY
4RYE7NA9
4XHML4RK
ATHX4HMY
4YM4EFXR
LER9FHWT
WPKY7TAR
YCCXR3TK
97TCW9YX
YNXFLTY4
EHCFREFW
E49E4WTF
N37XTRR4
CR9WMFXC
RAPPLATM
RN73WERA
KFXFKK73
7YLFYLMA
KATRHLLT
CCA7HPAC
PYFTPEFP
NENFFCLX
F7YFF44A
EP9YFFPE
3RY9FPTW
MKTENEH9
PTF4KMH3
4TR94XFY
EECX9FNW
9HWRLYXA
MHM999XH
7R3TRA39
R9RPK9NC
LP3RHK9P
XEHPRFLM
H979X7WX
FATRP39H
7MMXT43M
4EEWWTCK
TFXWYFTP
E7NPCETA
XK4H9MYP
R3KLXFKP
TYFYN4AC
EWRK9ALK
P9CRMWNF
49AMALWC
E3MKCCLW
994EPAA7
3FCEET9M
TFAFFAWE
AAHMFRRX
XR33XHEY
TPWK3XLT
7EEYPHXH
PE33P779
79XRHKEP
YW7ER7YM
E7M4R49M
WYW4EF4P
9XHPTL7F
PTFKLPHK
K4XHM3CK
4NTR943L
MWAXT7WL
LXPP4NKW
4E9LRKP7
MHPNMAPM
4WAFRXC3
99XEXRWH
PX7TMYXM
NMPHME7E
FWF37CPY
PF9X4L3H
WNCY7XHW
3MKE4HXE
4REMFY3K
MF9R7CFC
ELC3KN37
PFY3THNN
WA394RFN
YNTCTT4E
TFTEWKAM
M3TLFPH9
XY9RARF7
CPKLHW7Y
3RATTTPN
99WKR73N
4MPEF7M4
7P9FY3CE
EXPKN4LL
EEKTEN99
3KLWR9A9
FHK3T4KH
C9E434YP
LNHHMFH7
7L4XLN7T
FM7LC4MM
WWP7CMT3
47TWW7LX
FXNYNRRY
4TLXNE9T
EFPYRKHH
PYC93NTF
LRFLFALX
4KM4WMWM
LW4CLRWL
FH44FYL9
TRYKCL4C
H4H9TWPL
F9TN7KTR
3CTFPKHF
R7YWCC4C
NNYF9TNX
H3CWL7XC
9LAPTALN
CE4E7PA9
NYH4R77Y
XKN7H9PL
47TANMR3
LXA7MW7K
LKC9MKRY
ETLTFRFM
TWFA9XCF
TLCFK3CR
7ENXMEAH
R7PMMFCR
N3PCNMYA
EXYEYHMH
7XEXATMP
L3WRN4CL
79P3WXWP
7MAMFNW9
HCEKEXXW
YCXAT7HA
CF3CF9N3
9ECLRTFW
WM44TXYA
YR7XA3NX
FP7YYNRP
9FTWTA4Y
LKAML4ET
EPR7PX9W
NNNHC7PM
CK4CXCWK
LHFC33T9
W7H39AEH
WKLFAWMY
CPFLA3RL
AT4XWNWE
NA9XALKN
P3NTMMH9
74XRCFLH
RNNRP9EE
9M4XW4N9
YFPNRYLX
W7KTW4AP
TW7WW97Y
FYCHWHEH
ACAHCMR4
9ARERHXW
LA7W7KXM
KWT7C3EX
MT4KLTPH
7RK4RFMK
M7RPHPRX
73L3FX3M
4WXCWF4K
WLK97EWY
F779TTKX
734MTMYW
HKAWYTFN
9H9NPR9T
KA3TKLR3
NFHCCP79
AA49N9FC
XAC3AKXW
MM3KWT9W
FWKAKXKW
ETK9FFE3
PYEYTX3C
FHT9K7CT
WMXF7XYX
ALCLE43M
3TT4MWM9
3HENATW4
RKY7CRPW
3ATR9WA3
NTF9NRXX
A9E9T7NL
YKYHFFEW
TPCMH9W9
ENTT4AFL
47NLXPHL
4MTP94CA
F3HMTWER
ANCMFTM9
CWMPKMKF
9E9NRHFE
YAFCXRT4
L9H7TC7H
7FTRLFCX
LLXKHAMT
3XHANCKE
7A47YRK4
FPRAYFCT
N4LN9REE
9LYC3PFX
4AR9WEE3
EFEYWKK9
E7M7RPX3
YRKPTY9P
9XYEFYYL
FTR74HHC
9RLXNRNN
NARNCHTF
49NMMMCM
MP39EY9T
HCTANRNW
3KMFMWT7
MNFMKLNP
W4PA47CY
RHP9RXYC
FKWHRNNX
K9E9CL73
EP9K39XA
4PYKY7FM
MCCHA9XT
T37RMAPN
YCEMRWHP
EYP93FNE
97CFXTWY
TE3YTKCF
HW4MRCMR
MT7T4RFW
43X7NMLY
HNYXC7X9
TWFTA3X3
3R74FLTY
EAKKXTPR
7A7X34K9
RCYH7HFH
4L4W44W9
NWYNK4LN
KMNWPYK7
7FY4FEAR
XHL7KPYE
7YRA3RR9
EPYPME97
YR7FWNH7
X4N4PNW4
ME4M3K7F
CNMH7CRP
F9YFL97Y
X4XL4K7F
7AWMFYLN
HPLL4KX4
A47HEWPA
WFHLNM7L
L3EKPCWR
WKL7TANA
A9YFYHMK
H9MHHP4E
3XPPF9MP
TXNCLEHC
4473MMEM
AHFHMAE9
L7KH3TWE
T9C93REL
WXHP3ENN
CY93A4XH
TXN99WFR
7X97XF9T
N4APWHTE
XLR39FHY
FK9NHH7P
XHPPNMNY
9T7ERPRT
EFREKHNX
MEXW3APL
MFNYMWAW
TN9EH7X4
4XC749ET
3MC47K9A
3KPATPNA
KXFAF4KK
LWEKTWRY
73Y3XTHP
4C7NLHLH
HXMMHWLR
XMPAPHXL
9AKNPT9K
H9MKAWMR
E3NMXHFE
AHHX7PEX
CP9T9LXN
TEAWRCMH
T9R3RPEC
X7FFLFME
EWM4MNCT
HN4WMLEF
CCTLMK9P
WL97AHWY
W3CXKC3K
FTL4ETEP
YMR7TFA7
XWX9ENCE
C7MAN7EF
E3RTKL4R
RKY9FYFM
7TK49RY3
A34M9494
3L4Y3H9C
PYKCNNKA
HCKNFHWR
RTCNNCRW
XPHTNW37
PK3TFLFC
FCXEPYR3
WFNKRYMX
XCTARFCX
MF3TWCAN
PF7TPTF3
7HYYKNHX
PMHHERPW
LNNAKLAC
T37CT9YX
APXRWHT7
3KPLKRXL
P9WKMPKP
ALM94MTK
THNFNCP3
4HA3PMXF
3XP7C97L
RRPXFCCL
PFY4XPFY
944YFL7N
N3Y3MFLP
PC7KWNPF
CCAKCN7W
HCT9NNX9
HHNAMYNY
EACRFNAH
CPA7K3CF
MWCARNKR
99YKWNNX
34YMT4PL
TMPFNHTP
AWFYLH3C
LE9MMMR3
7CYKELEM
PH4WPHYY
47Y94LEA
AKLFY4Y4
XXEMKKTW
HTLW9EW7
XKT499HL
9TM3LC9R
4XP3METW
XPETWCWL
ETETHT9L
LHTTEL4A
CTPNHEYT
NKRXHKCL
EMW3CAKY
4ML7WNXK
RYX3F4XL
33A3RTR4
A3PXT4LA
NMFXX7PP
K499TFYY
39RR9ARC
KWTFW4NN
M37YL4AP
A9HNTAYC
L7FYLYEC
XLW4TARK
7PRMMKCM
9XRC7EAH
AF7HN4MM
NE43TTXH
WYP7EFR7
W9TN4TKT
APYFRMFR
CN9LPATK
MRYAP9P3
MXPA4CMM
PYNNPXW9
EMXTERH3
FEHR9E3F
L3EN4RAX
9LPPXLX4
TTNYFP93
XXRNW99Y
APH4RA3X
X3TCCHXC
97KF3FLN
H4W7FTPY
KXEXTXYW
WPPCMKYH
CKNLAKYT
Y9TAX9MX
CHRPNE47
WP3T7RM9
HLWWN9CY
KMYC33PW
WKL4CAHF
HPCPX4W9
43NHMX9M
P3XYM3AR
H4KCPX47
LKYPKLL7
LHKCENHP
PMPEKAE3
Y3FE9XYX
ALWXC3W3
HW3TYAHA
XAMHWKTE
Y7F4AER3
PA9LHWHN
WPAC7YM9
9WWYHN9A
XR3LR3A3
7A4XKCFM
T7CNRT44
Y3NAALAN
TFR4LHNH
R9EN4XCF
LCTEKPW4
N9M3XRXM
T33PPY4X
PW9ELMN7
47ELTEYW
T37PFF73
YXL99XMC
HY3H7MP9
MLE77AYP
3NLP4KAR
YWE3PCCE
KPMCK3LR
PMCY3XR9
RCPKLHLY
W9T9TKPC
KFWYRHEA
9HKPNFPA
EXEWPT4A
C7LYCCAR
F4NEF97X
3AYEP4CY
LLYL3MPN
KHNMTH9Y
CAACYEWP
YFRPNW3W
EK3LWKTP
YWC4RKH3
937RKLEA
WNC4WL97
CKMFPNH4
CEKLY97Y
WRHFH9EC
TNT3HAXT
9H33NNT7
FNKPRHWP
TH73KXCW
WKCWTK9A
TKY3EC9T
R3CKLN9T
4XKM7TCT
XEFL9TXH
4CEYEAKH
TK7WCWPA
WA9KNA9F
PTPH9FCW
CK3MFTKP
NWP7YPFR
XF3NWRYF
94EFN7LX
CWXW7P94
9LRCKTKX
KWFHHRFE
PEHRWAFT
P9RCLHE3
FR7RR439
E9WMAPXN
M349XHRX
N9RPPMPK
HYNEEX4L
T4W3FN3H
C7K3WCNM
NEW3C3E7
CYNWX73W
PAPLPH7E
KNK47LLF
HPAHYLEY
MCYHRX3M
YWMYE7WW
TL43NF77
EAPPC4A3
X4WYMHEN
37N7HFWY
RRYYC9AK
3KRNXRWP
PAXWXRRA
ARYAYP4X
HEPETYWA
ETF7WTY3
F9TWRXYE
CHWENE9W
X4M3AKAH
KPNLM9LF
NPECLC9X
PR3PTRY7
P9NT4LLN
F3L973KT
WW3FNEFL
MXNPC4RA
PPRPHTTY
M3FYTHLL
X7WPKFMK
FF3LANX4
MRXWPR7M
L9HNL3RN
9FXRMXYR
NFTWPCPR
W9TCEEA4
93H9MFM7
3XXMR39W
EAKLT4E7
3HLNPA3W
W7F4LPLR
CHCHHRXE
MLTKL4WX
T3CR473C
CR373M4T
MEWYFTYN
KXN3LT9A
AA97TMKL
MX7AXNMX
PMKPFMRH
CTAL3ATR
94PE4LF7
F44FCW3A
NT3TKHKR
9C3TL79L
F7P9ARCY
FP4EXT93
N3FNM4X7
9WL3YFCK
RXANXTEE
LFNFPT9Y
E9FMXHKW
H7LLC9N4
TEY9TANE
4CMRFNXW
FE4LWKY7
CLALF4XY
EXXPYT9Y
MC3FX3T4
N7MFCR9F
CLX9HR3M
AE7HPW7F
XM33XKXX
THLWLP4X
YTA4YMNK
LPXTX9P9
LTC4TE7N
EWP7RFYW
RPHWKN4P
3XLPFT3W
4FNCFPEF
94LYNWAW
NR3H3MLE
F7HANAXL
K3HW33LN
LRK74XEK
TETCHMHX
CXTKE3AC
WL7EMPCW
WNHLNHT4
3LKT9977
F7PEHEWF
LHFYKWXM
MWF4NLAC
E7HX9MWM
KCHHHYTN
MNER3CM7
4FLNR3W9
TY3H9YTR
TE4NEYYP
HTNEPCKY
TLYHNC9R
KLR4ERKP
AYHWNR9Y
33PPHWAE
WLTP9MMX
KY39CFAY
X9ECFMTH
T43AY4MN
LCC97CHA
T97PF9WN
YKFH9HEH
MWNMCWF3
HA4974YE
RK4973MW
RTTAL4HA
EAX7WEKK
KECYYW34
YMMYXCF9
C4ML9K3P
RHKK44YX
KX47XCNT
YTELPAFE
YNC3RK3P
RNY3TLRW
XAKHMF4R
3AMENH7R
9P79P7EY
HMHXTTEY
PA4WCLFR
7XH3WNH4
PAXHHWEY
7WARP3YT
KPLH9PYP
CK7CC9NY
TKHKFCCR
E4FNK7FW
CWWLC4KN
44HWHCFE
47C4TY3L
FMNEFFYF
AAA4CLHA
ATNAYW3P
TEXLPHTC
Y39PXEHY
93TF4WYP
AYLXAWCA
7NP9PLC3
N33R34TR
N7TPFTRL
RFLKT4CH
EH7PTN3M
LAC3KC9C
H7PAWCC9
FTYFYLPC
L9LNNACP
NXHCYAMA
ERYFLHWW
N3FA34KK
3LCP9CRK
YEX4YM7R
PPNKWYYY
9HWRRNN4
MCA4494H
Y99NRCNH
RXE4PWM3
KY4N979F
LM9XNHPE
LCPNC3X9
EP4CKAMX
YT4EETNE
ERY9MLX9
TWY9RMC3
HMTXFXCH
PKFLM4K7
EREFT4E7
LH3TY9MY
FXHXXXYH
AEYWFFL7
R9XKLCXH
3XXLYWC3
YMCRAE7H
P9TAYK4L
KKT3LWXH
N3HLPER7
H9XYLFRW
4NRKRH44
RL7PA3RL
A3W7FFPK
EKPTE3F9
4YHFFNLP
4YAL4977
3THECXCE
W9KTRF7R
W4PRR9XY
XFAXHAY7
P9AC3MHR
9L3YKMTA
HWXMXWP4
EXMARF7R
74T4MXTR
LMLF79LC
3WAWP7NP
7H9H4NLY
XA7T7HXM
4XMMEWWK
PFC7P3MN
37TPE4WN
WMPWPLWW
FFANN7FL
3CKN97RT
KAHML794
4TLK944H
XXL4NAXK
X9EYLWHN
YXERT4AN
ELPNAXTP
9MH4R4NM
MFP7NLRW
KRYH9NLX
7CPKNRAP
NKXC4ALT
LHL4W7WX
KLX7Y9T9
PWWHNTR7
TLXATXMY
7CEM9P47
YPXT34WC
CHCFFX99
KAKF7P7Y
7F49PMYK
7XH3L3TA
HMYAA9LR
CWCHFLXP
T7HY7R4K
33PFP73H
AL7F34K7
CPWERCAP
CHCEFKW3
9MET7MMW
WAW73773
ENEF9M49
WC9R397X
33KN7LRH
4XTTW99R
XYET443R
9NC9NY7K
4NFCW43A
9L7MA3T4
RRMFENCC
LT9FNW73
LN7C7NLR
3C9CPFN9
HYH49EN9
4C7RNRKM
L47KYK3M
MH4KYNYM
AYN9K7AT
T74YWCRL
9C999F49
AFECKETX
3EEKW479
YHCFXMAK
3TANTYMH
TPWRALEW
KAKC4WFH
7KR4NNWW
M9AE4CF9
HKTNWNYE
47CRWN7C
CNK47N9Y
HCAN9T3M
7TLPLFNM
PK3CTYX7
PCC9NEET
K34YKRKH
MWF9WWLL
ELCYEKAH
HLMEENRY
XMYTMWTW
KA3HLKEE
NNWH9LRX
T7N37TNL
M74WFRWX
MWALFM3H
AKYLPMKR
XNKKLCXL
LMWY4RH7
XPRK4RYR
E9R7HERR
RLAEY9LA
XL3AYF9P
3MKP3CXC
PLRL7WP3
EEHP7FN4
4PCNMLCY
LFCEXYW9
F4LEEHLH
PT3R4N3X
REYP4WFT
PXCNM7C9
WYX3K9NK
T4H3L9C9
RNN3MW73
9PY4YT9E
NRF9RWCW
MHLHTKAP
TWRKTN4T
MYC3WEX3
4A9AAE44
WTLAP3F4
PX7AR9Y7
KMPYYPR4
WL9HP4H9
CCWPE999
EHFR99YY
TR4NT73N
K7N4CNMN
N337WNMT
CXNYX9TR
AP9NXRK7
MWTTRPHP
YMYPHE3H
HFP4WXCW
EAEFCHEM
M3K9R4WC
9RPHY74A
7KLLLRRH
CCNHARWH
CPAMYFC4
X77E9WNE
FM9R4YLY
PRWNCY3M
LXA4RLMF
TETR7FL4
M4F4X9KR
MLYEHR94
94YHKWFW
MFTLCAX9
RR9LY77W
TKM3NECP
HXXC3X9R
HP9E3PX9
LMK3XXKX
HRF4YLXK
CTTRWHYY
ERKYYFNE
REPAHLEH
PHXRE347
NTRKWLAR
K7KKKEKA
N9EH7E9K
MHYH3TRW
CXNRRE4E
PFHXP37R
CW4RCKKA
E9WLXRKX
AEK7NLWT
4EFLXEFT
NL734NHM
LNT3PNRK
9EA4WFYW
AWRKE33C
CP3X3EL4
CRCCW37H
L3MM4ECR
XNNCTYRH
3FYMFPEY
XY3YA4KP
YR7NYRHC
M7YC4AC3
MXF7AXCK
47TYX9WP
R7XXHWW9
W9HCT43W
M79H4RTN
WTK7TNWC
RPHYEFCH
MMLF37FF
9NAWFCN3
WRKT4479
MYHXWAK7
RFRNHXWE
RCMCHKTF
N94RFE3C
RKPATYXM
3HXMNAE9
NA9WYT73
9C3YKTKT
PA4WM3CK
3C9N7R9F
EFFTNNR4
RAXLPLNC
ANXETE4K
4MF4MLP3
F7FH7MEY
L3E7C77W
HNMRNCLF
YR47NT9X
XPWA493Y
YRAKXPYY
A3MNTM4F
YCTFCNTX
FPK4LPTF
HA3FER39
L7Y7PX9R
YN4LH7PT
C3AMCC3X
WM4RN7NK
YC7WPRR4
CH74XAMC
WT3FERPX
CPW4RMWY
X4XKP3TN
YWHAMKEN
T9PNMXLW
X7FX379A
RERNKX97
4N9MP47L
WCC9E9PX
MMPLEE3P
NK9TAHNN
ATXFMHHL
FEA4WMYN
MCFX4HFM
9XAPNX3N
9CNPWMWE
YFMNEN4Y
74FH9ECC
3ALELMRY
PMYFC4WR
KH4YNLXN
EPWA7XE9
34TFFF4M
EWYAFK4N
3E4C7RFW
HAYCCA3E
NC9TWC4N
MMFMKLHM
AW4LYKXT
Y439E7CF
FPCEK4MF
FCNLA4ML
KMCRYWFL
LHE44WK4
MM9KEHK3
PXYMW9AM
W7YC39E3
M49FPCLC
PYF4RCRR
NYANKX4E
WW94KAAC
CKFRPTCH
3LYKMATN
CC9LHFAP
FYX9WHMN
FL3FKRW7
AYMYW943
FXMKY74A
NRMW9TL9
PHA3NK99
NEL3WKPT
NTY9HE4C
P7MKNEK9
KWR7HXHC
EWPPPFKW
NPWY9ARC
99YWA93E
HAEKKP4N
FKTNNP3E
E49K9HMT
YRANMC4E
RYY7X4YE
MXNPKENT
XTNXFWWF
FT7HPKRT
KNPT9YAK
FEARX3XH
CXN47ENF
3H3WYXWW
CNWXFM4H
LXF9PWHT
7NLTRKHR
7WLFATXM
F4YHEEMX
N7YNL4YW
PHCXP999
A3HYYFFR
4X43LTKN
WLNLR3CW
T3AH3H9N
T3L3KCCY
3Y3Y4AN3
NR3CRENC
MEETC4YR
TXWEW49Y
WMNYYP9F
9HMM9TEC
REMXEYW7
RW9KMNKY
YWA4HMFY
CNMT74WA
4TPYHLF7
LYWNMWYF
HKP3KXR3
HNCN7NT9
LYF9NKK9
94YHFL9X
C3YNPRK3
4NF79PNF
NW3PNCLT
7M3M4XNR
EAX9MC9T
KKCW39TN
RXA7Y3RM
ML3WMET4
CKLMMTWY
A99TLYNF
XXFPR747
F4LKXTHE
THWP3PEX
WWATFWL4
9FEF9M9L
PCKM3KNE
7XLC9A9K
LXC3KL3X
KMAM7A9L
WH7LEMTW
HAAYNA4N
CWYWHFPL
PM7MHNWN
RM9R3XWP
PLAYFR7A
F79PMEE4
7WMARF9Y
PCN7CML3
FWNMN3CE
K9HF3NHN
ANX3XEHL
XY37NHWE
A4K7WRWW
TT3TMEPT
K7KREMC3
7HRF33LF
C9MXLMYL
N9FXNWAC
CHALN3LN
AXHPERFC
FKL9949P
T4MAC79R
L339YENM
KM9NARFC
4LYFPHKC
Y93HWTXA
AYKTXMP3
L7MCX3W4
HMN9TMWY
WNCENNPN
YWFP7WK4
RKE4FRKX
Y73AERCM
CNHYFXAY
CHWMCYT9
HP7YCCKH
NHL7TKLN
WKM9C7AF
7YYFCC77
9MTPEKXT
LTMHYR7C
L4A7YE9T
HPNW3HTE
KLY9TWW3
M9T7TN3X
T3RNXMX9
RMP9HXWL
XAK3MPAP
X4MC7MCA
WMLRNALP
MWMRXMWC
37FP3ME7
4YR4YEWM
97393FFK
9HXXLH9K
FWY9ALE4
HP3K3YMY
HNFC4X39
XWTRCXMC
TLMHEYYP
ARWPRTCX
P47YWAAT
FL797EFH
TERL77WN
7FT3KATF
TAPENHMF
794RRLMY
F379RTEP
C474RAAX
CRLMME9A
3XTXYTNK
Y4PXR9ET
EP9C9EXC
MMNYAPXE
EPFWXWLN
RE34XPAK
CKN37T4M
CM7ENXTH
HCP7RWA9
AAFRPREY
K7XCWEHC
H34HL349
TYXCA4NY
NXTH4XFC
MPFMYYLP
K4RXKLLR
KYK3E9LL
L9FCK4YP
NEKRFRXC
ET94HLT3
WEARX7L9
4PFXERWL
HWEMFNMC
C3KCWCH9
PAK9WFCA
9L3FNRPL
HN9PCYNC
E7KKPEEN
EP7L4PXP
4XNACPWN
7NKT4PA3
PXEEXL9L
PYMWP3YA
9WKC9RW7
LK9R3YR9
W93C4RMT
4THRK3RH
HXCYEXKN
ANAMXXLM
9FENCWF7
RNCAH3HT
NAKANP7W
RA7HEX3H
X3YKTFPW
KPYNKANF
KK43Y33W
CWEFH9MY
34KK9TFK
CKRC73FH
XALFPXW4
Y3TX3PMN
KXMW9HYK
PFHHYKXW
7Y7KMNYF
RYEKR7HH
9KKCHCF4
F7YAXFMA
4NXFEWNT
HAMF9MNX
MWWWFRPC
FWLAP79N
HN4LRPXE
KXMYHCYC
XX3KW7TF
TTRERTWW
4HNX77T3
F4LMRPPE
EAEHC4XP
N3LYCKRN
NP47E4AR
FKXYYAAM
M4KLT9E3
PYPX4RT9
C4LL9MTM
9NLEAYWH
73H3NFCH
C3EMRCTY
A9NYRM3E
9MWCAWHW
K7ENLC33
PR7YY43X
9ETFPW9Y
FHNMAP4Y
RTX43H94
LREWKXXY
A7CLHANA
PHCL3AYK
LWCYARKX
FMA7XCEL
TRKHEK9P
7RPEAR3T
C7FNWAWC
ALR7HNEW
HFPHX4HP
TCKTC7P9
WTHXW9AT
WCXTKF4H
P93HYNPX
PYAPEX7H
P44EFEPY
XKTMCTRT
YN3MHFXP
PWECH43T
KWTNTXXM
LPHPE7CK
3TWWEKMT
EWCYKHMR
KLPH4MKR
74CXTLLH
9LYXRRT4
A7TFNKFX
TWEFRHT4
3P3PN3EH
XLH3RM4Y
NHX3CAE3
4HYCPXTM
9LY73Y4P
LN9ATY97
H939NLTW
APMKTCFC
PHEKLEKP
7ECCF7XT
KMYP3H74
YNPEN7ER
MT3ALWY9
HCPKK3CH
PA4CMR7W
PF4LLC4K
HPKM7NWL
HA3RFKAA
E9WLKMFL
MAE9ENY9
ERC3XELW
EMNCXCX9
4PTNA3N3
4L4WWE7C
CM4NYKH7
KL3YPMMN
39YLEN49
ERM39YRX
WTHFNNFN
AY3EWFRN
C4EFARFW
3M7KT9YX
MAYHLPFX
YFYHWLWR
MFXPLTTY
FRLTRPWN
9TKXFWP4
LPY7AYW9
AACPTTLT
Y9FFCX3F
LP3RCRME
YC9KATR9
YW3EXLP3
CRTTT49Y
HXMM3CEP
FC4EPYCM
KWFT94HH
4R7W7P9C
93YMTTT4
WTEFYMYF
4PLRLNYK
CCANA7XN
R4YXLYXC
4MAWY4CA
AFYY3WNY
FYFE47LW
YNXTHHLM
KY7FNNNR
EACC77E7
TALFWLFX
PM9YENPT
K3F7P9KP
KRWXTCPR
K3WX9PAE
PHYWARX4
TXPFRHAT
CTX94ECR
AEC3MN99
TXRTAAHL
C7WA37TN
REEMFFKY
MA9TMNAC
RCP94PLL
XAXYH4P3
7FW7NKRN
C9XKFACM
YWW77KN4
CX3R7NXA
TM794LHF
LPP7YAPE
4NPEEY4A
EPKFTLFM
RH9MP9TN
RCYMCFMT
YFWMPE4H
FC934ATR
EK477AAM
CMMRT3N7
HN9RRMT7
ER9YT7N3
9FYXYXK3
74LLLWRP
WFPN7YHR
9WHMEXNX
NHT7NMY7
3Y3MKLWP
XWNHYP74
PERWELEC
WCY3HNXM
EPEKWLKE
ALLRX3MM
M9YMLPA3
NX4PT49F
HPHYLRH4
ENAA3ET4
AHYARRM4
NK4MTHC7
PCC3R9KC
WWKHNFCK
TT9K3RE9
CRLRE4NH
KTWY4AE4
P9EFER9X
A3W4TNRN
4NHT9XLX
3CN74AY7
FKWNEA3C
TXNKRAKL
EAXCNYFT
RHA7KYWC
NXCY3K7K
L3RX4YK9
79RLYK99
XEL3AMEA
MTXFYTML
FCYAMFTH
L3R9WHE4
C3C7HX34
PLPFE9WA
AT79FYKL
RP4H49PX
LHMFMAFA
THTEKKPL
7LALX4FW
4FT9L9FP
TRLPNYXA
KRN33N7W
49E7FC4K
CM33WKPH
WLNRLLE3
R4LRTAHF
3E79R3N7
RX34FK9X
NKRNMPHY
NWXCNTMN
HR7YXHWY
F737CW33
37MXPNXC
E4333XY4
W9LFL3E9
4NELMXKE
R3N3HRHA
AEHFTHHY
MAHTMNHT
KXNY4FL9
4K4CRTFP
9CALTTAP
WWN9E3W4
LKET77TP
YKKMFPFA
M4EE4WA3
CTE7F34P
49KNR3Y3
P7HX9PEA
4FMARNEH
WX334A4Y
EL4C43YA
CEA3EMHC
R3MXL3Y7
CRK79AMP
3LHLHRF3
3W7XLWAX
MKWEEML9
FWYNPWPY
P4W9LFX9
999XMWPX
MNTATMMK
XCFMRYF9
P43K9THF
4Y94KW3M
P7CPTPWA
FCHMTM4Y
WTPRMNRH
43MAW9CK
WLLNLH4W
WMMCWKYM
RH39Y74T
NKY3XFCX
9LC3FWET
KHKHLY4H
RWTPCK3T
LC3TLEPX
WXCHNXAL
CHAHYPYF
YXC3RR44
9ERTHFXW
F747EPY3
CM7P4Y4M
LKXF7HTR
37E3FERW
7TWMELWC
MMP49WRX
WKE43NPL
WYWXM3AR
3KKTFYPL
7ANW99TL
474LRRCK
T4T7L9XT
9RTFAC9W
XF39FTHL
NHCC99RP
T7X7AWCX
7EANKLPE
LKCAWKW9
F7PEXWY7
REAY9KR4
LFWM3FPE
CHX74TNT
KYCMLWHX
XCPY43NW
KNTWMAF7
RWTPNCYH
PWWREF3Y
MHPHL7NH
T34P7FXM
ATEFMLNA
F7KCWPH7
LFTP7N4N
RY9H97PC
7K4KYMEH
TKNXP4YE
MNXTKCF9
YCHL7EAC
PLYKWYPR
L4RTTCCF
Y4TKPYNN
F3LR3A7E
NK7CCW37
WYMHWM9Y
YENYK77X
F7MM7CTP
FEFNKXNE
FKL7EAXY
4XRMNRE4
9HCNLTPA
9LKXHKE3
W39ALKHL
EMEFECCR
FKLLMCNT
FCXMK7E3
FPENXLWC
97E3HCNE
4AE3EHWH
4MCHYM7P
FHPEFA3X
LRHXRMXK
LHERKALM
XKLRFL9R
RCRXYNHP
LLLFKLHT
FNF7PWHC
YFAE77A9
LMWAF3N4
EH97AE94
MEW4YTEH
Y9XWN9WT
KMPT7YA4
W3KLHLH9
Y4KFCWF9
W44CEFLX
ANNKPNR7
33PWWLT3
E3PWM4PK
HHY9N9XE
MAMCAENX
H94CAK4R
LX7KPFK7
4LAR7AN7
YPH4EC9R
7YCTWTRR
FKTF3YKL
NKFN99LX
YNWLNAE7
WFMRWACL
LYR3PAC3
THMPXXXK
YPE9FECR
XNW7EWEA
ML3XW7PC
LY4TA3EX
EAHCPXCL
AMYLLLHR
E9KTYXNY
WWPH9T44
T7RRFPY3
A7CP33CC
4KCWPHRT
TKPWKATH
WC3KHNAX
TYY7FFRM
NLM7XWA7
FP7CAN7L
LKAFNP7E
RPXWF7HP
PK3HCHKR
RCHWPTL9
AW4XKARX
YFTEERT3
Y4WTELLY
4NPC3EPT
KFYY4CFN
P4H94NRX
XCWKXXRW
RMRHXKWN
7MFPAME3
XTYHTENY
CRC7TKTY
MLRXLMKP
9WELXRWE
CR4KWFP4
LH3L34MX
XL7KYTFT
97MHAM94
9XXEWY4M
LYX3HA43
77NANWNR
METNWFLC
4EAMC4TT
HKHXFHYE
4WKPHC79
H7PFXRC7
XPL34EXA
NXKCPYLC
XTM39WLC
LX4NYA7K
HTNY7WX3
NAPCP7K4
KYMX4CKA
KEW4PMXW
YXXT4AFY
LR7YAWW7
PFPXRH7T
A9F4TFHL
P3F4AYPX
MPHPXEFP
FFAMLTPR
NTRTHLNK
WWNYXPEK
XWHAXR4F
WKY9LXNC
NTXX4YC9
XYNARMFP
CLFMAHWL
LKMX79EM
TKE4WWX9
FT9RLPE9
YX7XY3HX
49P9YNPH
LYLYPX3A
XYXLLCE7
W7AR9FHM
TYYEWWKX
PH3CN9XC
FMKW94PX
ECMXNFXR
C3Y9MCMY
9F4AYXRC
TEAPLHE3
EEC9A3AF
CNLL9LE9
PT4KW7AC
FPLWC4KM
TXEPWNAK
FFPPC7W9
C3F4TPMN
7CF9T9MM
CPFLF9MX
PXNHCE3L
Y9EFW3CE
AL4CLHCK
4TXHFLMW
X3WFAYWK
LRWCLXMH
HHEA3T74
XHMYHPRH
PAF9WCTH
RT7NEC4X
4AWM47XR
FFTLLFHK
7ET7NXNF
MYWT7CNY
M3FAXWCL
NPFXPFCR
RYHW7AL4
KNF9H4NY
43HY3LTM
MCKCTHPX
43A3H43E
TET7MFCY
774XHLCW
C4E7NLRH
3HHTFYNY
KYWLMA73
AKXLHPE3
RKEF7NC4
WFMWAKFT
4MF499YA
379HNTRE
NNR9MFYA
FLR7TAP7
LXK7RE3A
LRYLWRLT
LNT4LRNK
NXPFPTTT
XFFML9MX
7ARWNY4W
NH44WHM4
RTRTAE74
LACW9EHL
LKTYX3NC
3XTW7L7X
4MEYCRWM
FLPYW34T
RT943LKX
RYELECXK
EWF79RWR
PTL43F9C
CMWMNAPM
XN9RLME3
73F3KX9Y
R3334YYT
TC9RFYE3
CLACHEHY
PF9WRTCL
K4AR3PPT
NYAYCFWY
9ARLKAY3
4N9CLCRY
YMRA9RTN
HNEW439F
9FMPT9YF
PCYC3LER
PMFYRRP9
HNEHYRLP
RXH4LCNM
EW7TPXM7
LYHP7RXH
XKWXNRLC
L4AMPHP4
KWXKXTLF
KA9X44XP
HKC3NMTL
HRWKCKNF
WH77CNHE
NRRHT73H
KRPF4Y3K
AFH94ACL
XXYMAR4H
LNTWHWCH
M4KYW3WR
E7PRH97X
LA7KH7T3
H47MXCT3
F34WC4MN
97KP3FPA
FXKFYK7N
EPTTMWK9
WTFE9WYH
3XPXTK4C
LLWLAHPA
WKA9NYRW
MWTPFMXE
YW3E3C44
4TEYKNHL
WNKW7FC4
CFTPTRWP
3AMLF9ET
HHFH99R3
PCAF3FKH
CCXEF3F4
X4EMYH9H
9XARKKNL
TKP4AMTP
AETNHHWT
KC9AYKFE
LAWFNP3Y
LER9M74E
PYARYPKC
C9XAAEPX
TKXPHFR3
L4C3TALX
EC3LWN3Y
F99ARK3W
PY9WHNMF
TYNEWKWM
EWCTA9WA
LH9K7FLF
4KCHER7Y
3W4NXHF3
HRNRKAMN
PHTLYP3F
XRRMK9LW
KY7F3KF3
K434XXRT
77PCNMNF
XHLPTL3C
CX3FYXKN
47A37RCM
7LKF39F7
CCNCYATN
KPW4YMA9
CE4X43TW
TF994AKP
RH9LERYR
9P39NT4M
R9T77TET
CH7FECTL
XYYMYA3L
7KYPHC9F
3ATNFPAT
R9FRWN3R
4AH4TTWP
9YFXWEC3
43LKXLHY
93X3LXX9
9CFPPXCC
YYXHEMYM
X39NYPF9
CYXC7K9E
M44H9N4E
EK4CTH7K
NXMAEPTK
HF9KR7AN
WKFTRKNH
4HTHR9K7
3NWAKTLM
CY7HPKKT
F9FYNAL7
YLKM3AW3
9EYTEH4A
347E3TKM
CANFNKPW
NRXYCWNF
9HHY9FKC
R74TA43M
TRLHLTHY
KNY4PYET
LLP9PMHR
W934CA49
HFPY7YKX
37LMWLKA
44L7CLPM
L793447M
M4CHHTPP
4TN77RWH
4FAX4TLX
MW34MWP7
PNTWYRCL
WWNCXF49
FPFWYXX9
TFYNC7T4
PL3XN94N
PTAAYM4X
MPRTH9NY
WEMNTYPT
W9N4HKKX
KWMNHRPR
EWTE9RCA
ETYMWH4W
FLKH73PK
XP9XX9E7
3PL7LNPA
77CF7CRR
WPRLL7TT
NRXMNYY4
Y9FKLXAF
9NRRLWWM
RTNRXLFK
MCTEL7HH
WXRF9PF9
Y94WA3ER
FRW3ECHF
LKN3NFTH
447CCYY3
94XR9N4N
RCTMYY9H
F47NE3R7
KEFCKFPA
KXAKPKHT
CTYHFCCM
9TLEALLE
YLC9XKKL
AEMFY9NP
WMYC7Y7M
M9AMMTA7
9994T7KE
TEX7TWHM
EYH7TT43
ENL7R773
ALLPMAAP
R4EK3XWA
34RANAMF
RTYMPPE4
N7KKAMHN
M7NM4LMT
TWK3X7P7
7WR737NW
TRRR3LHA
CKKTMRC9
YWYPANA7
YCLRXAH7
LFXWPPA3
WLM3C9LR
XLH333FR
FCWNN49A
YCANHE7A
HKCFMMXC
KXPH3FFE
FNFWP9AN
HHTMALHM
NLNHMETP
RERFACLM
RCXFHMHX
9CNF3FTR
R74HFARR
KP4FC9PC
EFTEANWW
LWAXMTNR
733WNPAE
FA7PFHKR
XM7ETMW3
MXAHLEAE
73LKLPF9
MK7AR7MT
NWYMNP34
XPELKAT4
YYAYRYLM
P9CMWA9E
AMPN9LRP
WAKMFN9K
TWMWNTXL
394TL3EW
M3KLFX9M
KAWFR44A
FM7NHMEM
AKNKMR4T
4XLMNY49
R9H9Y794
M7C3MKWM
N7Y3M9AC
LNFCPEWC
LP4EYXL7
TPAFEPXP
YCHFAEPK
AN9TTCRX
EHP9TXWL
XTKMX99Y
7HHCYLWK
HE9R4FLM
9PE7NHYE
M4NF3XXN
H9LLRC4W
X97NWAX3
XMKFAR4L
KTC47TKC
77RYECCY
TY44W3WL
NLMHHTYE
7Y3WEYLY
EF9PFHH7
A9CFYXRN
A4CRWTRL
MENXEHET
T4349HYA
EMPKHEFH
7HETHKA3
WCH4TYRR
REYEXNHR
R4EHK7CF
T39N7EPA
K3RCXCWM
PL9ACYM9
ALYWRLKE
LFFK7FR9
3MCA7MRY
KRKRPHLN
RCK3FLAM
7XNXCMT7
99N4ARWA
R4YAN97M
A7MYML9T
MRTM77H3
34MMT9HY
ENWHPCFA
HYRKK7KP
WNTY4NN7
H3FNPPNF
XXCFNK3M
39HNFEXM
9EYKYAWL
RWYTFALF
PN7M4MWP
W7LF9H9Y
LL4MRH9R
PK4PPRTM
RXWYW7PY
CHX7A77X
9PMLC4FE
CKMCF7PC
4L7YY9MP
39WEEXEL
ENTXKWW3
M4NCP43H
FLNKWW77
AANWXNHK
RH3XMWNA
MTCXN7CE
NKRT7H3T
7FNWYAPN
TC7CE7F3
RLXMHEHL
CEERKXAC
WKLACKRN
RK3ATTF9
TCATAKR9
NPXY9A4F
9EN4XC77
MKRN7L3N
KC7XHX33
YHLLMT3F
NCKXLTCE
MH3EMF4H
FW7YYL49
7HKTNEKE
NFRFCKR9
M3RAXCPN
M34HE3E7
TL3NL7FF
7WWRTYC7
X7MPC9RC
4XXX3XML
AMTFRRAT
C4PWPMAE
7EWMX77A
WLA7KPX7
AEXTT34X
WYM7XNWE
H3RY9XRN
HXPYWP9X
KCE447AW
4EX3A49H
MT9TNA43
HKMY9NXR
NNMHEEXK
XLN49FY4
MLRTNKYA
93PCTP33
EE3YWACP
WLARCRFL
P3AYT97F
ERHWYPLH
7WALE7H3
NH94A7E3
TCPLWEKL
CN4HHFHN
4LLAAWRF
XCY9CWCT
X9R7KCHR
AWKF794M
7N3C977C
AKCNP7MT
YR97M4NW
EN7YMFCN
7AXAKEWX
9RANNLTX
XLMHA3A9
K4NRPAL3
9XTLCHRM
K77MMPPP
YK9YAE4F
LLWAPPNY
9A9NY7CE
LTPT4WRA
FATFPXRX
XRCME3YC
37NA39CN
WAAEPAFL
CHTMWYR4
HLNPTFWK
WNL4H3RT
RRN4EPE3
CM9FEPXC
ACPEHPNF
FA4L7P4Y
3CKLAHFA
3R4NFP7E
MLNF9HC4
3HY4H49H
TP7AHETH
APFCWA3M
R3A74ALC
PKERW7KE
3Y9RWE9A
TLMCFT33
4HAXY9P9
4ET7FNFL
AK4XHTKN
EN3N37LP
E7E3RLY7
HHRXLXTX
W3HCLLLW
R4T4F7RR
7M9LPA4C
TN7TRFM3
EL7HYX33
LL4LAHNT
M4TEYLHY
ACEXYRHL
THEWETEN
PFYXH7A4
PT4YR43L
N9PLY3MA
FX3R47TT
PN4XFLYX
RY7TLPRW
E4RHRYHH
KPPXW44K
LX4MTH4Y
FCHP3WHH
N4R3KCH4
3TTPWAHL
XNNM7WAM
YTKLNRXK
4M7MWRE3
F7YYCRLW
NCW9A43F
TRNLXLX7
R744TMRH
TCNLLWXT
7TEKKLCR
99C3LP3E
YH7H7P4R
3XMEARAX
YHKX9FC4
YAMEFH3W
WYPRXH3F
HL9HRLWE
4REHEH4P
M7MR4HH9
7Y4CRXL3
TK7YLK4F
LRRPPM4C
WRFK7WH3
E7CW433F
HW9E9HWW
4LR3XPHX
7PFKKY4L
3FEMWH7M
EWWKCX7F
LYKW9KXY
XFN7N97T
KNAAYFPM
FH74EFNK
3EHRYYPK
RTANFAY3
NMPCLCXP
9AWFKWLF
YF4ATAPA
KEHHFMLY
NM9HCMEW
3RFX3KLE
3CXRX399
RP9T3CLN
TPHRTE3T
97KWTPH7
EYCRTHFA
NYCME9MR
MELAW7LT
9CFKNT7L
3E734WAN
43ECHAHE
FAHEK4R4
XTCNARNP
KNXMLAAX
NEC43MAY
HT4LXW9C
HC3LFYWY
EXHEPKX9
LR4WN79X
9CEPRMYW
P9949XK7
F7THLKER
TKXCWKMC
M74XW9KA
NXL4EL4E
PL773XK9
3XXPKNWF
YH79WKXL
4T9N7KHA
3RY7C4CP
FW7PNCWW
LACNMNKN
ANLYM4EC
KRKR9RFY
LFRM7P77
9MMXWYFN
R3YYCAWF
FRF49FXC
3T9C4P9X
K473MP9F
YET7AM9H
9WPTNNCK
TXCT9HHX
PPAFFTE9
ELWYERHK
XECPTCEL
9RT9T73T
X7TF3RPH
F9KFKWF9
4WAPF7NN
9H9M3LPP
TMXHTLA3
FTYCWXTP
WY7HRF7N
7EECKW4K
4PRCFNN4
L7N47YXK
TL3PWETY
HY4A34EH
3CKPL37A
XCPKWFRW
KFXW9P3R
RCW37T4R
M4MM9E99
WHLF4CX4
YFAH74KC
AHAWFFLM
C3PYRF3E
YHX9E9Y3
NCE97WNM
FFLPNLF3
RYAANEMC
XNFTRN3H
EPLWFRFR
TCTWRTH4
7NNN7KRM
KATEMPCN
WLPP7CHM
RY49L4HP
X3PP43AF
WT9497LW
FYTXRMAF
MEYL4MRR
XMX4M44X
9AFN4MY9
3E37AE7F
YY9CCN4M
NPNHANAK
NFT43AEH
W7EN4PLT
FN4YRCWW
YHRW3XAK
MWALRF7T
A3RY9XKY
CTEPE4M9
TN7F99XW
A37FXTCM
CPMEHYPP
MA33WR4A
FNXALEHX
X7LL99YY
A3REEKN3
THFYKAXX
YAYMCT9T
4N97PXAE
FPKNATP7
MRFM79EK
M3PPRWW4
LFH7E3RM
HE7MRH3T
LWEYREC3
FXLAACLT
NTFCK7FH
FYL9TL9R
HRF7YMTW
NHCRAPCX
TAXKPNF7
FNRHFYKR
NNK974RK
NAWRLKKF
RTWXW3C4
KTHNXLN9
WX7XC4FC
PLFTL9PL
WYMWXYEP
9CXY7C79
H9YHKWHL
KM9W7KAA
WC9NLT9P
PLKPH7FY
AFCTRRNM
T3WFFA4R
9PMT9MTK
TEY49XHM
HLALAL7X
WXLMLKEN
RCRNWCWY
AML3HAYX
KNYL9KKK
LMPCC4XF
ANYTA7X3
WYYLPHYY
CH7PW4KK
EL4YLTFA
T7NEH9AR
733K7C7X
HCFXKTXT
TANEWMA3
K7MRHH74
7NHFC4TW
X9K7FYKC
ME74ME7P
33L7NHW7
EMC44N3T
C7WYWTAF
R794F3KN
RTCHHXC7
NY7EX3MN
4Y77ACTC
7YMTL999
E7LYYCWP
44WWCHW4
EFENHLKH
NYCEERFX
33FYCPAX
74TMWW9H
CA47PTER
XWEMCRYK
74KARTLH
FKH3AKAE
9EMM34L9
EAA3MXF4
PKP7FXKL
Y473HMPL
9FPHLF3A
K74KH7YT
LWAPAMKW
HPPHYRFA
HWCNE7K3
ETHLYN4T
4A4XXX3H
7NTWNWYK
KAW4WE73
ARLHYR94
3AMPNMXP
YCRNTM3A
7FHFFNHH
WXMKRXTP
4KTL4CLF
P39PEX7Y
TF4F9CMC
XKCMAC9R
AX9XTYYC
HYXYENRL
E9CFA473
CYTTWCCM
HAY4TFWN
M3WYX37C
Y3LXHRAR
PTF3RYHX
F9LNYA3P
N7MCNWEH
77WPHF44
9FAMKETM
ARK7YFW3
7MYXPPPF
KWTLAF9C
4XKEA3MX
TTEARYWL
E37TA9T4
X4HNNEFN
X3XH9KNL
AYFW3NW7
LNRCLPLW
4M9MLPFT
MXNH3RKX
K33FLR7L
9NTXYTKL
RNF7WMLK
PWETKWYC
H4FLEY79
RL3Y7LX3
RK33LTTL
M77KHP74
FRAWLNCT
37FLKLHM
WW7R4CXN
LNHH33EF
A73NHAXF
3HMKWYMX
9WFH9N3N
WAWXMNE9
RFLRXMNC
K9AMX4KC
MFKKTFTW
4NPMYRTE
TWEWR3HT
AHCMEE3C
TYMN94NW
X74W7ME4
FTNNFRPA
KY3P9AFP
T3PTX3PY
EXAY4CPM
WMRXKH3H
KAM4ERTM
PECYKYMN
7MPWRKKW
E97PHWFL
74H7YRPE
ERHEWNML
RWRNFPLK
CEKK49P9
K7MWEPC9
KHHLNKN7
9TXN9PEW
M9PLAYEC
EWKW4AWY
7RH4NP43
AXRMLY3F
PTFPTRP3
FFTYAKFN
AKERRM77
RPARAX9C
WWYART9E
T3FC3FKN
FNRKRN3M
Y4CWNRXW
E94RR4HM
EMA799MC
77W4F4LN
R4N7PMKL
X9MXE4NW
TP9ME3XH
YKRE7K4N
HAPRY7FM
399PLARN
39PEYPWA
4MXTRFAY
XYRP4WRF
YPFPFP44
FPEYNLYT
X4X7LPTW
TA4PW79T
MK7ARWA3
77EPRK9E
XH33AHXL
PL9FN3AC
C4EKK3HH
NX47A7AW
L9YMCNMW
XH4YYWKM
PFELKNYW
YAHXN4AE
KNTX3AEA
CET4XE3X
3YH3PTL4
3MYTEFNK
MTC3LKRW
4TYTPTPW
3WCAT3NM
WTMCMYNN
WCWAA4RN
KWMR9NNR
WNPWNWPL
CANTWFCX
FPMWA4M7
WKXK3LWM
CTW9HTFM
PX4ML3XC
R3YW3P3E
3YEANA3L
NALKHKCH
TX7NEYTP
XH7P9XCL
EPRXNE47
KFPLXL99
73ERH37H
CMAWANH7
YPAPF4EF
4NKXYTL7
RTF7NF3N
PFY4PYXK
PYCYXEKE
3LRAC4H4
K7R3YXAK
HNLCXEFH
EWWLYYRK
XMHLKXY3
KT9Y74N9
WMYK3A7X
XMKNMTN4
9HMCFYW9
FRNPMT4W
H43PCPYH
9X93AAFA
MN9MFMKL
WY3N9E7A
KFKLAWEC
PLYX3HEY
MKARPYMT
YLMWRPRM
7RNMCAWH
CP99NXYY
FTMR7MFE
WYMRCAF3
4P9XYWFR
7T7LHRNP
AA3A4WT4
XH9RCMTY
4AWYE33H
YK4W3437
XRMYMNYW
PTYYXAL7
CNNLHHC9
MNL9MRLN
PTN3YFMR
C4KPTWWM
E7C3M93C
N34CPEPH
RE7RHFFM
NPNLLMAC
EKTATNMA
7RM4AHAK
MXEXYFKL
FT9FCTYT
3C4XAPHE
P3YWKXFL
7MRAK7A3
NM7YYCC4
R9FR4WMX
PC7TARKW
43WWYNPA
YYAE7PMX
7FFCKTE7
KHARWXLP
KFYMAAPX
LNLXEMRH
PEAL4MMT
EPM4XCW4
XMRWHLCP
EYAXKCTK
C7KNHACX
MLFP4XMT
RHMCXH33
WFYXX9CN
WPRMPP4H
YRCE9YNY
RK4L3TCP
H9YP7LAE
HWH7XTML
XFCYENRL
LHYYCTFF
PCFFTYHW
KTPK37XN
KKA9FKXT
XN443E74
EMAPWMAA
HLW47MXL
RPMWFH4F
NEEC9WF9
NYXMRTEY
WL9FN9X7
3ENKK43W
E7EWW797
HTTHAKAF
RLNR93Y4
YHCX7FRK
N7MWFTK4
R4YNF9W7
MYRW7RY7
KY9R9LWR
XKENTR9T
YRRXLPTP
XKKFAL3W
NRMRWXHY
FYR943WL
377L4ER4
L3CNMWWN
TRAMCCNC
7CP994FA
TKEN4YMT
K9N79HPH
PCP37MNM
KYMX9WWM
WMMPY4MN
N7E9L7EA
CFCNTCWY
H44XMMAM
KNL7YRPR
EYAEP4C3
XARXMXTC
9PREFX9M
HP3K9KER
FAFNXC44
9YLPNPWN
3WHFX94W
7RFFHRKT
ERKP3XWL
3NM9NKLK
LHR7RCCR
XFNHMNFK
PK3KEXKN
ECCCW34H
XP9LW3CW
3L3MEAR4
EA773HKA
CNA4E4L3
FFNMXA3K
CRH3MPW3
FT94NPKL
LK4NE4XM
77CW4PFH
M7WEMKTE
CNXF7MCE
PFKHYHXP
997CKMRE
7NEMNE9W
FNFPRNTE
XWK9YCNN
YHPERMAX
REEP33L3
KF9PWKNC
WEYRWX3Y
XY7HXHXP
XXFANRY3
YX9PYEMY
RCFLCMCK
3H4L33EF
N9TAYWHH
AYNKER9A
HCTTC97N
4CNAWKH7
THPKRXTE
YCM3LPFY
9RPWHLET
C737WWXA
7PPH7NC7
44KTKLER
KCKYLHRL
FMM3R3W3
7ALPWT3M
RWYFHCTF
MH3RPNTA
7KEKX3AL
RLPAXAA9
P9FFMXAW
7HCPAWLA
YWWHWE33
TANWXYP4
PKTXNF49
WW4AC9MN
HLWYCAKA
WLERK49A
FCC7MLR4
XEKNRFCN
ATTT9FKC
XX3LRK7M
PM4HY7HR
X3PWRLC7
FKKR4CRA
LK94KR97
4HLHEM3F
7TLC9LCM
NKRKKYKK
EXFCLHAH
9Y4HFKKM
FYMNYTAC
MTWHERY3
93NXLW3Y
F4PRRHFL
NMWWTWLT
CNCNPFFF
NRF9KMFF
W3H9PTX3
R7N97KWR
NPMERCHT
NYHY9CMN
KY39PTNK
LEWWCCTY
WRH4MYPE
3R9WL79R
EAFXW4AF
PFTK7L44
WFTXTAHH
TYXMMX9H
NMN4NPML
HTHXYWWX
WNRKHCNW
9X4HNK4Y
YC9MXAH7
NR9KET4W
99XYTAK9
RHEFEMAR
PRY74HXY
KRW7K9FT
N99N9PK3
9PERYFH7
RMHCF7WE
H3M7N3CL
MPPNKA4L
4RX7HXF4
RPTWRCLM
9W3PPAKP
49HML9EP
P9N99LML
KK9WCP3R
YN97YXTY
AR3TY4LT
H4WPE377
AXC9PNH4
TPYHXLFH
TTYFTW9F
RW4RXEH7
ENHRAFRE
K3LKATFC
9TXR9K9R
9XE4KKCT
7P3EYAY9
TEYHX4HC
7FKKRXKE
KFNTAWAN
7L9TFWPX
TCEAXPCL
FKANM9TM
7L9WFYYL
MKEWLCNA
4R4PLL49
97P7NW3F
T394P9H9
7NX7KKYE
99TLR4RL
XKF7LLLC
XTTPLEHW
R3XM74R7
M7WXRN4T
FTFEYCYN
TFRYCLAL
WEYA43TA
KPH4NK7W
FRWFPFLL
FCF4W4KA
EMNRW4N7
49HYCRFL
4M3AHL9H
9CMXT9A4
YXWNWPMX
KPLXKLY4
ENLKMYRH
3AE9H34P
94W94K3X
4T4MFNX4
TFCMCXTN
ENMAK3AT
H9TT749X
X7LHEP44
HRFXHM4Y
RCWE9AYY
AF977YER
MKRYCNCN
NLXAW39M
N99CMTM4
R4FLP9PM
M3K39NXA
PLPLX79P
HR3HP73F
WRMHY4N4
LMNCENC9
7WP93LRT
RTN4ECNR
E9M3EPXC
HWRKCTWL
HFAPMHCH
FL47MX7X
HCTMENYA
3FM94WPP
E7LWAKY9
7C77XCCX
L9MWTL4L
4P4TPNR4
XHAM7FK9
T9T3F3LK
F3APTTCL
RKAL793A
PPLLW3XA
CR9ECN47
AA39CCKA
YCP73FAK
9KEKK73Y
NCE4ATXW
7NMKMLFA
4NN9YXRX
LLEX7XFX
9AC93RAT
4TRHA4MP
44FRKRC4
Y7NPAXP9
YKMX7PYC
E4NNWHLT
HWEA9YE4
H3KE93HN
9LCXTC9Y
TPYPKRC4
AHRRLRNH
9CNR4A9T
4M9WFREK
9CKNTER3
ARTCAY7X
HEKFEFEW
LNTXCXEY
H9XRWPEP
7K3K4T9X
MLC4TXE3
W393PHKL
LTPERAHC
KA4LWYWN
L77XEKK9
CRKWNKHM
X7Y7P4KC
YMKEPAME
FXXNK3Y7
EFRX9H77
3WXANCC9
HNLPPYTY
CMYXE9AE
HTXWMERA
NKCAMFTF
NCY3NFAC
NRCHPYFT
F73RLWAN
M3YW7KLY
T9KYREWW
FPPLE3X9
4N4AF9YC
LNKLEPYW
CEPC3Y7Y
WHH9CRFE
LF3TWM3L
F4C4MFKH
TFPRKRXX
KA7FLLEE
F3HAE9TC
L4YE4NYA
CY4KWF9E
AK474F4T
EYYM34H4
RL7MWXA3
T3HW3R43
AFNY9Y7T
3WEF9PP7
K79YA49Y
4M99WHFE
7CA779ET
KP9NRHXC
XF4PFTFE
EC7YFXLF
WRXATXFY
WY334LNW
FFHW7C3T
CWKY373N
XELTPMYF
TNLYKK93
EN74KLK9
XHA9RENP
HAWYLLTK
E4EALKM4
W4NHCHM7
YY9XHHPT
RKHX9XCX
HCMR33WE
KLMFEAY7
W9CY93XP
WWYTX4NK
CXPMYPTW
EMAYNM33
R9F77MPW
TFHPWAW3
3PPEKFNH
A9RMNETK
3KM7C94X
TFREKL4R
3FMX774M
YRMNMM7A
AWL4TYNX
CWAYTY4K
XC7ARKK4
E9WYRRR3
49MTEFEK
HPLT4PNW
YXLHXPLR
3LWNLAL9
TWPMPRPE
TNNN7EAC
P977HLL9
4ERTXWWH
WMXYYWWE
9MPAP3YX
TRX3KHHW
TLYF3N9E
T9K9YAMT
HCN4PLRL
RWHH9MX4
PKNCYREY
C4ARXKR3
F9EA7P9C
CP4NWW7L
HAAHN9R9
MKMA7EKK
KFLHPWAL
R7TPEY7W
CR4CXYWC
CL7XTFWM
7ALTH7A9
MKPX44TX
N34NCEAC
ANLYMLEP
WWHXA4X9
KFKNENYF
LPNXCKLW
44AWPCYW
FFTPMCNW
CPWR4PL9
HP4LPWXM
FNLCY33T
AXNNMEEM
9T9PMTCM
KXL9AP94
RYLW43A3
77XKN3CK
RHKMLET4
A9LNLL7N
X7ALFC9N
CNTTXFLP
7PR7RMY9
KX9XCAYT
HRC3KYHW
XNRLW9FF
NH49F9H4
HHCKHYHP
MKFPMCY9
9NLLRTPY
MKKTHL73
PFL7EH3H
EM4L7CYH
PAMPHCP9
XCAN9PWH
XCR43FWX
WWKPCWYL
NT7HXXEF
EMPWNFKT
4HNWW4HK
RWYCYCAH
3PECWT3T
37MAHXWA
39L4TKY3
4F7MNRA7
9ENN3MLC
TFLL7HNF
9MMT3WLL
CXHKMLCP
77P3KXMR
PHWEKL9P
R7XMT49T
7LTHLCMM
744XACNT
M49PPMHX
XFWA737N
AP7NMC3H
T7E73YCE
RKXEMC39
TKXN7FRE
9F3TPALN
TYCWCELW
XPY4Y4ET
XTWX7YCT
HXCX9KMW
YTNFR3TM
4CR4THE9
FX4FPM4M
KMRHHRN7
XCW3373P
EAPKCKCM
RKNT979E
AP7KAXAR
PR7HCCFP
PTLKK93L
P9FHEHWY
CPH39KWR
H47XKY4F
YMLXKY34
RE7AECK3
7FEEFYLR
NLCRHFPE
RKE9H7R3
ALMCX73X
NL3XWLKK
ERE9EFEF
YANWR4F7
P3FMPC3P
EENWEFFM
N9MPAAA9
NXWRH79H
LHRM7ETM
ARRPNC93
33EXR4EL
FL3X7R9Y
RXCCK73P
43CMEYTC
M9HPYANL
EHXMC4KN
NEX7NYTW
YYNYKE7A
KCXMNMAC
FY4MK4R7
YTCNH9M9
R4XNFLXF
7FF93MNN
W433LRAX
KWWYE47N
KK4N9FN7
47PTE444
C9WRWPLC
LXE73EXK
MLMR3HPL
FFHL4NFE
77PR9EKW
WPTM9X4T
WMATH4C9
N9C9ERET
EW7YTTEC
4WKMAFXK
4XTAREXC
HCK3HHAK
K9EXAT3N
9ER9X9LL
HHAPAXHH
LP4W9AER
YXH4KP3M
3A7TRXFE
PEYA4THW
FEWF9TCX
CP7K3AXF
KYR9N3K3
T43HX7L4
XC3TAYCL
YWTNMTPT
H3TWP9K4
TAWCAC9Y
KPM74PEM
LHCHKH4F
WEL43KPF
R7FNA9TE
PPRWF7TE
7749M7PC
R33EPHWX
R9C94CFR
WKRCLH3K
47HNPNFM
CMCLE7MN
NXYK4CKK
WL9FMNF4
A7CATPTM
ENCK9ET3
Y9YMNR4L
MT4X9FC3
R34FWEWH
WL9KCAYX
34Y4NTRF
TYXXKX79
HC4EKCFF
47FFWWMN
LA7CPHRH
TCACTPNL
44F4CLC7
NMWAPW97
YLPRWWFC
Y73CRWHY
LHAK9HNN
YR3KW4MX
XFXW9HMK
KCYE34RN
7LXFR9AE
E7F34FA3
PTYRALPF
EXHELLXP
YWXRK9YA
9KKAY7EW
CFA4E9EP
LN93RK9T
Y9WTYCM4
XP9FEEK4
E4ETT3NP
N4NTTLRR
47FPEY9A
939MPAX3
NEWFWRR4
P4337473
W3NHFH3M
7KLLLFRR
CYPKWXTP
3E7KXR97
YHMXMAPH
FPAEMPEX
MP9ENKE3
3L4YY4RE
ET3TT4NP
RYYWPHPH
NXTYA3TH
CAK4CFPH
LHY9C79C
PK9HYW9Y
9ATNKKLX
3743R3WL
YXX7774F
9EA9AHFN
L4XWN33W
PXHEPR4T
MF3YTRKT
P7ELYLNE
R93KFXMA
9RP97KT9
LX9CCYMF
P97YPNYN
FKYA499T
7WWA434C
9T4WEA4H
ER4CH479
374XPFKE
EH7AY9L4
FF7NYCHE
T9AH9TYK
X43KEPNE
3T9XEKYK
NFTX7WYC
TATWR7XR
WKAYALLT
LT34KM3N
FXTTWRWM
T3MXR7YT
TWNPTP9M
WCWLTFFF
HWYHPTCW
HEFFXC7X
KWE4FEAR
P3LLANLK
H33MFPC3
WN3NRKNP
AT3NHFXW
L3HYC3NF
P4CLP3NN
RRTWHLT4
TPCPYLWN
EY3ELKNR
TF7FKTR9
Y3LTFEF4
HC9RXXHM
A33TMK4K
3XHF7HM3
4ML4W7RR
W3YXN9X4
A7YT4F77
CTHLHLRM
LP73L43A
EKTMNTPP
A4MTEHCY
F9NYKTEM
KPRPHXAR
LMKAWTK7
TAHCM3L3
RKN9HEHY
ARMARKAL
YKYHMWNN
LMXTFLEW
R9MMH4YC
AN9KH773
3EHA7MKM
EMYCWKER
X4FCPXK7
YC3YLEF4
7C4CXMYM
4FN7FXEM
XWMTCEXX
3MAW4KHX
FFNP7FW3
WRN33C4H
MALTE3XC
TA43C3KA
3WY7MEY9
AX4LHPRN
XYAKEEXP
MC9YNMYY
4MXY47ML
E7L4E7HL
EECAYPCH
4P73PNTW
9EEMNMXT
3AWRAWH7
XE37WRCK
9TX4CWC4
MFEWC9RC
AXEECCE3
LFP973XN
94CCTYNY
R37XAYKP
MM7FKH34
LE9HY3TT
EFLYPLKM
A4MCR3LL
CY7LHMRX
CTT99XMY
EKNMW7M9
YPNHT4RH
CMNM4TFC
AWTENLXP
T7LLW9X4
HHF7TYNA
FTFC7ELT
PRLAPMLC
W9K73H7N
RNXP7YY9
KL73FELP
HNCFP4T3
YXYK3YKY
WH9NKRT7
LXW97C4F
KR4H4RCW
3KERAXXL
ETK4XWXT
PRFKPKKX
C7XE9H3L
94F7XP7H
RNEYM7NR
LMMF9WLC
NYTAW3TY
TNLWM3WR
EF97XF9N
9F3ALW9F
T7LNHR9K
NATRYX37
MWNYTRFY
EH47NY7E
3CPWFACC
TRNLXL3X
FA4NMHR9
T7T4P7RK
NFKXWWWM
F47YX4HH
YHXLHXEC
K3RLELWM
FW7MELY3
7K7KANAT
H3YLPHEH
WLYMRP3X
CCRRLNTR
C4WLLY7L
LTFEMPXC
WFFP9R39
LFW34HLK
9ERT9KRA
N3TPLYTN
AEX4CTYK
49P7R4ER
4WC3YHAR
HXTCKHAA
XXMXRP3P
3CPMXM4L
9EN9FCCA
YW3MWX9L
KFL3NL4K
WY4T4YMA
HXTPL7NA
RC3NWXYT
AHEH4YMM
LE3YF7YR
3YKHYHFM
9H7WTM9L
9NTWHRYA
YPMACEHF
NRRPNC44
R73MKNLW
ANHA9KFW
9LKHHWY7
ACN99WPH
F7KCRATL
KN9LLMC3
K4WT9YXW
RN3WWLR3
RM9KEEWL
HW4YPHWA
MH9KWWL3
A79RR93W
A3Y7WYE4
YKN3LPNT
44FL9ALM
NFXWFNFC
HFX3AMFA
WYM79473
PXPXP4H9
RYAKYP7Y
4WLFNPN4
E9MCPRHF
XTEN94XE
YEHKRPEK
ARLP4NEW
X3EWKXRM
WXWWWFXE
NCCFAEKY
3HK7PFK3
NC3C7AFW
C7KT9KKN
HHTRCA4H
YEF9XK3E
KM9YCLCK
FXP3HAAH
9YRC93N7
TY9YR9XT
L3P7FCWN
TP4A9TAT
EH9KK9ME
4R4XA9M9
4PYKFRYK
XNTYNTYM
KELT3WCP
Y9ETCHET
WCR7F7TA
E9P33NAT
XXHWXPKK
LKA74C94
HRH4KFX4
FEFEKY7E
MFW9KTFA
44XE7MTY
RAMK9RWK
MTEFPX4F
99LCHHKE
XK3C7PHE
TMAWHFFT
MCPFR4HH
AC4TL33P
RWKR9M43
FAPTH77L
E3XERTXH
K9R4CEHA
PYPCAM7F
NWX3AKPK
XXEPNFX9
FENMNFHT
FMYHRMWT
YWLALA3E
XHY4AH3K
9TWXFWWT
FL47P73R
R73MNNNY
LH4AN7HE
H7FKNL39
XE3XRYPX
HYEYC3PY
4MYRCHER
MRXHHAYW
R3XMXM3R
LYXX7FXP
9KK4LHCC
ECMAAEL3
TPLWE4FH
Y3RK3EMA
RTTEWX4A
MCKF3WHT
NHFFR7WX
AXMKPPKC
YK7XMTA9
H9WTENXH
4YNFP39C
FYCCLPRF
KXHL9FP3
3FTYTMP3
XECYWEXT
AL4FXFEH
W3YW4HXY
PXMKYWCE
N4CPLXER
9RMACMCY
7RXMCFTE
RA9RL7X9
NL7FNTPR
E9AFTFFX
C97N9PNC
NNHCFHAY
TTNLYTCY
YLWP7HM7
AMT4NEXH
X4NCAM7F
PN93LA9X
FTNCKX79
YW7R47TL
WM7ELMPN
KYH4CTP7
MCCXH9EX
K4XL7KP3
CRLMFCMX
XC33RR3K
FRHY3W4L
9YAHETKC
YL9NC7YT
94CFF74K
C9ML7MWF
YHTHNNN3
MTEMXPWP
KTH7H9RN
HNF949NX
KY3ALMCC
C3X3AXRY
W4CLL3NL
MERH9PEW
AFXMPCCN
KYK9H44L
W733AM3W
ME9WLTA4
93WN4EMT
T97A49K3
CXER3HLP
HMRNWHKP
EFFCFWH9
KPACF9FL
4XNY474W
4NAT4MNY
9HHYKPNK
KFYPEN3X
N7REN397
4HAYTA9L
E7KCFAK9
PRPC4CAX
YNM3HWPA
PWNXYC73
MCLTAKRM
7YPCCFEY
C74EHMNC
XFAEXKT4
FRREHXPM
PNWY4T33
AFWCCPFW
9MAT77TX
3YRXR39Y
M9YLK7EP
NWHACEEL
H4ARR34P
WCWCR7KM
7W7KE44N
TACYYHA4
YTKN7WRY
NECN997N
CRCLR99E
PCT7P9WW
F4ANREFP
3A7YYEK9
N4A3AM9W
AWPKHYAF
CT7RAE7C
T9EPEH77
FNT7FNKA
CNEAXCW7
FNKPLNHC
FHYXC7M7
LHAPM9K4
KRXPRNHE
EF99WL9P
CYFKTHPW
CRPTRLCE
4YNFREAL
7MAXXCTA
KXNXWA3E
4MRHRKNT
N7ELCMKR
3X4LNHWT
XRH4CARY
FW3LMC9X
TWKEFWE7
Y4A4WCRR
RM7Y3P7T
N9ALPLHP
4RP43XEP
AK7NCK79
YHLETTP9
9C3YLY7F
KEP93AME
RTHNECNF
CEMTE9RL
3WEWRH7W
T4HYENPX
M9XXCHFC
FHMNWX4F
P4TPKAKR
KXALTYLE
KEMAL3RK
KC74CCN9
W3FLARNT
3ET3FYTC
PLXY34WW
NRYFHHKA
7LH4KRC4
KYXWCKH3
T9TLFPY9
F4TEHYAL
W3TMATMR
47NCRPAP
4PTLPY7A
PXKEKWN9
T9KE3EWL
CAWF7EXL
FHKWFCW3
PWNWNNTR
KYT9ALMK
NP3EXFRW
XALMCXLH
73MXPEAW
HHEYYCYT
MFYMARRC
HF49R9M7
RKPPAYKY
AC9FMXHH
W9L9F4FN
ENXP33HT
CCTLAWPP
XKRYKPAT
KKTT3L4K
9RHKCPP9
K73T7TKT
NHPALATX
LR77XCR4
9FMCFLHM
LCCLHTMY
RNFCMYMW
MET77P39
NAFYEMMM
E9M4AFCY
9EYTXA7W
AWCWCKTK
WPXWL9MC
HAEELPFK
KKKPTELC
L9FK9YMW
T4A7KEMF
F7XK4YA9
HXWFYAKP
L7CAWFMT
KXEPLR4M
XFRHPXYR
RRYWRA3F
WAETPXCE
AX9W44CF
WXTATXHH
FPTEPMR7
CMACPERA
WLPX3PKX
YKPL9WAE
RYL99R7E
AT4KNFN7
TFYY7MKR
7HTAT4AW
MRFNT4CA
WH739CFX
TKK373MN
K9X4LANY
HATEA4M7
CYFF97TH
AK4H49WA
9HYN7MF3
A9RWCP3M
X7R3TKC9
RTRHRETY
KL7MXNF7
YAYAA3KL
RC7A9CTL
3MMNAF9K
A9PYN79E
WMEN7XRN
XNX7RARC
MCXA3PT9
M4MNT347
TA7F43WY
3KTCCLXW
PE37EALM
ERKMYXPH
K3EP9PHR
TNWK9X7Y
M3PCLFHP
FACH7LK7
499FTHF3
AFAKMK7H
9XRWA9MH
H99CTHMP
AARE4ANA
FHEF3X4A
9TWP9973
FN7HYPA3
P9M7KALN
7YHFPNE7
9W7TAWK9
3C349NTN
TT9FT4MP
HXKWFWCY
LRERW9KT
4F4FXECA
YCHTTPRC
EACNYW73
N3F3E3L3
K3WAAMRH
EX7TNC9X
H3X9MHYX
ENCFF7E7
HA7WC3W7
PNHKRKAR
WEKXHNTP
LCMHHPAP
PKXE3Y7Y
NRNA43NF
W3MWCKLE
HLHP7L79
YAW4EYKX
W9CPELLF
KX7FC3F7
KFMNKKHL
NFRYTX3W
9CHHTLRY
K7NFYNT7
EENNTWTW
ACMCXRTX
ARFNYP4X
F9KTMAXM
9AXRPNTY
RC7CLFYT
WWETFKPH
CCRCFPRY
HRFPWRHL
F4AW44R4
ATY733HY
7KNLTEKE
PKNCCCFK
XEEKRAMY
FFYMRA3P
TT773HAT
RYNH4CRR
K9LF3NPW
KM7NT4N4
AEFECN4H
YK7CYCH9
NMHP77EE
RWC7CWHA
TFLYMRTK
T3KNRLKY
7P49CY43
NPKRWLPN
EFEF44AH
79TX77Y7
L9A3KHCY
3P77MF9Y
H7FT9HFX
KXELEPWT
LPW97MC7
K3NWCAXN
YC3TEMCF
9E7ELFNY
HFKRY7RE
W373EH7F
KYTCT4EF
WFKRXT73
YTCYW7XX
ATCALCWT
CAF9CCNX
HEMHLXEL
N37AKFAM
XNHATYR7
7YTMHM7R
KEYNHAKC
KXXRHYAH
NFLR7T9E
3P4TTX7H
AAXYYMMK
A7MCX737
YYTAHAXN
KYE7PAKM
KCH9LCRA
RTLAT7RE
YH97RCXY
RTRMXCAM
L7N34WX9
9749EMY7
W3ECPYNK
EHAAFNEH
KT99XLC4
9E7R3N4F
EYP9WMTL
AK74FNT4
K7KF9F9T
YWWRXRC7
AH3WET7C
TKR74PXC
C3YCFM7E
4CTTYXNN
HXPEXC7N
YKHRNP4N
PLHNHMW4
7X4X4XH3
C7F7A4CL
YF7WKAML
TR99YHAM
HEAYLW94
YY47CXCM
N4MPKTFT
T7PWFWE7
RFEFR7HP
XT3WAYY4
79M4RKMY
4L7HWC33
3C9R9T7C
MXPNHA7R
CY3KTL79
LNTNP4TX
XENTHLKE
FK4WMERL
HC43793A
ERFF4P97
F4CFHR3N
PYFEPXXK
A4RLCTMW
RPP4RHET
NEMRKPT4
KXXFM4CK
3KYH7PYN
MPTMR9LP
N7LYE7RP
T9K9NFTY
HPLNTXXA
3FLE7HE4
XKH3MXLL
KXWTCP3L
R4MYRCYC
F4TPKT9H
E7LLFN97
3XALYXRA
93AC9YHE
R9PR4HT4
7PLPW7PM
N9HE4PH4
HECHLNYC
FXXTAYFR
AFKP74TW
HL7YEC7N
97MTKHXP
KAMTN3KP
W73T3HPR
9LTEN3TY
4HARYERP
KRW7AREA
3M3RXPWY
9K79X99E
TAYWETRL
FXHAEL3W
RW4LHYRK
7RY9YPWR
ET9RWR49
P99T97LR
XEMTARK4
N74PCAHA
PKRYNN9C
XEF43XC7
CA4R4493
YK7WWRAA
HTPLW77H
FAWCLY77
7X9Y3MXW
XYNRPWFE
7AERLM4A
ALMHEEXX
KYAYKTXE
RLK4NKMT
CY9CLE9E
LCAC7LAT
N7FCAXCK
FCE7WACL
TKEXLLNR
TTX7AF4L
YENX9YN3
KE9EKF3M
H3WP7KXE
MH7KTALN
N3CTCNXN
CYYHNPNY
A3EAYK4C
RNKWHHKT
MWTNX39K
9PHMPLPH
XAX3HHRT
9WA7CKL7
LXXM7HLT
KXENN99P
K4N4XTK4
TTRKL7C3
RKN3CMWK
EYHHW3NN
NPY4YWLL
HPEHKMCP
F7LFXAPY
7RTR9EA9
WW9TAE77
PYP4TKM9
EAPNWRYK
NA4CYCLA
R4RX7EF3
AWT3FW7A
XWKRAMH7
X3E3C3TW
7XRRRTR7
3WALAEYH
R7KK9EYY
FEEHARA4
H3KLFXAM
XNTWARWK
MWCYMFKX
3734REFF
AX7AN4MX
TXLCHYWR
RHHFAFM3
HTPKRRL3
WYPRM3HE
CTP7F44Y
7MPL747P
PE3XARYL
PLPW7TXC
MXWR3EY3
TEW77TF4
R974CMCA
A99PXCLA
3P7YEL9X
7YXRYNTR
FHRFRKKY
EK7K4YNW
YWFN9M7A
9TPCNP3K
PKF3KWCM
PK7ARYWW
TFKEW4YA
7AT9CEMM
EAEHKFRH
7FHPNM9K
AXKCL4NN
WNCRNPLW
WYP777CL
THNP7WMH
N9Y4F3CR
334YXE7W
XPRPNE3F
HNNH4WWW
PTFTK4FP
33NTLTLC
YF7T7WXN
WCYL3CFK
9TKN3994
Y7LH3FF3
MXP3HMT3
K33HM44T
PYNR3MEE
34X3KE7E
HKP7NHE4
RYFTXEXP
WKT7MYLX
TAE9Y34R
CL7FLHPA
KWW49MFE
Y7MTTHRL
LHL3FC7N
X4EKAYR9
KAYAEPCL
KNXMCMYC
7E9XRCPT
KKTM3AFL
Y3WMN4EK
LXNYKWNC
KAEMNWYA
HPH7CLKK
FF7ATAMY
7HKX3MHN
ANEPRWPW
RLCNFPTY
3X7E9EWM
YCN3M47F
CKL7PP4W
F9CXAWLW
LPAM9FAR
HCW4W7EM
CMTP3H4T
9R97NKW9
RFHPXP3A
E7HPPR49
TW7A37AN
FC74N9R7
FX7FCHXX
FAF44MN3
7T9C3NH9
4TMWCCCY
HX47AX7F
H973X3RX
NCAA4YTN
KAW7F9FE
XLXT4CTW
K4ARMRNM
FXH9TNAX
M7477N4R
9P7NY77T
MP9T49CH
HFCE3XN7
HFP3AN4A
PK9TFWX9
RTA3H4MX
TFMHM7AE
KL3C97CN
N7CTWKW9
RMK4MTYN
XEANE3KK
WFWMN9WM
474TXKPC
E74FMFW3
WXLCEXLP
CATAEXEW
CCFFLNXP
XMHFNF7R
KKYM4LRK
EXH4ERL3
KEAW4TMX
RHHPNA4H
X9HF9MCX
7N439NAL
K79FALPT
W9APLMK4
3W4F773T
KCFETCLC
MPP9YFMW
YM4NTL3T
HW4PF4WW
TFHAF9TW
RT4MCYNH
YA7NCTHF
W3NHPELW
EFT77KRP
79X3KX7M
4PFC3A3H
3RK7ARFA
7CMXMYMC
MKCL37XN
MLHXEP9L
YLFRP3Y9
H93PWNEY
H7MYYP4W
N9RP7ET4
YCXL9FPY
3LN734LM
9EHTWCYN
WKK7ANT7
CRT3CCP4
YEFC7TH7
7FCKFY9R
FMACYNM3
WWW3X7NM
Y93KLE3T
L7RTANAW
KAX4NAYA
CYHHRPXM
CRAR9RAF
ACPTCAKT
A9P7RRFH
LPHMFTX3
FMCRN34W
HN77FAYX
C79YNRYL
CHAWLCFM
YRLTXRL4
P774TY37
RN9XF9MK
YER3A3WH
XCRWCKC4
7Y9XER9T
7LMAP9N9
33T4LX9N
WM9TYM9A
4A7TMNC7
RMTL379H
9CNTF7M7
A7P37Y3N
7CEMCXKF
H3C44TCW
RTWCN3YF
T979HCC3
X7LEKA4W
W449XTE7
WX7TYXM7
KLCW3MK7
RCENC9F3
F3WYR43N
WHLA9PHA
KPEWTEHX
4MMRKCM7
XLYWC3CT
H3KYM4LP
TTRAHX7M
3HHCTWWT
MP3HLW4N
HK939LPF
4WKK3CRT
TLNLH9FX
KM4P343F
AN7W7ECN
XM9WPN4W
F779P9CR
K3MNKL9F
LWATHAYC
FFWMHHPR
KHNCNT9C
7PMX3YHP
MC9N39KR
LR7F3E9K
3WYTY4P4
KX4YT3YT
3XL4YAAY
YT3N4EXM
XC4T3EHR
X34TC39H
X9LMXR3C
XRFFNEXN
9WTTNNX9
7HLY4N79
R9NWATXP
N7ME99X3
WCENYYWN
PW4REELF
3Y793947
RRMPX9K9
TMA9RXTK
99KWL4X7
PY4NFEMT
TELKPT3R
379FE7RK
HTEMAW4R
CFA3MAER
7WW4AWWK
X9N4WF43
CCTAENRL
R7T4LAPF
9NMTW749
Y9TKRHFH
9XPPYFWW
FPN9RTWE
79KRW4MM
RMWME7LA
E7NL9KEP
FC377RKN
AEARP7HX
XXXAFXC4
AEKXWTEN
7FHL9LER
CWR77F9T
4X3FWMNH
9RXY3M7K
LL4NR4K3
LYX43XCA
NTFRWYH7
H7YLFKLN
E4FXHL7C
H79P4KFA
Y77XFMKL
CL4XCXFW
NCYRLXAW
TYLMECCR
PLALEYHK
NNAEK9TL
44N7TPM4
77YPW9NP
4KXW33C4
WRXKAHTX
NNAXM73Y
9MHK43CX
ARYKAHYF
C3YPCRHR
ETKARHWN
HEMKLEXF
T3PERN4E
H9HT9TME
EF4LLWX9
KTX4YRH4
PKFCL7C7
K9MNLKHT
PCWM9F4W
CCWKNNH3
TMYK9C73
AFEPRNLM
WH74CM4T
CXCCTFPT
4NFWXEPL
ECMTLWPA
XY9NRWPY
FP4R7XRL
AKCL43M9
WYLTXWX9
H4WP47RT
PF7CM3AR
CWMCRY33
KY9WMLL4
MM3EYX4L
HWWNECYW
EW4EFKLR
ECERHEE3
YWK9W934
797T7MRC
9LLAFLYH
MCTL3RLX
XYXWTRF3
K7RRM9YR
Y4THLATX
A4PNY9RW
PFAFHNEY
HAW4XTPM
3C4EE9M3
9LC4AKPN
CYEEWHTM
NREFM9EF
C7KTYRCA
YYTCATTY
MKPXWK7M
9YNEWK9R
4AXXFF4R
YM4NP4XX
AH77W9YP
Y7KKHWTN
F4L3RLLF
R4LF7EPA
AWR3A499
ELX379YM
KAR4HFEC
RP7RRL3T
TLMMN4AA
TCK7T7YK
NPWHYWCF
TLM9ERRK
TMKL3PT9
NFXWCPPT
4EFKC4RT
P3CWF9AX
9RPCPFX9
LNC9EXXA
MFFFT9E4
C3A347TP
MRAXEY4A
FCXX7PFP
E47RRPKL
FCT4RX7X
EAWE7R3M
MXCW7MFW
MYET9RXE
RLYCNR39
4H4A4RML
3YAEPLEF
XKX37RMF
4EMW9MNX
R7YA3KAC
3LMP3YMY
7KPHHTAP
LFRRN9RN
L77K7HYP
TMLMNRNK
WWH4YFMT
KEYPEEYT
M3LCHLRL
KFTPYKXK
AKFF9ACP
N97M7FHX
FXACTFTR
TFA7MWEX
XNFPNTC4
CXPAEM3C
ARRKRF3W
LMALLANW
AFRNM4N9
7KPKXYAX
KLEY7R44
WWF9NM9K
WFFP73RH
KH9NK4L4
RYLWFNTY
HPTKRLEN
HLTEWYFY
9W3F47F4
CKEKTXWW
C9PCPWPY
9WLFRPCX
MT9XTHC4
A7PRPFWE
4T3PFR49
X9KA9T7Y
KX4A943X
NP4MRK9F
P7XL3WTH
RX4XLYH3
M9R9WARX
WH4CPCY9
3C9RH7WW
CF3HER3N
CM3EWRFT
TNFRT4N4
REFPFTLP
W3K49794
XFHACHWP
KRYLP7WH
H99C34AT
PXFPHPYN
RRCMMYT7
XXWC4M3W
LX77MWKF
L7E9T4RT
FWH43RRE
WL7EFYYT
TX9F37YN
CYKYHMEW
TEMEARHX
XNLFRWYP
PEP9LF97
MEPWK7YF
9CNRA4ME
7K9CEM9N
H7MMYCEE
4FYP3HCM
4R773EYY
F7RC944E
MAY773TM
X4FPFYXW
XK4ML9TX
RRFRR37Y
HWHXK9TW
HXFHXREH
R7MFH3LT
AP7NXRNL
XYFLEHXH
ECF4NL9X
AY3L7CRM
M77XC9HH
W7XCC7WH
AFEYLXFR
YEFHTFY9
Y3AP3N4C
R4CA9PFY
9FHHCH4H
HETX3XKF
KWKFW3C3
4CNEP3XW
CFLTPYHY
7CYX4XY3
EE7L7NYF
AXKW7YC4
7K4F3MP3
HCHYCN7L
RM7P9KPT
WLLTNRTR
AY9LM3KN
4RECEN9T
HRC7NA3H
4X9W9PAP
ACM9RC3C
Y3YRXA9P
MAR73C4X
3AWF7CNW
FPYKYYYX
RR4FMNYE
PLN9XY33
K7F9TNRM
CC7WYACY
HYAK4P4N
KTTCXHRN
PERR3XRL
FA4MN3TF
XA49KC33
FELMC7WL
K4YXCNFP
3K9EWALE
X4KXWK7W
4K94PMNE
TN3E4EPY
AMYMWPK9
9WLCANL4
YCFPYX4K
EWATEYKR
XMHMWCFT
W7LWYEAN
PLLHWPYH
WT7WMR7W
37E3CAAT
9CWF77NN
E37ENWAK
C943T33K
C4W7PCKF
T47Y7EYA
HWPPMAMM
E7CPTWR7
PAX9MXKL
P3RA7FEN
H9HE7H4L
R9LCKF3F
RFCEYFKW
EXKWERKE
FEC3LAHC
9PHPCPA7
HLNAT7TE
RXFA7EX9
MNNL4W7K
KM7RWA77
W7TFFMLP
Y9PL4WRT
W7N3WTYY
KTFN493A
LEACL7TT
4ECCC9WP
LRYYYMWX
4P4LKWT9
CYTRFRWM
MTN77LF9
RNRXY3CT
4XK7YCXT
TH4RHMPH
KWPYKY4H
W9FP7FRC
TR7EXLET
TMPFEY9C
PP9N734M
EKHCPFNK
H437MP3M
XTNRY9PR
3F3KXTYY
XEYWAK3H
EY33C9RT
XFKCLFH9
F7NK4RAR
YMFWEECL
47RRWKAY
TM7XC34C
KEHTYPAH
FHWH4ETA
7PTR7MWK
KTE74XEM
F33LXCLY
ANNLXFA7
799AA9A4
7TAKEAYW
WLP7MMK4
FYAN3ML4
ANNYTRFF
TN47FWTW
943TFWEN
TC7AFWA4
7TF7WTHK
R7T7WCP3
KAM9N4LW
HN9FXK3N
X74CWE39
NEARFACN
LRKNKWM7
4LRE3TFE
XC43FX9M
PXNAMAK4
7XEPNLFR
WYHXHHMM
43LFYPCN
7XYCKC9N
MXHFTWCH
APTXMKXN
WLWTN4AF
EWM9L9WY
KTYHWCW4
MARNEENR
FY39XPCP
YREMLHFL
FWN4CLCN
XHKA7AKW
TXTR4P9E
LWPCREW4
7MPPNAYM
NE9YMRR4
7EMACPEL
NHPLKM49
4FLYHAKP
4WNPP7WE
TEHM94XK
YNFTETHP
7EM9YMCF
FY3KF97K
FPWK9YRC
FEALACF4
RW4FW4FP
WKXWMTFK
A9W4YN9K
NWXEXNKP
4TAR7WRX
HYNLFCCL
P9AY9WT9
AXYP7P34
CKTWWCRP
PA7CHF7H
KXCNMMT7
PNEE3XAC
7FH4XCYX
PPELCW7C
C4M4PXLL
NRHMTFME
THLMW3PA
XK9KEN43
3PW3F74K
XYKNPKCX
FYYNL9W7
7HHP4NWP
WT7ENNAK
F99P3YK3
ALY7A4EP
KXFLYPP3
TTRT4W4L
YN4FPHMH
EPKTMPW3
T4C37X9H
X4TAPHE9
HT9TT7RY
CCXE4LXX
PHPTYTKF
A3EMY3HX
CN4A9C3E
E47Y3MAL
HYT9EWEY
FLH3YCYF
K4AX4CRY
XCRELCN9
LNMCTP7X
33LCFX99
93W7WW7N
FPWE4KYL
RLX9WMT7
NE9F7ER4
93MWC7KF
XEYPN34M
PLRFEPWL
FYX4TETW
MKXMCXWR
ME9L9FRW
Y9E3LKY7
EHRM43C3
4CWYLFTX
MP779794
RRHLRLMK
R4LMFXML
LTFRENCC
K4EFAAFA
H7KFNT3H
NKK3WMKN
77EX7HPN
NATCXXRL
W3EW4TWL
W77TW3FR
MEHLNWH3
F77FWRXF
YKNW9PEP
KY9WFY4C
WCKPKCKE
X4KC37F9
XACCLFTH
PTCTY4YK
MKA393CT
73LRWNCC
TYMFL7L9
RAAEYYYN
X4NFR4FA
9FTLE33M
M7RWL7L3
RCYN7PYC
M79TCWHE
9CX7T4KC
HRM3TXXY
T4XH3KAK
KEY4TRLP
H7TM4EMH
YN7HCAMP
PWRM374X
NY9CK933
HF9F4TXM
CYNXTNLY
397R4NKP
Y3CLKX79
PYPKNFKC
4WT4T4CK
3P37RLFL
4TAHHPPC
9K4RRH93
NNE4NFLH
9HPCHXLH
3HHYPECX
RMXH7H9C
NPCYXC7P
PYRWL4XE
9T3EAAFL
PER9NE9X
T7E3WPXY
YHA3HFWN
HP9CKKT9
L9YRLXCT
AEA33FWP
XWK9CPEH
W7XNXL9W
44KTHPFX
MPKNY7XK
TN47E3R7
LETE9NK4
XELXA74W
ERKKKHPN
APYNNH7T
H9HF3FHT
9WYRRX43
WE49NLTX
97WCFL9Y
7C3HM7FC
ETNPKYK3
YRXEYMYH
YMP3W7RA
XTF37RAY
NLW3XCE4
99CN4CYR
CP34WWN4
CA943TAP
RNNFHT94
9CLPWX34
TMRYL993
PYF7L7MF
L4C4EHPR
W4N93W4X
HYRRRX9E
H3FK7HR3
K7NCKFL3
P7KPPWEH
LFWCW4C9
EM7YKPFW
CWHANH9E
NRHYW7LL
9A3PCACC
79K3KR9X
Y3FANE7T
WTMHPMEM
MAC9MMXM
FMEALYA7
YC9WXFWW
MEWN4RW9
3CXYFWRN
74YF44KR
WT9MANTE
PNLFMT9R
4WRE9NXN
RE9347P4
CPAR4CN9
XC4T7NWX
CAX7R7E9
WTTMXEMN
KHXL7CTE
KRLRWPPR
ACXYT33X
K97KXKH3
NH74TE47
PA7TMEHF
K4FM3R4W
CM7TLTKY
R9W37L3H
HRPWF3KA
CNMXLFRE
3XMFRWNL
3YT9LCHH
TPTT334Y
CTN4CH9K
EW3RME3Y
3LXT4RLN
TELA79NF
3XCLXW34
ENLAFM3T
3CTA9M79
9CANYFMP
7TPLALLT
LYK7RHLY
APNLPPPM
9LKR77AX
E3MHYFA4
4449WMYC
EEARAMAX
PA7CY3W7
Y9WHXYY4
KH343PL4
TRRTKNHK
RFPRRYTA
EFEKAMPC
TXRHMPFF
RCKWYTYX
R9FYMH93
NPATWEKX
EPC39449
9EAKWF3H
HHTMN79E
RTHYATM4
T7YEM7KF
AL7LLMAY
E7W9AKFL
X3XF7K9R
C3RRYE4Y
CXWK9AAN
HHR7W3RP
7CXCP79R
FA9XWTNH
PTNKMF4X
EXP4MHKE
KYHK4FKF
CMH4XFLH
ELHNP3AN
M9P9KX4T
KRRK73TW
YFX7X4XY
LCKNPLEP
NF3H4YNE
KK7RCKW9
9TCKYEX4
Y77A4E44
RAWFPC4E
N7EKNCWN
H4P39W3K
747N4M3R
PR7ERRM4
WCTEKHXP
XRL9NR7N
NHT3CHHH
LCMACYLE
94W4EERW
E77KCMPW
3PR77A4P
NRNXA3K3
PHXAKLFA
K9K9A3EY
9MNN397T
X74XT4A7
AHEX3H9P
XXPNARWA
RMMM9NF4
NMXN3RCY
FKP7CTFK
XFMAHC3T
WCN7RN7K
39CE3YT7
AXEWK4CX
9PX447Y4
XWEKWXH9
4CCXPWTL
NK73KEFP
HET4CNKY
RK7WCPML
YFTXXC4A
PKMX947C
FCRRFWLN
YN7KMXT4
NHCRCF4P
MMHAACFF
F4MRPF4A
733943YL
PT9LMTFH
NW49NL34
3EF9YM4N
YRR3HRK4
RTTXY9HF
WTCMLNPC
TNWC7A43
L4CAXR7K
NNXL4XMP
CYRFF9KP
NA9PMKHK
YE9RWWFP
MYELMXAR
LEXKX7YH
MNLEWN94
MKWE4MHM
3W3PL3YN
WCPCMRHL
7MNKXYH9
T4474AAE
N43HWL3R
K9AWPTRR
XY7YCNPX
W3MRP3AN
37F9WRNC
KKCPTFMT
7ALMFPCF
AC4FEH34
WMTF7HLE
7PLW77FT
WMRWFWLX
YKXF9MFP
KPLX3KC7
44FFRXE4
RK3MNHE7
NKAKWHNW
9YMLKPMW
LPT9XMTM
CYATHYXH
CHC3KFNR
73FCCP9L
3NKCYMEM
3A7AHTP3
7LW9PNYC
3PFWTTKT
KWT47WW9
HPPEYW7L
WHW4ACW3
E7LALRR7
RLCKYCXT
TPXRK3WE
CWTYPXR3
CH99HNX9
MTHF7RMX
9HMP4W9H
TWHEHLM7
WX37TX99
PR7RP4CX
MFNYX3A9
APYLCHAM
3TP4WM7E
TKE77PMN
HX73HYTT
9FHXFTCT
RC47KKTC
3PPT9EEK
XL49HAFA
P7AMEL4P
ET7E9XNX
R4LMFA97
YX9W4CT4
RETX3RLK
4LPY947P
TCFNE4PK
X4W9AF4H
3N4AMRXR
LX933MEX
EATPTERK
ELE4Y3PL
XX9TKTNL
XM7XCCTT
NWPPWLAH
7CAXR4W3
E7XFAMMT
H7HWRCPX
9APETHFH
YFL4MML3
C7PYFXPN
R43XX3CE
ELKTEANK
RY4YMFEA
F3THHKAC
LCPFCLL4
M3W73WRA
YCRLLT7M
7KCWAHHR
A9L7NNT7
PEHWARK9
9WYFE9C4
44KAX4LE
73A4AT4E
KEHFALPF
XPRNYRM3
77ERFY3R
TNH7HE9M
LC37TTR3
RNCTLTWF
WETRXKX7
C39LRMEX
KKPEL4CN
AWPKLPTL
3LY4PLK9
MEXFFWXK
3WTMAPRP
YW7L97WK
7WF3ERLT
XYPYFC39
P7TCH47Y
74TC347W
YATXY3AA
CFRTR4PK
HM39K4FK
97FAMR9C
C3ERXCHE
9KXT74RL
AW7LNTWR
AEPFC4TC
9KXET4NK
K7X9FYMN
CWFK9P3W
TME3XEEF
R3Y3H4KC
4TN9KNEL
NFPXFNFX
AMLFAKW9
Y3XH4WPA
FC339YPT
HX3RAH4N
Y9RKTPK9
37XY7TTE
PFL9LLCW
THLCT4MC
KCHTHLH7
Y99NP94T
RLYRY3PT
LWMAW97N
RMX3977A
MLXF7CLP
X49CXERL
K9EX9CKL
4NFP4MEL
EXH9CAKK
4WN3KKXM
LLFHLFT3
LC397FX3
YWXKXCFN
LF7YA977
394KNHAF
A7MKHT4H
9MYX3FMR
CNWLA3WL
7AHXFKCE
PAHLCK3F
YH49FXWH
A93C94HL
WCMYYL7A
F4TX473K
LPFPY9MF
LF4YPR3Y
YKTWXX4A
AHK3WF7W
TAKEKMMK
WTXF9CLK
TNARAE3X
TRH3T33Y
P93EKALE
HAFL77NT
KKNKCLXK
RC9XNKYL
AKAARTXP
4F3M4R7P
XHTRTEKX
LK4M4397
CYCN3A4Y
HKTACLXL
H37R3L3F
RNR4N4WC
RK4H3NTC
NC4LM9CK
9LRAPFCX
XTL97YNY
4WPWYXFR
NRETKEKK
HRC9MHWR
YEWC93K9
TLTHPW3T
MFMPP94W
TKFTRYLT
EYYHKAKY
EM7PH9XN
73YCMTMT
MCPPECLK
RNFTCT7T
FY4P3YAX
ML3TPKKX
E9PFRRKE
EWCPEA4N
49T7MPMW
3KETPE4N
RWF4H3FW
FW3NFHF3
PHYHPYTX
7AHWPNRY
EAXHE9NL
4PFFM9FT
4KWTRLF9
WRW3WC47
RF3RK9Y4
PEWEH3PL
PN7WM7TM
94LLT3MH
RTREX973
W9YYPNKA
MWH33WPH
4TC7E4MY
93MKFFRH
X4YYN79A
4H93ENX9
CXTKKXM3
NKRT3LT4
9XKNXNYY
WP3HH3H7
TKXEEA4F
W4F7FY43
FKL4MWLP
P7A3RXP9
F37WLH9A
WEHL94XX
T9WTN4PK
LFMP993P
73RTH3PE
AXCRXNCL
EY4Y7E4P
3CX7EMRY
E4F93X97
N99AWTX4
WFPNE9KM
4L9PHA73
WE4HALRF
YLLP7YPW
43NKKARM
H34FY94E
Y4ARC7XF
XT7HCNY7
FCFC9N7C
A7TF43NL
KCN9YLEM
FFRP7AWX
CYWCK9RN
3R9HCTCA
3AMEFLRC
WYNMCFRK
YMRK7CT7
9FF393R7
LAXKYFCT
EHECXTF9
C33FAH9X
FTA4YTRF
47KFYHXF
9NCTXTFF
T7NFRAY4
EYHWTFTM
7EMHK7EL
KTEYRPLN
MNHHPKAP
HNXPELFH
EYTA4Y3R
E34HEAM3
AXNYKNC7
RLKLRKWT
Y7CM3PPK
AT7H777W
XH9NYFTE
P74F3W93
WWLXFHWX
C4KKPFEC
K9YAT33K
WKNRLTA9
NAA79PTK
FMXRWE7R
WA3AN7RC
E7PHRECX
YTFCW9HA
XYYFY9TH
ETRFX3YA
LHXTXXT3
3R43ERF9
CCH77NHY
RP4HHPMA
RWRPXM9N
7379WLE3
MFAHLY3R
ET4MXENM
ANPEYPL7
4CELECFA
X33TPAKF
KHXWTMEE
KWEENARR
TAM9NLLL
HTNPLWT9
4RERWHML
XHX77P7T
APK9NEP4
33C4YYLY
CN3XAXCL
MCHRPCLF
K9XMCRWX
KPCM7YMR
RE44P7FW
YAKLLA9Y
LEMAHX9T
7YL9WWRR
FT33NM77
YTAKKPT9
KTXAFYNM
YT94AY3E
E4HXL3N3
FY9RFH3X
AXCP94PN
HCWR9RWL
CWNXNRRA
4MYNFYMY
HMTRXXXK
PWEPCNN4
LLCWELT4
HLY3NMNT
44PYRTEW
TA97TFME
4HPK7K4X
4FWNW3W3
M74REEYF
NPPT7LTA
KK9LEEXR
FLF44LL4
44RTCKA3
77H4YNTL
RRR7YPA9
9HWTMWFN
W4C4FKLR
ANHFP7LW
TMHW9YRF
FLH7AWEX
NPMHHTRP
LEWKRCFL
CHC3NCWW
MFAREHKX
X9CPFP97
YEL9KE79
4HWHKKR9
HA3CXMPE
AN9RNTPN
TAY3HPNP
NNHWCRM9
WAWPRPK9
L7N4NKH9
4EK43H3M
MF44RRXF
N3XLK9YN
W4RKA3WF
MF3HTH4T
9XAPHEH4
3ERYCERW
LY34HNCW
KMYAPCLC
4TFF4P9N
9WW3FKRN
FNKRECEC
7MKHTPCF
LWMTHMMY
RPC7ANEX
P449CHHR
ATE7AW9E
TFEE7XXK
9FMPP9Y9
ANPHMHC9
7AX39F4X
R4T9YL79
AP74HMRF
9KEY3NX9
NP7F3C3R
74LTY4WE
WAX34A9R
3FAPK7YK
XK9M3WFE
XKWKAFPP
FR3RHNMM
L3YARELN
9MRNW4C7
HLYTMYH3
CNMNCCK4
TTK4EPWX
TMFKCFMW
W3MCMW4N
X3CTPY9H
3TCKF9HT
APMNPE3R
WPCTEE7R
EY44KKWE
CK7RPANA
RWKF9AFR
KPHF7HYC
7Y4YTT9Y
PXPLMMHW
F34KR7XE
TFKNXPA9
3NRP9YEW
E9F3ACAY
RPPKCPAM
EKLR3EWC
RCXEY979
RM49KREH
43RLC3NP
3XY4WELH
3KKKNNKY
NNL3HCYN
ERYHAMT7
KFFX77XX
A7MNKPC3
WC9REANT
C3KNCW7E
ERHYRK4T
XAECTNA4
C4NE7LP4
KKPKMKER
M9FWT97K
CKARA7ET
394Y3T3W
NKFYPE9E
R7CH4HRC
YYNPW3CL
KTYM7H7R
9MA4K49Y
ECYPLXYP
9FPY74KH
FLCP3N4R
MMNNRF4A
Y3EPKAW4
LMKKXW77
EXYYLCE3
NMPYEMH7
3WL3KW3M
WXHPRFPE
KK9CNFE4
FNH3FPW3
XYEHALYR
3N7E44XX
PX3WP7YH
FN4AT3N9
APCA334Y
YCTRWNHL
HK4PPAFX
M49A3FWN
HMYC4EK9
EX7RNFLR
PTEXX7R4
NHALTMRT
9ACNNMNR
WK3K4MWP
CPKRK4LL
XXAFL4XP
X3MAEEKC
374ELM3R
ARAX9WKT
W3XPCYEC
XFYTNMWA
3HCEMFWF
4XKAN3XC
TRNX7NRH
YHETNCN4
NA9WX4MH
EFMTLCFT
PMMXFLNN
E3F9AL9C
AEXYMCYK
4YMPFYCX
AKAHM439
LR3NLYFR
73KHLNF7
MPLMMCNC
ERARLRTE
3PHPKXLL
XPCR744M
9ACWPYK3
XWAXXFRY
NAKECMW3
RRPY9W3R
TNTHLPPN
FKKPFRT3
7XHKWNAF
C4A9ACY3
NLP3PMKA
HRCTXYKK
WFTHKWFR
YLELAKKC
N9EFNYHN
N9WPW9XC
9NRNTEKW
HHLN3HFC
FNTTEP3M
RWACEXLM
9YTAYTLT
LHYEWNL7
4YYMLAFP
4K77WXLC
4P4RYKK4
3Y9CP9LL
FXMRR4TM
KXN9PCCL
K9XKM4H4
AFE3MXEP
TR3RCMPY
3M4FLN4P
RK7NN7LF
4TCNWCKE
X47AFMYC
MFNE7P9E
RNE47MCN
39WPENL3
TMCTKXRA
7NFLNWTM
KTETNYYW
9PXPLF9T
MHF7P4TY
LH3NLXKY
4H9EN39X
KHLECELH
LRXC34MX
PA9PKPNY
XCNPC4WY
KELTMEPE
KA9FM4EL
FT9T9YHC
AF3PHHYC
EXT4K3N7
KHLYH73E
3XFKMXEE
WXFCCXMW
WCLWTP3T
7HTYWKM4
7N44HK97
F97X9KEE
PHCX437N
EHHWRWEC
444LCCWY
FWCWK7CE
YT3N4AHA
X3AN74PM
FHPHHCTL
CRAWCXY4
HETNREN4
CLC9PHYL
MHLMLXFP
YWFAPACC
37PW93CT
97LEFEWM
K7RNLRCK
ANRFT47C
KN3934C3
43TKYLME
RLX7T7EX
49KHLWKK
4WK37EXE
AE9N77A7
WAKYY94K
PYPCC74Y
M944KTKX
CKW7HERY
P3RXPHKA
7ECYF79L
94LFHHNL
MP97T9PH
LN7LWYLP
H99ET9PW
NWKCW3MC
WR9PPPLC
EKPRAFEX
KWRP39E7
9ARKX79M
AYT7RFNM
ERRPF3A9
PXP3EHRK
XEKL9EYP
M3EMFPWM
EEM93MEA
YRXMEL7E
NM4ETHPN
YHHW3A7K
9NPHLE3X
RCEH9Y4L
HR9AK4TR
9349NMTA
HALHKFW3
YTNC7LXP
K737XRN7
CT9KXYXE
LLWLNYH7
YTXH3AP4
WTYHNCLH
994KXRYM
F4XK4LXH
HYT3F4ML
MHXWRXMX
PMHNAMXL
C3EEC7M3
LA3RRHLH
H4EMPMT3
3A3ETYMR
3TAF9343
N9CRRC79
M33ATLK3
N3E7RNRA
LT3XYEXP
XWE4E3T9
4EHFXTL9
ANCLHT7N
TT4PWPN7
NNW7YPYE
PAPKC4EN
YMRA3KRX
MAM7HL44
EEHTAP7A
Y7EXY3RM
394XWTM4
CLYL7499
L9EYPERT
9N3W4ALK
Y7W9FFLE
7YFKYEFW
MYHCATNX
RHHTHWPC
CHNPFCWC
9FAFLETY
PTPPXFTM
AX9R34W7
N4FTRP3A
9KYFWLPE
WL97HMPF
YRR9WFNX
MCRXA9MN
AP7ACWL7
HYRFCAYA
MT7KMKT7
KFFR3EFH
XHR7YPFA
9HWLAFMP
PKYA3CM7
XYW7H4XA
MWK37WEC
9HP3RYC4
4R3AKKRL
YNKAWXWW
43AYAP74
LR4WHTXC
RWEREHXF
YR33F7PX
K7AXRAAH
LWPX9L43
3XLRK9C7
XNALPXHF
RPNML4LC
X7L3WTEA
3FE7MHMF
KRXWL3KH
N7YKRKCF
RTWK33YP
FK44PCRF
FKTC7AHK
TAHYXFNM
9WPYTNCN
HAAWHLTK
ACX47NL4
C93MK7YR
L4WXM9KF
KRFAPELW
A9WC7MEF
TP39PHLC
EP3PFXRW
NFWLWATP
LEYP4LKN
RX93WMLA
TKTYFTE3
F7MFMENC
HM4FYRXK
4XKWCXPX
RN4LA9RF
HELY7ARF
WMAW4YLY
AFPCWYH7
NWEXPTRX
HHH3AXAC
XYYLR94A
NP9AMNW9
MF74LWEP
L4LWKNPF
NRYPTEX7
TRM4FNEM
KP99RCN4
WRE9KFEE
ALK73WEH
7YWTNRLP
CMTRMT4L
47WA3A9E
XATKTPWH
PC4KHYFW
ERNXCXNX
LHMMK3KM
M9L7W7KX
CK4M7ELT
N9NTW4RK
797E4FWP
XAHLTCC3
C4PRACW7
3CTPPM3T
3YTREPF9
TNMAAFAN
AHFYTR97
FCYTTYA4
9RLYFERA
W7LACNPX
3CNC4XA7
MYXRRNLR
WCPHAXXK
T3XRWN9C
CLPHEPPT
F4KMEK3E
FXE7RCHX
7N4A9LCT
7XRYFYNH
7YX7YLNT
ELRLEPE7
X4NEHTNK
YH9RPCLL
E7K3WAM7
7WNN4E9L
Y7YK4TYA
F4PKATP4
EWT4WYHP
RYT99ANM
4F4TLNTA
9AL7LHLH
9PFP3EK4
LXMLFCMA
KNKAHC4L
T979HCWX
F43WA3A4
3EX3KCCM
PWEANMXR
EKWLX4C4
WF7PTH3R
K73FY7LT
FMFXFNFH
CYF479AC
7N79FYXN
FMNP9LM4
HK9L9MPA
979FWE4E
4TALF97E
97RCKN7R
CWLRY3KR
9LNEELEF
AMW3R47X
FCAK4TFH
TTA9LXFA
3XNPCMC9
EC3YCN7R
L3A9CEAF
W9YTYRH3
MYXN7CEW
KFEKY99R
E7W4FLF4
KFCH9KRE
LEHN9WFX
LPHP4M3F
R9KKEMFN
CERP3R4T
NLX9AX7F
9XCF3TCC
7HY79XEF
EF439HC4
HCFNT79T
RECMPN7Y
KL7NTEE9
RERWT9FF
7ERFPY4R
Y9A34XHC
A9P9KPWK
H77LE3M9
YYKC39WC
WHPRPR4P
MPCAMC34
HKLW3K9K
EHNCYWNK
A4PYEPKT
HPLTCFHX
7CKXKYLL
HHWP4XTK
3AAE9RNT
9TTKTWYW
TKML7YYT
T77HHNCF
7KRYWEX4
ANEMCLTR
WL3WEMCR
HPE49K9R
K9CRKF4F
AFKKC37T
RK9L9TX4
RRFMETKX
49CPCLTW
3XCTMTLC
4M7HAK3E
WWPCLHRT
T9NCHPRK
F49PPLER
PHLAFKR9
N7A3WA7Y
THYLNKNA
A9NK9W9L
CK7XMXRP
437MRYL3
LKCARNYL
KEHHTAN9
4FE34FCM
RA4HRTNX
EFHAP9FT
7ERY3FWC
X4XC4C93
WN37L79K
7AT3F4Y4
3AAHRP9F
WYAA9AYF
KTWXHLLC
NEMHFNRE
XYLECY3A
X99CFXFH
NPWNWHEY
LAXMT4RR
4NNKY733
CL4NMK4E
ALYANR9P
TLNPNWNW
WF4EML7R
F44XRNFX
XRWNYMPY
MXC4L3NF
794HCM7K
3KYKTLXA
9NNYXXPR
AM4WLCXT
E3RCR3K9
CTEWKXET
WLNHMY97
RXEMAMYE
F3AYXWWW
KYPLHTLL
WKHFWCR7
WNCP47H9
EC37TRLL
E7TNEHLX
7NM9HMAY
FETA43RL
TE94MRAN
FFYF9F97
FKNTEYHF
4XRLW47N
7FPPEMMM
KK3HAR3X
XCHRTH3K
77F4RF9M
XAYA3XX4
9L4ARKYK
PCNNRT9A
43YKLPWA
YKCNXPTK
MYYEXHLC
4EF3RLM3
KXFKWEEK
CFATTW77
H9HPXA3X
YYWM9MPT
EX3YW3K9
PPKEC9L9
N97H37E4
C7W3PEEN
KPYAF47A
METX9FMX
CTFW9N33
EPHCCWT4
RXRTYT9P
WFRPLFKM
E7NLRPWC
YYYT9YKE
E3R7NH4K
7PCLAY4T
74FLATHW
YERR9EAR
LKYLNTHE
N4FTLYRX
YRFXH7PW
PF3EXW7H
KATRKNRL
KRKN4A3M
RE9CHXNA
4NYY3TLK
7HFFW9P9
CHTA9HTK
LYNAFWRK
NWTPMNNW
TXEYEAHY
W9YX9Y4H
LFTFXMNW
FRHXM37P
E37KCX9E
XLNXM4K3
EWW37PNM
PWA3E7MT
39WATEWF
XMMXFNFP
WH93X3CC
W93HECEN
KYNN9YX4
NCYPWFKH
PW4A44FY
FE7HF3TR
3FXNPPXK
EFY497AK
TRPNYRLF
W9XHMMWE
PXTPKPW3
A4P7EMH9
KN33NPY4
T39PNMPE
CXMMFL7Y
3C4MYRWW
HLEMHMY9
4X3AXA4K
E7CHTL37
TE4FMCYR
LMM7XELH
NNP7RTTC
YT739RHA
XNFW3WR4
FFNCRRRY
NXEY3KAE
73NEPPPK
WPXPRET7
NMFWKK9Y
HWLE9LXN
N3HRA4NC
RNR7TTLC
KEXLELA3
EYW74NCX
XTFAX9H7
EYM3CWM9
HHTNEW7E
FXWWYCL3
NT9LR49E
HHACWFLH
FXEA4FTC
ELE9YNYC
NLFK9E79
LF9KNHT3
CWPKLHRN
AY3KTM44
47RAHTHL
7WLTXAKE
NL9X3X39
YYCYA7K3
AYXATCNN
HFYKRCPK
L3NRPCRL
H4FYHF9X
T9PLRNCT
LNNXLRR3
HAFFRAEW
W4LLWEPT
HY4T3AAH
HX9W9T9R
MEENWXNX
4WKATTKK
TNNPW3WM
ATM79EPM
LTMEFCLM
TLWYWP93
FLKLRWY9
KK3YFN9T
NXFPN9YP
PWL3RFMT
XXK9A49E
EETPWEHF
Y4E933NX
NRTHNMX9
P3H43HTW
7KN9YYPY
FNR3RWTL
4HWEPT3E
4WPWM733
4HR9M3AA
9RWC3FER
X49FNETY
F3HRTW7W
CK4AANRX
KWMWYTPP
A34REAHC
7KFKX9AX
7XM7MYEY
MNEFKNX4
7MNKXALT
ECCXP7RC
T9N7CAKH
YCWL9EFT
E73CNEAK
3AHHE7FM
WRWCLMAN
WENRTWXP
HLFHEPYP
LY4N793P
L793LPTE
9Y4KYFFC
7YXMPNCE
R3A3HHTW
9YNAM4YT
KM9MECRN
WT3Y7P34
AHAXKNRC
FERKMW9K
YTARWFHC
R9Y7YTPY
Y79FPCAN
YAHXLPWK
CCEH4CAR
TK7XTARH
RPMYYPX3
YK9K37R4
YW93WW3A
LT4AFFHN
34YHNC47
3MX77CYW
RE4Y9CMC
FTMNEPFM
3KTMTKRX
4EH7H7NK
YATAX4TC
XYMLN4NM
7MYLTEHW
L3WE7TTK
HKK3WALX
34AL44R4
9MHLW7NM
CC4FMKRF
ENYLW3HA
XN7ENC7T
X7HL9XPN
7RMT99TH
CTL7N49N
FLATEREL
34FYCNPP
X9EX9X4X
RXCA743K
FTRCTAA7
4WK49CLA
3M4FMCRA
YKCN793K
WFFPMXWF
HWE9TA3E
PATPFAC7
9KRHN9FR
WPKP3LYK
HHWXMY4Y
L9LR3NA3
WX9L4K9N
43X7MHEC
WHR99YFR
X4HXL4XW
AA3M3AAE
PNMPKTPE
TWRHY97C
TFFY9LWK
4ETYWNFX
RNMHEXMF
L4KHNXX3
FEXFNKEC
XEXYX4FW
LTNCACXH
4C43LWPX
M3RHWNRR
RYXTWTYA
ARNYXEEY
H7K4NACN
7EEXKH3N
3RAA7AH3
T7R7737C
PKPEEPAC
KPAKEW7P
9CW7M9PX
3MRLL9RE
RC3KMC9R
393KXX74
H7EAYXAF
XR3CLYNM
NRHH3A3A
WWL49TEP
7PNECWKC
CFTMP3AC
Y4TLRXNY
4NFKLCLW
L43KT4HK
7PNHM33W
LMLTP7CR
MPCX9RX4
F9WLCKTM
9PTEME4M
E9N3FH9M
KNXMW9YP
HML37KPC
TXETKKR7
4TCLWKNC
A343RKMW
9KT4E3F4
YRFAAY3A
7THRFKPX
FMPYYPWM
4PPM9WWT
M94TNCFE
39WPYNHT
C7K7P3MH
9TNLHC4E
KR7XFXTR
PKXPXTY3
E77PCEPN
4M3LRWNN
3PTKYPYY
NLTLY9YY
KFXHXWXP
LRYRAMMX
FELCP9E7
4TL7PANH
RXRK9XXT
HEYAC9H7
NRPCAXEP
FFPK9TYA
NNL7HF9A
TXRWWKAL
X79X7KC9
LATA3EMP
H3YLPAR7
MW77EHC4
RW34TFXW
9HMA97FY
9LY4NTK7
3EX9M9Y4
AHWWA7XM
MPAM4P49
FCPCNXEX
N3FKRLXE
3WWYW3ER
W7EY4WEH
4K7MYWWF
7RXMY3MP
LR9M373C
EECPRP7K
ETWWPEF4
NLE7LHX3
LCP3TT34
HK9CYTFW
YWYKTNCH
7XMMA9MT
LNHC7HML
AP4MPMR9
PYPWYMNW
XYPX3LCR
R3MFLHP9
7KCNA9C9
XK9EWTL9
4EXNAHAM
RKHTNC7N
NYC9T7WK
W4PXCY4R
CPCA7TRT
X3CWTYF4
4RM7NXEW
REMW9FE4
9YMRT9XL
9HECY4TK
HE43793T
KAFKPWWY
HMNX4NM4
XH7M9NXW
RHRX4K7F
C99N9XXY
YWPWR7KW
R49EMH49
AAPP4LAW
AXRRT34N
9XXM7FMX
9C3RL949
KLMETMFP
KMNHKNFX
TCKE9W37
HT9PNHAH
WPXN7AKP
3PYCETAX
7YNTKHFR
WEMM4AKX
HKLKPA3A
7KRW4RK7
LKKKLKHM
KPXATRMW
TTHERXX9
LTTTPK4C
7LM4N9AM
NRMCT9TF
CNWCYYM4
XHWCWKK3
KNP34AAR
7N3AAL9P
CWX33HMC
FWK34LM7
PWWLAX7M
LWL7HCLF
RFLCEN9T
LMA9ET99
HAXX7MAY
F33NR944
XCT7P3AE
TMF3KWLX
FLLYTYLE
MTHEYP4F
NFYCRMH9
TLTPH7YY
WXFNCKWH
4YPKLYMR
HKCLYTXC
H9ENT3MK
9HKTKWFF
YC3NNTME
YEXTTEF4
FWWNLACL
AYXH9WE4
PX3EF4NX
4YAMFWE7
4RH3AP3Y
CYXWAN4Y
KHEP3X4H
TTE43LXP
E9TLPWHR
44WK7XHX
9A934MWT
KCYT4R3A
4TLY7PHY
97TR4FHE
LNRNYAWW
3PYH9T3N
HFFMLYEK
H9EN9XFA
7TAYFW3W
NK9TCAFM
XLF7XAKH
3XAPXFAE
KWXKTRKP
PPKP4Y7L
KW4KNN9C
HCHLE43X
ET73ARX4
YM3F7AKP
4H33TTMT
RCAWLNL7
TF7A4AM4
FNPPX3TY
WCME7HT9
7CEMEW9L
CRTKHTYW
R4CFKNTF
CFXY9ANK
ARCL3M4Y
PMLPPX4Y
X4T3PR7R
4MHEPEFY
YCNY9XRK
PKCYNTC3
4K9MCEPH
7AM37N4F
YNTLKLWK
XEC3YERW
3ARLPXKP
CAYHR344
WNNET49W
HMWHY4KY
77WXKFKX
7CM9LPCR
7PX3NXPL
PYYFC47L
CXLWC7EM
7FNKCXPN
Y4WKRYPL
WPLHEYWX
C7WCKF3K
T9WCT7CN
XA93994C
FY9REEKE
NLWPPTA9
XAR3PLYM
9EMCX4TC
R3WYLPEF
4Y3NPRYH
7YTPPM4K
3NAL3KTN
W4ECY44K
N3L7FR7A
FCWLL7FL
PLERMAYX
C39H4LHW
4FT3YKL7
9PETFYXP
44CLAMHL
XM9NH3PW
EW9MEC47
E4ARX3MP
T9FR4MX7
XLFNC7EC
M3YRP9TL
NXELE3P7
9CL3LHM4
AFFYPPRA
TTWFLY3T
L9RH9W9N
4PE7R4RN
XHXEK9XN
AMLAXK3F
PFYWFC9F
YFWYFKRY
PTHCKKKX
7MK9L9WF
LHFTC7CN
9MLFKKKM
AE7ALYC4
FRETM3XN
RFK4H49Y
LFH747KT
LWLLL7FM
REAELPCK
FNE7X7X9
C434RXAP
3MKWAP4F
H3347NYC
XKRR7CFF
L4CKEPH4
W4AFPTTW
YHHKWKHW
MP9L3T4R
4WPR74T4
FWXM9EK9
HEYRLLPM
HERPFP7P
XC9PYEAW
WNCWYHCX
9MMMCLWR
3T7NF3RN
TKEXR4YY
HYPR4MPW
YMPF4PCX
RM9R7X7W
3LCHCKNW
9K9KMFEY
YRRFC3HR
C7NC7NTY
AWRYY7WM
XM9XR9PA
9FE7PLXA
HH4ETRF4
YPYR7WFM
XLREPNWF
PPHX4HMC
WFEYLWCC
YA3R3R99
XKM3KLL3
FC7LXAM7
HNCNKNFC
HAK4X7PX
W9ETWKLC
KKKR7T97
NF9KNWCR
NL7CL9KC
C7FL39AR
AMTY94L3
F37K4CMF
XKTR7LTR
EMAREWCM
TH4L9Y4Y
TATX4RL4
EFC9F9L3
3EE7APYH
XXPHY9HM
NL4FYYMH
YHFN3R4A
AWEXFKNX
PYHKEX9F
RXTPHHNX
TKM93T9T
AW4XW7CK
HRAR3FW3
F9WC3HFA
N9R7RNWT
HACM7EMW
CM77X9EM
PNRF3NCA
MH3PWCWF
MAHAP9EP
XM94HMY7
9C7HLATP
F3MPKKTK
P3HX3FKA
9P7PKCWW
EEA44XXF
PEXWC3TR
ECCRNPF9
FKCR7RNM
RPKMMN4N
C974PHAK
YARMFPAT
E3FNEMTF
NAKWR7N4
F3NCKMHX
HTXHAFYM
HCP7MPAX
3R9CHT4K
KMET7YK9
TLTWMTR7
77MXMYMH
FLLHFLMF
WMMPMW3T
FK3FA7M3
ATYEEK3E
N3HW4WFY
TM9N7XWN
T4AMYR33
7K4PTKER
LYAPCEE9
A7MR3379
AX9APAEN
CR4P99LM
NNMXLFF7
C39L4EFT
TNYKPW3T
37NEEW7T
7RWHWPHM
RTML44LY
NXKEM34W
4KTLXNA4
Y4CRNYH4
AH4W77XH
H9LPHWLF
ANE39LKT
73C9AXC3
97CK3AEY
PXYF7LNT
RYEEM7RP
CN3E9MMH
PTKT7WAA
PKYYYWNF
M4EN9R4E
XTKTCWEM
K3EY9W7R
7RXWTEY9
FPPXPTPN
4A777CYA
NLC4LNPC
KACA3C7P
CR43FWHP
NAPNCHNA
H3CRR39P
XA9HF97E
A3RRCP7Y
LNPL9PHP
34YECTMC
349E4WTP
KCFLKFFT
WCERTHMC
XAWLXEYM
KAECKW7M
XFPM7F4P
3YETAFC4
HA4HTML3
YYWYFWEF
CHCW4EF9
M4N7HRT3
LALYH3CY
3XWXAACM
WNEAAEYA
KCXWFY7W
W9HLLX9A
LHWPEPCR
7MKTPCYC
PMAP3M4N
A3WETNXA
4T7E9YA3
PMNWKNEH
99HYWRCH
CHKC9YCF
PCPWCHN4
AXNWTCWA
3RHFTH3F
NRPX9KLM
RFXAPYKY
RLAMAHX4
CKYN3YLW
XMWRW7RK
LTMTPL39
Y97NP4HH
LFYLYH4C
ALKM3LAL
N44H4CEX
NX7P7HNE
FA9P4T39
KN73T9TR
RR3RWHMK
YXAHXEM4
KMYFH7KM
4HMMCEYT
9797MPMT
RAA7RTKA
7KAY44PK
H4LKNWRY
7XR3ECMH
ECEL9NFK
HNWCYE43
74LT74T3
YAYLMX37
XE7XWH3K
K4YPMLKM
R4T4PNNT
NTMF4TF3
779W44HT
EP7M4MRP
FEFL73C3
CH73LLCW
HTFC9NF3
PH3AXCAK
Y7LKTC34
MPLL9H49
C7A7FHWC
PYF7NHEP
EHKXAFFT
PYT4M3HK
PNXYW9NR
3X4NYFN4
CYY9ENWR
YPXWXMPW
X4LY43W9
XFC4TMN4
HPKYMWYK
KCT9LKR9
XHLT94C4
ARL7EYCL
H9AP7EX3
CWWH3EXL
94PNT79P
LL4PRN4F
XMNM9NT9
TTCXH4WY
EYRCP3LA
9KN3CXYE
9CMTHFNL
9NLET9AK
7H3HT7YY
W79LLFNA
RHL33FHE
LARCXH9N
K34FXYHP
7CLRA7EN
XNKFCPX4
LYMR7RPA
7HK4HE97
H37YPFCF
LPEM47LE
H7WPAFYF
YTWX43F3
LRFCKLE4
XYYEFH4E
AN7RLPFY
LHKTKYHF
M4ALT9HY
FFECR7ET
7YCTWN94
KNKTRYHL
9MHFFLWT
YFACN7XK
EF3NNTFC
4EP4H7A7
79LPWYHM
NCCEA4NE
KLWTX4RF
7XTPXTCK
AA3A9AKC
YY9TTA9R
RP9TR3AW
ANM4YRNY
XL7WF3MT
ENCNKMFP
HAHLFYLP
AP79TNM4
CKAYYHKA
ATTXYYME
3Y4E4R7F
PA3CHKK7
4PL7PHRR
MHHM39RX
YNHENXRC
XNRK3FCH
3FMHYCH4
YTAPF4F3
KKKYYLXL
HTNNF7M7
WWANKXNL
EFYRT49W
4RMAR3EH
MRXERLKN
9AX4AHYL
RRMX9XFX
NEWM3T34
Y7739RHX
Y9AKTEC9
4W4WACFX
FEXEA3PF
FAY7HALM
474KECY9
AEPFHT9Y
MYLWWYX9
CY7E4C39
X939M47R
9LYKNLCR
EPT3CHCR
MYNXTW4M
49NKRE3R
APYR9TRP
ARLT93EY
H9XHYCAA
AR4LWFCC
34WPCMEC
RHFEMPWT
3EPWMTWR
RA4XLFKX
N49MTENY
4KAXPTMX
EEY3XXT7
77RK3NYA
Y7LW7M7R
HEPTFKCF
WEC73N4F
LE9N9P7T
3E7XM4YF
44XLFAR7
FXX4T7MK
W4CLPFFF
HHELAAYL
MWWMA3EX
FWRPLNFE
KHWK3FKP
CTKLKHEA
34M9YF74
9P4PYCHK
Y3YYY9WM
NMRYMR7T
H4XEKAC4
RWNWP3WM
99AYHM7H
PR993T93
FTXKHE4E
9HEHKMT9
X99TNPA7
WLPFYRP7
KH7ENE4L
HK9N7YR3
4LM4YPLX
FYWHAHWM
P4T93KLX
3PECTYWL
LWXWPF39
H4H3PNXE
T4KXLNLH
7A4PXAYN
PAL7F4NX
LWY3XYT3
CHCYT44N
N9PAA33Y
4ELT4NTY
P4ERRXTR
4CPXPLWY
HA4H7XEP
MT343KYM
RAHATAAL
XKTC3E7Y
XYXPMRNA
EYEHAYAY
CYEN44EA
YHCENCCA
9EH4CRC3
FF3MLC7P
NCYF9C4T
PA3RAMKN
A9YYAHPW
CNW4WLHE
9YNL9N7E
KTTPKKA3
M4MCMRCF
WY3A7TWA
CA4WFAT9
R797LH37
33NFFL3E
K4PRHLEE
PHH73MR9
LA9NN477
TAN7TR9F
4MAHNL7C
FXALFXLE
WHXWF9YR
PXKPXTRW
TWMAFF33
7AEYKT79
NCTALMXN
FPRHLFFC
Y9PPCRFW
KK44HRX4
XL4YWR4R
7RWNXNYE
7WKEMTPK
4RWLTXXX
TRT4LKLH
LPMH9EXH
WT9MTNW4
X7HYH7CK
MPCTFHFA
7PYTFHAP
37RP3XAH
K97WMFNR
P9YNYAXP
E9W97AC3
RAWYTM7N
9EWT3YXL
9XYFCKCP
LEC7LMKC
KLWKEKEP
TWL4HR33
PLAKXCXT
FKKAYH4Y
EACPKTWY
TKEW37LL
YFEPPHAW
E7Y73MHL
TKTLM4EN
X4HWYFMA
YAHCMANY
TCFL9CX7
3XKP777A
74NEX3AT
ALRCXFMT
44KCCKR3
LTFKC3HC
7HENMFNE
MN37H4H3
LAKXEKE9
HX7E7WCH
YPAMKHM9
NK3CPRMY
FNLRT37F
PYT7RLMM
CLXXXHWW
9F7CLW37
XNTANK3K
RRERRWC4
XKYWWEYA
TNLT9WLL
FFTWCTYA
CNRWXNPY
Y39LKWLT
XPFPTXP7
C7KP9HHA
F7HTEFHE
W3TXEAMN
C7NRFTL9
9H4HPKYC
APFM3TYW
NWX79CY4
FLTPYCTK
773EXAXR
3TYLYNRY
TR3WY9C7
R9X9EFF9
RWEFXNCL
XRWRAA7N
TL9LLH3F
N7C7P7M9
HYKKXMLA
XWXLEE3A
RXLYE77H
P4CFHEXL
4EEAW4RP
MLR9WFTR
CFTNN9XK
NAATFHKW
LMFYETKR
EYAW4A3N
3XAWN79E
YMTALLFC
TXNXKXCT
NRA339M7
3FWP9YR9
KK3CRWMY
YRPEPN9Y
NTEXRMEY
34CPXPRR
WYT3FRFF
R3PTXMCW
PK39PRPC
7YYKHNE9
3FH7TAA3
WAYEHHWP
F4F94XKK
FKWKCFMY
KMNMFN9X
7YNEXNYL
AWR74MKF
KKAKXFL4
TCAXL7CA
XRRPRFCK
CCXHRYXE
MCC3MM9W
AKNTLKR4
MRTAEHFX
K4LY9WTA
A9N9HT4T
TE7KMEWF
7XFRRPPH
TRH34YTL
TYWFH4WM
NNTN3MAM
WPW7X93T
EFTPXC94
X3H33NA7
EPCWCE94
93RKHNPP
EXTPHL44
W333NH3E
TMKPHWLY
WY9MEY7T
FY9XAP4E
YAMK4FLK
K9EWWYLP
X9C74CHX
Y9A7MK9C
NAENCT9A
P9X7H4XH
YR7CF9RL
NNRP3APC
47KE34MH
A3TYA3K9
4C7ETN9H
NL9XMYR3
FNFAHKTK
MYNE9EY9
RLNY7TYA
7CE9FYF3
99RFNRTF
EETY9XT4
RKNTEFAT
TC7TNARX
EK3F9TRE
LFR3XR4A
LYAE9PTY
XR7PC3LR
4LCA9394
PCREXMRA
AKLWAANF
7K3Y4PE7
NTWMARWA
7RA7RNEE
M7AKKY43
YEWMRKEN
CEPLMMEA
YTAPR7E4
PW4XNPXK
3MNLKENX
P3EP7AYY
ALN3M99T
NLFXRC7Y
LCRC3F4N
3WK7ECKP
RLANR4MH
MYE9AL97
ENWEF77Y
YWF3MYAT
HNNTLHWP
FML443XY
XPEECCMP
XMPHYTCY
M4NNE34K
A3Y999T9
T7HT7WX4
HWKMMLWM
ECH9A77A
MEWHAY47
HTMAW33X
RTCC3RPR
X9T74M9K
A4AWEA4T
MKRTTCXN
PWL3PYCA
APNLH7FE
YTLR34YA
WMMLCMKC
PNLN9FPT
C3XKMWMW
3CMNCX4K
CNMR4KPL
3T3T3TFR
PNKFCMM3
THN74CPT
HHYHLNNW
NFCHKCTW
7YAPPM3W
RRYMWN77
XCHWWCYX
7MY33TE7
MFMHCN7R
9TEATWNK
ETHYWCRP
4FCLPYE9
3EYA9EAP
RC4H9HHT
MX7MR7FC
MKYK4HNA
TTNWFPHP
WNWTTLHN
FWNY4RLT
WF9CCMM3
RCHEY4EY
WYREHN7A
WKA4M3RA
WKW94C7K
WCLHNRMC
7HPN4LR3
Y7TEWCKH
XX4LM7HY
YMTMK3YY
RTKX9YPF
KW9NH9EA
WWTR43AL
9WPRM7XR
9NK4L3K7
F7CHYEMK
LP7NAPAP
4HCMY99C
MXLMYM4C
YYP4YWTT
YMLF799P
9KMATAK3
LRH3PRMT
NNHFXM9M
H9NKXKTX
3KHHPY3K
3CC4TRM4
9FMCK33F
HE774ML4
W7MMNRXN
KL9NR9EF
MPKCEH4T
NN7A3N4M
4KXRC4F7
MM74FFPM
CH9M7MKH
EKXMCCA4
CMEHAH93
N3WHYTYC
YX3PEWMM
PFFNHMWE
PY3FFXEM
YA979L3H
E9HF9HKF
T7N7F9M7
NY7WH4YK
P9EL49KP
N94PX744
KMCPRYFR
CKTNLXE4
W4F4PWKP
P4K3WFCL
9RETF377
PNAF9A97
KTEL3PYT
CAMPALHA
PF737HKM
93CPAW9Y
EMXNXRTR
TK94LM9M
9KYYPN3X
H3HR3CEE
NWRNAWXR
K4LW4YHN
CL7YRPPW
RFE73HLR
973CPAYX
9X4LHPMT
M7ARMMYA
3XRR9XCE
KCW7RREF
MPETNEPA
FXPCNWY9
AA4E9X94
4LCMWE9L
EHHKYK7H
9N9XMFKX
HYCNKKXR
A4PK7LE3
RHR474WM
NFFXEMWY
9PLC4RHH
TTC9WX3H
LK9THXT3
MLNPH3ME
PAXWPHNC
TYH9MC4R
WN4CLKWC
3YYFFR7N
AMR4Y9M9
FNPKL4AL
73799M7L
C434HY4X
4YYW4F94
7337KFAC
AWFWWTAP
FPKY93RX
EYR3WRL9
LH3KPFHT
3N393WPN
EYAYE4K9
FAMCF7WC
MYR34EK3
4CCEAFT3
AKWKTAAM
HP4YEKME
WLRR3KHY
4NW47M3F
YE7X3YXL
7WA3TAXN
PXXA39CM
HKYTRN4W
WRFE3HMW
R9MKPRC4
4PXAYECC
EWX3YH3L
4TAHMX77
9NTRNERN
M3LH93WL
LC7TECEL
KP9AL9EE
NR9TYNFH
73LX4E74
YCCFCCEH
N3YRFLMF
TCWTFC47
RXX4N7C3
FRNPRRX7
LTKRPWKA
XAEY373M
KPRLL7HK
39M73XP4
T3MYPP9E
RKLE7HXY
YHMNHCXY
YEPLNPLF
XWXL3P3Y
FATTX9YY
YTLANHHL
LW9HP4EC
TMLANACX
AKTAAN9E
LRN77TYP
EXTCXTRP
WXH9FRAC
9KMMXMNL
MHL7KP3L
MC4PFWWT
Y7WTMWF4
NATLC7KM
KRXEN4YR
44FYRKF9
49FERL74
PFTTYAL4
M74CLK3A
XMAPA79L
LNHXFCC7
YHWHEYWL
WLKXF9PH
KCXYR3HL
PEA9L7FT
N4XM79PC
3EAMP7NW
E4MWN3W7
LE434RW9
HNMC3W3T
7MWC4WPY
K4KA3RWE
HYWLAXL4
WYLKRL4Y
C44M997A
AHFKY9EX
NNXPYKXT
AEAXF4HL
TNRLP3CW
TL9RXPPX
4PT4MPNY
F3CCKAEX
3FF3WHY7
YFLATNKM
XPYLP3NH
EPKYP3AA
4FLAKXHY
YC7MMFKX
TCEY473E
39YRKYKW
HYEMRCFW
TAKMWMCA
CEHPLCEL
N4TFCHT3
7RXE974M
93NYXFXK
E39MPNMA
NMP7P9EL
PNHKX99M
YR39FRMP
TXLYF7WT
R7PWN47P
RNH9KTNA
X7TAAC9L
WFLXW7CC
C77PL3P7
3KKF3ME9
WXCKX9WR
F99F377M
MHFCKN4A
FNT3CFA4
PXPL37FL
A4WNPKRM
XFFEEN9K
4FHWA373
CFCFPHTA
YK47H7HP
KK7H3TA3
3MEPAEER
NECWLWYX
MYXEKWRA
YRM3W4TW
XX49H4W7
TMMEFH3L
3F9PEAMW
NA7MLFAP
TT4E9KEC
K9TKLYNR
ATNCFKPP
7PA39ARL
WXK79K3X
NFHAKTXH
TLCKP7PL
P7AXL7P7
3LCEX9KT
YHCAXYXW
F7CK3MXM
ANHW4C3X
HCNAYYR4
M9T7ELE3
A4LT4XPR
4CWFNPPF
THRNYAMW
Y9MF3MRX
XCXY9R34
K3KLMTWK
Y4RWX4Y3
TXPHXF9F
FECNE79T
LKCEL4PK
YAM3EC3P
LMA3Y7PF
MEKNY9PT
FTWAA9L4
PMYLXFMH
K7AP99XE
RCL7K9LM
RYKK3PL7
ECTRCFKF
XTA3TLHL
NCHRR7FA
HYPC7WYX
LXLNPWEL
LT4ALPHY
9EEA4AT3
TCXYXWLA
3PYAM7T4
3WFNKCMY
CHHTFCYY
FKL7KX4R
YW37R7HE
3LMFNHF9
KX44Y7EE
MYY3LLYT
YMX37FKF
M934RRY7
EAY7ELWC
YWYHAPX7
NKRTWPPR
MALMRHWY
A9LMK9FM
CYHMRFRE
WHH4FMC9
NC4ENWCL
X7HHANHA
XC4H4L49
A7E3H9PM
NRXKCMRA
YAWKRWTE
3CPHXP43
F4PCFHNK
A7EMAEMF
XWFTEKC4
9RYP3RLF
XA77RTMM
WX7Y4FM9
3HFT7EKK
TPERKLCW
NPTRMTXK
HYKXKRLA
N3L344FX
M7N43PF4
TH4P3M3F
EKYN7FX4
9YP49NNX
77L9YN33
AA4NCTM4
XWCPHKY4
4NK9LLWM
TC73RFFM
X9WF4LFT
WFA43Y9L
MLXHARX3
CAX34MYC
FWYFLC4N
34EPANEE
CH7X9RH7
AN74FELH
WRFM7KTE
4KL3HRLE
47AT7R4C
FLC3HMEN
X3RHHL73
FXRHNMYE
F7347CWK
MWFYC7LW
HAYWPC7R
AMXXFHCH
CRR4RN3H
XYTNATE9
FW7NTMKY
FWWK3WF9
P7HAX7YT
L7L37KRF
WYH9HLHY
KK4TRT4K
KC4XKMFR
LREC7HEP
KN4CTTKN
K3LLL9AW
9NLL7KW3
EWLHF4KT
A7NK9AMM
R7A9PNNM
XHY4XW7A
ETP99LRN
HXLX4CCC
3KPNEM7C
MWRMEFP9
WFARTXKR
RC4YFFKE
PA7PMHAA
PNPXTNWF
F4L97NLY
APRYLXTX
KPFF3LC7
TEYNX4AF
TTWLPCHK
W7PR4YCP
4XTMHCNK
4HTM3YNY
KHHMXCCF
F3RLRY3A
97R3X3CX
RLRCHM3X
7EFKKAKA
LL3A7RYX
METWW3WR
TLR4FF47
RN3WNHNX
7TRRWF9X
NWKMTLKA
CCKTH9W7
3PAL7RY9
FE73RMYN
YML94MYH
TPRML3MN
R394MW7A
HT3AYE9Y
NNKT37FN
FR4YAE3W
7K3T7RHR
KYHAFPP7
P4LYY4XW
9RHLYHWA
T3MF3CAY
EF344PWK
TY34YN4L
KT3YALMK
7WTRHEFN
Y4AL9WAP
CMPHAYTN
3TLENTC3
7XEXNTXK
KYLFFNNA
7C973WAF
WAHLMT4H
4EMCKTWH
3E9HXNNR
CWX3RKNP
E7EEPRWX
3CKFY97R
REKKHEA9
WTW9CAKN
CX3LPAXF
EYNHYPW9
9HRTY4LL
4FKK9RXR
99F7C9AL
C73MXNXN
79C9F9NP
3ACT47WA
WMRA9W7T
WPECWHRP
WWY3HR4T
N4MXLA74
3LM7LFN4
C37RTKMW
PXHW9ALL
7MT9RMAW
WMY7AH7T
TKFYENP4
473YAFCX
7TKKCMXA
WWP7L3RC
YEKCMEPH
RACWKAR3
KX9ETTNN
CXP9EY49
3C4HTWAT
WMP3PFKF
NLCPYF4M
MYCCMKWK
LNHXEFNW
CKKWAX3K
7KF4ENEM
9WAW9MEW
XC3NMRAL
TY3X9MTM
LNYRRARY
F9RR7TRK
RWT93MYC
MKLEXECM
YR7E3W7Y
WPKFRTCC
N7XCPET7
PLA9ETHP
LYNM7Y4H
9P4TPP3K
REKKEWPM
3HTRW7NA
W3KXLC9C
P3MAMXXR
WAYRYECA
HAWMRWLH
NACRRHPA
MC3A7CRT
3LW44WXN
KAKKTXRA
HNTPMNHN
3LRWNK4L
NCM3C77Y
3HLAHMHA
XCWXFM44
EC49WP9N
AAMYANAX
CCAMN9EM
TCEP39NM
7PNNL7FL
PLHLWXAM
ET4L4YWY
7PYHW3K7
RPFAHL7L
MEWRFYTF
P9Y9FAHF
CNH9HMRE
749MCKYE
WEE74WFE
CHX9FTM7
FFKAXLPT
A94PNWLE
N79HYFHR
CPRALRY3
XTPWL4E3
94X73CX9
K7PEWNLY
TEAHLMPH
RNWHWKTC
CCPCA4TH
3NKKHCCN
KA73TP7F
EHKWHRRN
CLLCLKHP
ECM9979P
THFNTM4X
PETKWHRH
YTWWAWXY
RXXAX9CR
FFYC4RCC
4M9MC7CW
X7ENHKL3
PPLFP3WW
EA79WW7K
XN79KFHC
CCTAMYKX
7CWLCXPE
EXHCXR3P
MRHKCXT7
3N3ARAFM
WLL7KKWL
A7FMACFL
E9YWPFM4
WYHKNXX7
CP339C3L
4WYE7CE3
APMWCHCY
XLT793NE
LANTPWMY
EHXKE9M7
FYLWCAMH
YKL4TNNW
M7LWM3FP
RT9KLYMW
3ALLR7XF
XWPNC4XP
RFKT7R7M
9WPK9FHW
HKN9WX7X
AHP9AMAY
79HY37A3
3Y7WWN73
CFNLWCAE
K4FP4F3A
XAYAMK93
X3WNPM4F
TP7TMACL
TTRFRATK
YPMWF3MP
Y37CLFXP
F79399H9
7AKWEY79
KN4YYTT7
M4TR7RKP
C49WAH9C
A477FCTN
CXWAXMCP
K73LNAYL
4MWM7NKY
4KCKF9WH
7NWT7RAY
ACY3XLHR
LFEWAYCE
4C7FKMTW
MHFWCNPK
RPAP7WER
9FRYL37P
NW7HMYT7
LCTHF4RP
CFHMMA7C
R9FFWAPH
CPPPH9C3
KNFEW79C
K3XNE7X4
MLYWPLCY
4EC7YAW3
EPPN7L9F
9WLCNPNT
M4H4H43H
4K4NXH99
R9YE33WR
L39YLR3C
YK7TC77N
3KEMP9XM
M4X3AXET
EKPR9AF9
TCXAC4TW
3AFPWPYR
KWMET4LN
7HERYRYT
EFXN3CXL
9T4RCA74
94TEKF7T
E7KNT9PP
MAP7XK49
A3CCL4N9
CTTEANC3
PNRWMK4R
T37MFRW7
E77P93PH
9AH34H9R
7KC9WF9L
THA7KN3X
49CET39Y
9PMRTH3P
R7EEWX4L
AEP3RW39
9TEA7PFF
43YHNFAH
RXFK434C
ANNRWCKC
HCXYYCEX
4LH3RXPN
M4N39AT4
TNLKM9TM
ETHL3XT3
KYEMLY3P
NKMAF9CY
RNY73A4X
797R3NYH
MMH7MLPK
3WEANLW4
M9CY4HF4
7P39WP9K
74HY74C9
733TFRNX
FTLMCYR9
N4RKEWCY
TH3NWHE7
7FK439NR
W4HTNL3N
T7X4HLCX
LAWRWMA7
AY4L4WPX
T7YXR747
7XNANYMH
7CRN97ER
MHEXRXWF
9XXPN33H
4EWKACY4
EC9CCMCW
EWFLXRLT
9K3PELWH
73APXPYA
XERFP4CC
TCNXP43W
XP4TW4NF
T33Y3X44
3T3XR9FY
WP4LLTW7
LR3TFT7C
KYPRLEFN
TPCY4NWF
CTYXARLA
4PRAR7M7
KL7XN9PC
4RNHCACW
W477N4EM
RYXYAFWC
NKTEY3WP
FC3AEPYR
WRHRTKLA
L9PTNFTK
PRC3T7L9
TYEK7Y7R
XX3KXX9W
LRLLELLH
KTNPWPWL
NA3FTR3P
3HXNXMMC
K7PX4YP9
PMHKT7CA
MXAP99LP
PN9CLNAK
YWFPW79R
CEXWH3LR
79PW3AWP
CYPWKLLC
AW3FT7EP
4APFM7XP
N3A9WYH4
F4P3YX7H
7PAYNCLW
YW347RAL
K43L9YML
EMHRMYHA
3XN44YK9
YYN3YHFL
LMCF4XNX
FY7T3RAN
N9KKAPYF
HMYRP94F
CLPXCE43
7EP4CF7M
XKXLPKLY
EWRRRKAN
X4W7YPCT
ER4MTM4N
3797MN39
PNWCETPA
FHT3R7PR
FH9TK4XN
YY77TYML
9K9HXFAN
3PKNYFHN
FCWXMPRA
E4RMY7PN
F4AFW79F
KHNCKC4E
CCNKYLWW
7MLLYCXC
EE9TKWYL
WT9AM9HH
MT3PLCFK
7MLHPHCN
YHA97KXW
HRM9M7XA
WWXPAMKT
NMYREPPF
ACKH4T3E
4A9AYWYT
HPAYLXMH
TFNFF3X9
M494MHAR
LR9FME3H
PHFCRLCA
43EFKFKY
W3ALMTCE
TP749MLC
3TTL93H3
H97YPH79
MHT3Y9W7
TWRFR44Y
9YNKXAYK
37KE33KH
YKC3RFHA
NYAAXCAL
LFYWCFA3
4RNT9P7R
R9R7E79A
CYWXHRMY
PTYHH4YL
HNCM34PM
K7H4EAKC
7M7CF9LX
WHAECPCT
EK9RARY9
9CHER3MP
YW4KKKA3
LPRL7MW9
TLEXNCN4
3PLA39LL
LK4XRWXH
WH3XFYAR
EYCXW43A
C9W7XKAK
PH7TH3PN
M4YRTAKY
A7AX3HKH
XYKC4WRM
YFLXCX3X
T4FFMX9F
F74MNPMN
NNE3NAWR
AWK3F93W
ANX3YETC
4HNR7RNP
XHMX7RYH
R93TTXL7
WCPA4WL4
YFXNWAXE
PP99LLM4
WYCC7TLN
PAWKH4RP
EFCXNYPE
7PY74MMA
WARN47YK
WMTL7NE4
TA3E9LPF
9YPELLMM
CFCCECEC
NECTL4EH
FL3CLMTM
FHLCXTAF
9N9RETT3
RAPCETPY
YPHHF3FW
EFHRF7MR
KMCFMK43
3CMPA7Y4
TNACALXK
AEMT4PPM
3AAMC3XE
FY9PCNHC
LYX4XRLW
WCNLHHLW
33339YHY
WMPKPA99
LHAK3N34
Y7NWT3A3
LK9FCAYE
9F43KKX3
FKLLXLWW
7N3E7LKE
YELMYYPF
NAHFHTC7
39HFE4FK
FERPKTMK
RCLXN3E7
LWR3YTAH
93AY4C9T
3KL4EAA7
PWFT7FXL
YMCX99N7
WHHL9EML
PALCM3YE
LFKTTPRW
MEEK4KLH
C4TPXCKP
HX7KPW73
444E9FCC
CWENEWMW
7FPLN49F
9CPME7HE
XXLFRK4C
94KNPMAX
HRTTYX7H
RT74YAFK
ER7TKTKE
Y3MPHYEY
N3ACCEAX
7RRFKW3W
CPTE9WTH
YWK97KAR
4M7WX4CF
FWMP3C4A
TW9XXTE9
RKFEK3RE
HRLWP9HW
L3NWFX9T
9PRP4LPT
E7EM7CAX
7AK7LF9R
9CLMANK7
ECWXANEL
F3LH73PN
WK4EMX4H
A4EEPPH3
MXARWKEP
NCHC79F9
TX7LCYWX
3TWC7PN3
M9XYF94L
RAYYAHW9
EL7FCMT3
LPY3RKR4
YYWFMMN4
T3T3EK94
4NAWKYFH
7FYAWXTX
CNWC4FNX
ANR4WCNY
AA9F7M7R
PP3KFNYK
FKLMLCPE
FYK3YYC7
7CYAF9XT
9HKMLWMM
9P49WRKR
FYLXK3YH
A4PCFT7F
9AEPFPHF
R9HFCR4A
NLYAKT4A
4MXXMEPE
K9WTHMPP
P37NYYHW
4EHAMHNR
CKNR3MYE
RN4WFX3F
LHWTWFK9
XKXTEX3R
93EMWYLH
L9YLW7RH
RXXE7WPW
NXKE3HT4
NNFKHWR3
9M7N3APR
EALPF4LT
F7MNCPKX
MPLTN9KX
K9RKR473
L7FFRNMY
TNRF73A3
4RLRLLK7
4M7HRA44
9MLR399Y
7RE9KKNK
AK3WYWM9
L4RPKHEC
TL4M3TYK
PHLNLN3X
FALH4LNP
TYWETAKA
AAEFMTA3
F7HLL4CW
P4APN4PF
MPN3PXLA
RWF9YEMX
YRNXCCWY
3RT4WTKN
E3CLHC9K
HR4E4FHM
ATPKE4HW
PFNL3WRP
X3PH7PTP
FF7CHCWP
LWWYLEL7
NLPWFMC7
MYMLW3Y9
WFF7CKLF
A7NH9TFA
MP734Y4P
7FTHRLAC
X7AA4FWK
9M73MPML
M4C4P3NP
L3FKXHPX
MHNFXMMY
XE99ERF7
4R3AMP7P
E7WXF4MT
33XHCNEM
NHYTH7KX
KHXHHLRP
PE9W37XE
LC4EFCAY
PPXHE3EN
4FYN343N
F34YFA3N
73HTWL7C
NKLXXNL4
7KLHE3E9
MNPHW7H7
RXPTWE9H
W3CY9PMK
HLRLP3X4
9XANKFFM
MFAR9XA9
TYKTKW94
9P3A3RHL
A7LLAPFF
3NCNL9RC
F9KYNPH4
CP9HYXRE
E34KCR9Y
NLLMHHR7
CL9W9HWW
MK749A4A
EFA79CXF
EAFCYMN9
PNTRN9X9
W3A4XH3Y
K97ERA7W
KXYEN7EK
A4XPXNAK
4LKELAC9
4CTFXP9T
EPMWMC94
L7A9R4TR
4EWMHHFC
K9KHMFN9
TAW9XHCP
MCPRW43Y
YCM7LPHN
A3KHR3FH
7CAP7LFM
KWCCRP9Y
FMM7KPKT
E93YK7YL
PPKX3KYM
4XH3RWTP
NCY3NLLR
3AETAL3A
YKWATKEA
X7RMXHLE
XE7LLYAL
C7H49Y73
9X7WP4YE
LMYRM9PX
H4FNNHNW
4FWMERCN
TN4FHHPM
97X3RXXK
A44EYAX3
MELYME9N
RAMXKFKX
PW94K9RA
C93PFWXC
TF4MPMHP
YM4NA7NC
YA9N4TRH
THMT3FXH
9CMTK3K9
APH3RHLR
9NNCELKL
RHXX43XL
7AN9NYEK
K7XER399
FENMLCKF
EANHMEKP
CTRRMHTR
WHRCEPYL
T7MLM9LC
74KRA4CM
CE7L33EC
33ATNYXK
RRLC9HA4
C4MPPYTA
AAHW43WF
LTFNL4AF
ATAM7CRF
TTWWHMHC
RANLEYL7
EW7H3L7W
WLY4493X
73KXN3EN
947TTFC7
KM7TAMYR
CTRW4RRA
MYKRCPXT
NMN3XAT7
YYLX4WKM
YT79MM7X
MAMHWRXN
LLCTAAC7
YCE3MHER
YXANY9PA
AN7AY3CP
PWAAWW4T
A4MW3NAA
T3LPRLHM
7FWMTA44
MRMF7CR4
CLMC4PLH
4YW3L7XH
4NTP473L
F3THEN4F
FHWN9TH4
MC9YMP3H
R4MK97A3
RT3XTFFM
TTR3NTAY
KF4TM7M3
N9HL4AKE
LPMX4ANE
AA49NM3X
FCLY7R37
77NX39YR
3M4CTFWW
YYXEAWXA
X7YXCRM3
MXHA4YF7
WTW3YTXW
7X3NLXE3
7YLL4MLE
MHEH3CHY
4LAHEFKW
FHXNHK3W
CMWT37RX
YXNMYYYL
KERTHNMX
MHWKMFHT
YX74AFXT
3HEA7FHR
FRCPEE44
PWEKCLTM
R44AW7PP
KCRX9F3M
39CAXRN4
PEXY4XKR
X4TKX97A
9T74TNTL
MEKHNNNN
C4LLYT3W
FHCFTYAC
KMWYF9XR
KEK7WPXW
9EYY7RAW
PHATY9PY
9HY43E4M
7TFNETLK
NWEH4EX7
E473KH7P
MM3HA3XY
LXLWHHXY
TCAWKX97
7CECKW77
HFNL74WM
HF9HLYLL
Y9T7TY7W
NPHLLH4C
9KEPCHPR
PPHNN7FH
3X7X7YF7
FXXA9FWE
T7FTNK9E
T4YNKYKH
9ME3A4HY
C4FNTNT9
PFLTYAXR
ET4PATA9
PCMXEEWH
4XLLRT9R
YTHC9HPW
9R3M9NFM
FRA9C93R
4F7RK4XR
99XTX3WM
NM3XA9AY
NXXFTXYX
MYTMMHL9
HM37EXRH
KW3EKTRX
WARKAPR9
33KKP7X4
YWRWLNXM
RP7W3YH4
K7EPN4YL
C9NMR9X3
4ETPT7H7
TKLLLX9L
FFC3EEHW
CM9NNP7F
TYXX7Y7L
NWTP34P4
9F9E4YXL
ERR3RWXH
LNA7AYLX
AL44XAXY
E7HLWCYX
R4NEFTN7
4LPCW7CW
YRLEET3F
4YYYX4N4
WFNXCWAY
39N49HER
FK7A4YXX
WPWC79CP
XK4ETLMN
79TMHWXT
9N9CYRCK
W79TPXW4
RFHHRHTR
EP97PRLH
R3EKX4AN
NH9NTHM4
LNPYYLMN
MFNEHNFY
LHNCCKPC
ELMMEYYE
YNLMYLLY
WTTFXKE7
T3FFXECE
CYMFPHFC
WEKLX3PL
XMEXNHRN
EPKCT7T4
ENCMERYA
THMPME9M
MAX7F9KR
NTCLP9YM
FCCW94XW
RNFNMT94
L3L74YMF
WXFXXKMR
334YWLWR
NLLP3APY
PKFR9F3W
YLFMNWKR
CRENPMKE
E4T4WFRX
4X3T4TA3
HK7HWEHK
9E4MLAWP
MLLH749R
M47K74RH
HKKPXWP4
FNT7NRPE
933HANAH
PTXCNWN4
CWXEREKK
WANMPYLL
T999AWH7
47T377MT
4MMH3RNF
AEHP7ATY
KRYMHKRK
YRR3WP3L
WXFMA4TW
N9P9X9E7
NNP7TXPR
WF7RHMRM
EXPR49LK
AWMRRAK4
RK4T4LXH
HER9TMAN
ANN443XE
TWW7LHAE
RHKMWP4P
TPPEYNLC
TCFR3WAX
AMWEYHW7
L7YKHH7Y
YLL4NXWW
ELXWL9NW
7M9RXWY4
YAHMEL4X
M74R7NYM
Y7AW474X
T4CTMT7P
X4HHEPCH
K4YACPTE
4TNELPAL
3KH4RNYT
9RL7M7AT
MMNTF47M
W7YYNN4L
TLFPWEMK
MXNPYAP4
XFTPYX9E
YPMXLLLR
YNCNMK7Y
7N333EYR
MY3HPM4K
TLW73NAR
FYLT7NHF
L4WKM4TM
HFENLPHN
3NRMC4LC
CY4N3EF7
CECCXMR4
9M7KL4HR
EMR4RRTL
W4XRP3CX
KEAEHEY4
CAN7RTL4
RFFN9ALM
RPXRW4EF
CCHXEY3L
P97RTEAW
LE9FNTRT
WN3KF39E
CXLXWLER
9AH4HPCA
KWP7RXLM
TA3PTLAP
3HCK4H3K
EMKMXYH9
373AWWTT
ENPNLCKC
TX4LKY49
RPRWRKE7
PYNERRYY
E94YHW4Y
RKKHMPRL
T4MAERHC
MC9KX7N3
7KAC79F3
RPN3ARKY
FYAHNA9W
PWWLERMX
KEKH9NPK
9RMCWLPL
A4WM9LW3
4AE9WW3L
9RTAHXYA
7FNW7ERH
C7E9FL3E
FNTHKC9Y
MNYRP7WR
F7HYAX7C
EEPCPLYY
PMM4YMN3
TEH9LTPF
HLYMKHNL
P7TAK3XW
W3CNRKC9
MC77N4CF
FNFLKF3F
PM4TH4YT
RL7XHTKY
HPETFLRH
C4HP97WC
9NKXAKLR
RK7CRMCE
M47CX4N4
X9TPPYNW
97P434R7
C7KTYLEM
WTYFTKNT
AP9MXMNT
K7HMN9H9
TPEWAPTH
7NM4WEMA
HPERCRR9
YKNCCPRM
WYTAEAEP
KPKELKYR
NPHK4RM7
RALW9KWN
7T97MRNN
4FLN3KCN
39LL9ACK
CETN9WA3
EFY44N3L
7T4YPFEE
4NALM3HW
M9HLCNNW
RAFTLTK7
R9ARE99T
RK7TN7NR
KER4N9EA
4FRKL77E
RXPKRAWF
CKXYKEPK
F3PWX7HX
7WPM37XN
LNNKNY37
WNA47WWE
EA77LTWN
37KLP4XK
CRMNCCLH
TFKFR3FX
YHFXFNFP
KPMKCWXF
3XHRME7L
W99CYTRT
LA7HT4ET
TFNYRMTM
CTLK4N39
M7N373LC
3WXWRT3L
KMNKMM3M
PK7XP4WX
HKNNHYTC
CFTEFAC7
YFMHAHM7
L9CN4XFE
W3PLLANY
MAWLEY94
KM9XYMKH
THYKXTXA
NFPRPRNA
7FYPM3N9
3RCCYHRR
CRWTFYET
NTYHWPXN
LE7T437C
EHYNHRTK
XAKHWTRT
RWCF4HKR
RNKEMKEW
THHCCK7E
9N9MCCXT
YM3X4RYW
33NTW4PT
WWF79TRC
RXMT9FMP
MPFA7W4E
LAKAFT7H
NFYMLCKX
MP3KPATP
RRXPHWLC
XYAR3LPP
3FPEHHT4
9MFWTRP7
4RWAPRHF
LP4TENCP
AR93HM7Y
PR3LC74K
E7F7KF7T
YWMYXKMW
WWRAAWXL
PWC3RY4Y
4H93NEME
Y9HNH47T
4F7WECXE
3MARKNMN
7LCFXFLE
E3RHLYYP
73TALLXH
9KLWEATM
LFARWYRF
EMARMPNF
C77XX9XR
MFKPYYPH
L7HPX9PM
9XYAL3N9
T9EFRCTY
FNYME3E4
F43RLXHW
M9R4HFH9
R39CL47C
PKLEYKLX
XNMF4HFM
KXCC3WFM
XMN3RLKH
7A77747Y
RNFMARW3
X4TFX733
WXCA9W7M
7HMLFWT4
E9Y3M7C9
H993MF7X
Y7EEMMR9
EHYR4WXM
ERYNC3NT
AKT9FXMR
79PMERLN
TR3K3C7Y
X4PLNXAP
99M7RM9M
KTPHWMYP
3FK4YWTM
F4PCRWMN
EPR39WLM
XHYW99AN
YRLF4WEK
9EY4FKC4
F3AAFYTT
TM3HNYKH
PCP3MCMY
X4NFAWAE
ENAAMX3N
NMTC4NKL
FR9K4X34
PA43LYKN
XTWX3RKT
REHKHX49
YT9CLL97
CNKREFRM
HA47WCNN
WMAANCW9
93HWRPTL
9PAMKCNL
KMXELTR7
AETY9RMT
CYPMKFFX
NCLH9YLN
CFT79LW3
H4WK4NKN
NM7M4XWR
TCKXCCLA
XE3MC47P
T7EHMY9F
L9E7K3XT
FWRXM9P4
W93KCETC
P3HYEPC9
WWEXLMHP
7C4MN9MR
MTWL9P3L
RYLEMR9Y
9HFP3C3X
NC3P44HP
43TCXKLA
KLYHPKXK
3MNHXT3C
FPFATW7P
HY3F9KK4
PWP3AY7P
74PTFTA4
XXRLAHL9
49PA4AMN
LPF93RNA
ANFCCR7H
ANEALEYH
HC3RLRK3
FF7MH9EE
9M7XHREN
HFNFYWR9
M4NAK33X
NX34NWRA
RKAMKW9M
PTLHPFRY
KHE9C3E7
KE3WYEER
PRN3XTHY
EMYLHHNE
LELETNKE
EAYA3P47
HN7P3X9P
NYH4MLHP
LCP7T9KH
AKEE4XXF
A4LTPH4Y
L34FN979
FHNKXTNX
TPLLTP4T
X3NFFCC9
CKMPWAL7
AATKXCLC
FLTKKPXY
KF3WY4CE
K734KCF7
9734A4XL
AWYWX7L3
FMR9CL4E
NCNFHPKT
3FFWNMCN
FA3AMTNT
R7APFEWF
RKN4M7ET
FTYT3KYT
Y7PXFRL4
LF34KKYY
A99A7PHW
AR77C3FR
4Y9YYRW4
CKYAC9EF
EERA4RPA
XFM7CM47
FA9CE7P9
7WXRETK7
33TENYLR
KTKXXTKN
FMYYXXFX
KAHTHMPK
KCM33RLW
PN7473XC
7HPKPN9R
XW9HMKMF
37CLH7FF
TRELF4KN
HAYFRFRX
4Y3NXA37
R7XTXLRT
ARPPEMLR
37T9PLMN
EEAN4MKM
WM3MFA7P
KE4NCXFY
YNE7C7WX
E4EMCTFP
CMKMCATR
HR4TFWF9
R3CWLHH9
LNKMLKTF
PHYT9YHC
XEHYFYAP
9PF7TW7P
49ER33PL
FEPYWN3Y
YKRM7R3K
7CR4LH47
W3YYLLYF
N3XYYL33
7KPWX4CA
FN74A4YN
WHKNEEPL
KHLYTEER
W7MCY7FT
RARCEC3L
YKKYAFT7
XAYHMC9K
73PPHC4W
WPYLWXLH
WRAHCAKC
K7MENC3X
FPELAWYW
379AL7CN
T37KM7E9
XTYKPCME
W7EXMETM
FLAW9WWW
FX4YXE7M
YKNH3TFC
XHXF37MF
3FY7PR3N
XXLH4C3T
CHTPTHPN
X4NF73TP
4FWWCLY3
HRMRA7AW
THEW9FKY
HR7THHKF
CF7MM3MX
YWRTYP9X
TT49X9L4
R9XF7KHY
LEL9TYCX
KPNEWX3N
7L9FPNLL
FK4E3XMP
LPF3CFPC
7P97RCEY
WNF7A9TA
FT9FEEPC
L794LK4P
C9YMPXHM
7NAMYPAN
97FWFTKW
ETAH3A33
4R9E4AXN
Y3MT3TPL
TPWTYRY4
Y7LMNW4M
MX7YAKXY
CRF9PM79
WL7HFNN4
YT4WCFNY
KT4NYLLX
NF4KPNEW
H99RNYNN
YX97WXKH
4NLY3YTM
HL4RNFKE
ATT4KX4E
K7EXAP3F
RCF3T79F
33MWPYC9
RNF34CML
WCH9YTYL
TELPHYLK
H37TCNLX
39XLWXAF
AHE7RNFR
AKRW7NL3
F9KT9WXE
MEAKC79M
C9N9KXTT
EHMMTP4T
93M43K3K
7CHKWMP7
F3CTCMLK
3NRATANW
NNYLA3YH
FM4YNR9F
MHCMLW43
X43TF77W
4NRETYTR
C47RN3HL
XWNRYYLA
PTCLRYEF
3XMTPNF4
XHLC3HPP
YCWKP9X4
EYM3RYNR
79WPT7EW
KNPAEWFK
AFNW9MP4
794RWPEK
C4PYA7R7
AMLRL4AX
P3EE7WA4
EWRPKERA
P9PNKEEE
TWERM73K
REAKA3TN
3XKTLLAW
HE9F9N7C
TARNN3HH
AMR3KTLC
KHR7WF7X
YHRTHRYA
ETXHFTCW
M7KCNMTA
LAFXE33A
7TKE7H9A
YEXH3ET7
XWHLKN4H
HNARYYWR
RCXX9RNK
7RC3MFYL
NFWF9E3M
HRM49RHT
PNMYFMAF
CXKYFK37
NLLEPE7Y
XYT7CALN
CLTL33YM
LHC9LMHN
T97FRYH4
KTAFHX3X
TFLXHLW3
9CP9WPMC
NW9TCMP9
37R474HP
THARNMM3
47TX4P4P
YNYRPFFX
AFNKC9AR
ALEC3TCF
4MMMEMAX
9NXWLAHT
AM94CNWW
RM9ALCLL
3NALK33N
AYMFLTHR
H33KW4XY
7EFWCXTH
TTWNLYYP
9RMR4KEP
FTLELXXC
4Y7HEFXL
MEA4TCNE
YAC4RCY3
3PT4HMLR
LL7PK9NX
HF9R9MXM
7Y9EKWKE
FYXRPL4F
AL3PPH7K
4M37XYMX
HKTYET3L
TNLHLAH4
MAA7NP7X
9THHAPRT
KCCT4WC7
WPCTELPF
XPA3A3HY
AFWTWCRP
997CT73R
7KXATXCN
PMXRNKNC
Y7RATYME
A9L9LM47
RMMXWHE9
PFTWCY73
WX4R74YT
YKXCTA9W
Y7FAWHRY
L44H9AT9
TKXNHHEX
L44PH9F3
KMKCRKCH
TNNA47F3
WX4YMERA
TCA7T7LX
LWF9EP39
KEW9XAPY
37H4MW4C
EHF4H9YN
9P443AC4
LWEYNRYE
XY9479YF
43XXK9T7
TM4NT49Y
XCE4CNAE
WHL7P9NP
AY9NTYTY
AKFX9WN7
H9FXEXXX
FY47A944
W973PP4C
TKXFCHXY
KKPNFKYF
3N9W3CPX
RXWKRMTT
3F4E4W9K
434CHH3C
LT9LTA7E
FK9THHLP
KFYPPAC9
7LW7N97R
ATLTXR3C
7XFK7N4H
9EXK9PXT
LRKTWN4X
K7LRMCEY
HANPR3RT
7W7C7WYC
EEFL7YYT
7PPNHX7W
TT39R4KY
3N4T7HFE
M79TKRLW
3XYCN7XM
PTW9XK93
ECXMECHY
4XWAFRWY
WPYR4AWR
7LXTRC7E
RETRLAAP
HP3KLNXN
YPH99HCH
TEAFFF4F
TTAKH7RX
RNRWTYXL
ALKTCNHT
YM3HK7FP
73C44LNH
TCN4CYR7
F4EWMWCW
7C4F3CFH
PEAA4EN3
A9MKYCAK
P9MTN9HL
HPKLKPM3
R7PKEC33
7KWP4KT4
MCPFTPEE
NTPWTMAP
F4N3H9N7
3M39WC9H
WHRLKCTP
4ANA4ECC
FEHW4MXY
XAM97X9T
TW49TK7M
XC4CT9EE
TFTRCWN4
CY3KFWPP
P4PAF4WC
YCMRPP7F
NC3PRCLR
4F49RWML
MKAE93RA
FTAYWPR3
PEY7F7RH
X7LK9XRA
KCRRHLTF
4F99FATH
FFEM4RW4
NAKCPMFL
H47XCLMC
HMXWW94W
HMXH49HL
LX9NYRFA
3XY9PCL9
XKHFX9EL
HEN7AWTT
LKPMPY4E
Y4YNNCNL
4AEK4NK4
TACCFPYM
ECHAY4R4
RN7L9XPC
LRLKKFRM
4KY4E7HY
AENK9HKX
WAKAWCLF
EPLAKFCK
AWK7TTYF
NYR3PFYL
FCFL3PKT
PC73RF9P
PA9WENER
4HEC4A97
CH7R7T34
WNMAPEFA
3MTRN3M4
XW3EH739
4AEAFTKR
RPA9W4HW
3EWX4RPT
APE9EF7M
CL9RHEAY
R3EMCPM3
WLEWE7W9
C9YTEXNE
3WTHEXRM
R434W7H3
HEKKLER7
77N7HCKK
KM9R3NWL
MAW4WL7F
NXNYAM3K
L97CKTH3
7P3T4H9N
3WRWYC7T
CR7AE9RN
LKEANHMT
KNNYELY3
M4C7LTRC
XHFTLNWE
XRT7AWA3
4CPKHCMH
E3PXRRRY
37FEMXLN
TY4TXWF7
TLPNATNF
XRW9X3XX
KMAT43YC
CLCRYH7N
F9MX43FF
PTFPEY3K
HKEEFXTC
RLWREYNT
7XFPX4NX
E4WLWRLX
TECXHRNL
9YECR39X
9FCNK4TT
LPN7CPXN
YYFYEHNX
NKWCRTNF
4LPE3L9W
T4C39TNY
TMYK7LNN
4KP4XLTN
3HW9WKPM
WT4HTFHH
L97CKEYW
YM3F344H
YH7MMENX
39TL3L7F
TWCRNYHX
M44FNRCY
YL3LHH93
HP439NAP
HWEHLRX3
W7WMXXCK
CKYNXXFH
HNHF3CNW
3CAPCCX9
WPYHLPTE
9RFHH7YM
ACWFMYWN
RLPL7YT3
RHTKHTPA
HL9CHNEW
P7FAHL39
WAHMKFKX
PPA4C4X7
PRT9T7PW
L44HCTN3
3TMLC3X9
FMYWAM4A
X4TCHWPF
TLLWAK73
4XM797X3
X4WT9HXM
FFR9KTTE
CNWE9MCE
KW9PHXX4
73MC7WYX
E4M9XRYY
4AWN3RT7
RHTK7PRE
EFHLK9H9
XYWRLRTA
M9YMNNAC
MHAR7FYN
MY4KM4PL
F7RL7MKL
3LYNRAEF
YFNKME3P
KC77WTKH
PKT4WTC7
TFA9Y3A7
LLR3C9LT
PTN9FYTY
CEPK4LEW
XK7YAX9W
KYCPC4TC
A3CNKNP9
LHWT747N
PFWCMNHX
P9FLLF3M
X9A9MNKM
WNLRX3RH
TNYAXEM3
7PXMCER4
73T3Y7CC
FKAA3TXY
ANT7X74N
X9RMNA3Y
RXPN4NXC
7RMHFFMC
A7A3EP9X
KNLTHMKM
TKKWRWM9
YH7YFNYF
YNYYY73C
NNL7KRLP
N9MEXFY3
7FPNCWYH
YKXNC4KW
9LX93TWW
F9AFT3XT
EKRHMTEN
HPK39CHA
L73CL7C7
M3N7KK7K
TRK4ACMY
7P437HTP
3K3H7NLP
CET9443F
PKRNFXXX
WPHCFWWF
K49RE4NF
RWEALAMX
NNKKM7W9
KY9R7YN9
CAWWWW7R
4XAPTAYN
K7NFL4E7
MCTFFMMW
9K93RRFN
TWKMYF9W
MEWEFKAX
CRRE99CP
33PN3HAY
CTP3NXNK
EY9NRMLP
K3YH9L4M
WLPFFKWF
4CYACKTX
ANC37WRK
4MFNHRMF
37AN7H79
RTH97L7F
MWEYATK3
4CAN4W4K
LK7EFCA3
P9XX34LT
NAYRLFEF
T3X3ENKT
9LP4FK7N
CAHT7X77
H99RPC4M
4K4MHHYF
EEMCWWA4
AXWARPR3
K7M4WHY7
MHANKACX
FTNNPMKR
WPF49PCY
RWMKCACX
EEHCCTTP
AC7ANCPX
KEFK9YCH
K7WNRFWF
A7FT97PP
9FWKL9L4
9LFARYCM
TELY93K3
R9TTXK7H
37WLWMKK
M3MLHWAC
349MMMWR
AKKWLT47
CYNATT7Y
LMMT97NM
3WLH3RKK
M4MYKFCW
EF4C4HYT
93AMP9WA
49934NLY
N3CTFEW7
NCXNYHKM
ETPTT97A
WHYHM9PX
YY97FNXN
NPEWRCKN
E3H37X4T
H7X9NKXR
9RFKXT4A
MTFEKMNE
AFHPERHN
KLFWA4AT
R4XXX9AA
NYP9C39L
TCWA7XMT
KCLHXALC
N99XTFTM
9XT9A3TR
H3YNCNT3
FAKKHWMR
WX33WMHN
3R77YY3L
TXPKYER9
CN7C4H7C
N9XPYFLA
FHYC34M7
LP93W4X3
MCXMWP4W
RCY4HWYF
PYYKNWFF
LTACTLW7
LMECLXRF
MWRPYNXE
YNYMM9H3
HRKKTPRC
ECYTXEP3
FLP73HCR
RHWYKK3E
TNE9RK4P
44HLMCKN
9KYLWTP3
MPP9L9AH
YWFC7TXL
MWK3XLPR
R4EKTNPM
RAP4K7MT
3HXK4747
4XM7AKNP
RAKM9C7A
KPFN97HL
YHAAAM7H
9E3LF73R
LX9WHPWY
F3LHLX3A
ANN9NNNA
TH4N37XM
3RXAMALP
PLRMHAHC
HAMF33FW
M79FLXTX
LAYRHHC9
7PHYE4WA
CECFHH4N
AL3T7W9L
HAC7AYWL
4CE3MHRN
FPCXXLH4
3E7TAAPF
PTCNA9HN
N4MKTTH4
EENPRPW3
YHYFLC7A
7LAAHW9N
WXN4Y7TK
XAWRP37N
PWKK7PK9
FFYEXKAC
ANEP9FFN
MFTCLYTT
YAK4TYCP
YE7CEMPR
EMC3XEPA
4RKRLEA7
L3E3FNM4
NR43CATT
4NHPNX7M
3HYHLREK
9P3EN3HN
NL4TAHL9
PF9WWH4H
NKMWYR4R
7MPMP9Y3
HAAERPRR
RPKP379K
YT7MXELW
XLEKHRH9
KCHPCFXP
49F73RPF
4LNC7TNF
KXAFMTNX
XAAX9XHR
PWLY3MET
FFRXC43A
MWYAFMFW
L3AYNKXF
RK9LNWKX
7WHPY4NH
XEFXCXFP
F7FAPH49
94F4AHHW
3MTLAWM7
79MRXNFW
37EYKNYH
LPHH4AT7
A7WWEMFK
3YKLP34P
F4PLLFYC
K4WH7MLC
RCLCXH7K
TPPWLMFN
CHHN7KTM
9FKMMMLY
YFNR7RK7
F4RNKEK3
F7CTY739
YC7K73AE
PHF9XPLR
AKM7XCY9
RCMYTC9A
A4FXKERY
FPPLRCE9
9W7FHFAW
4MEA4KL9
3TYRR77K
4PH3KER4
47HAEPYR
E7AP9L44
ALF4KFYN
3KEEY9NW
9M3EKRA9
LRKC4MWR
XTPNYRRP
H4X43HL4
MXKNA9A7
7TYEHRHR
YERCML9W
YKFRP4MT
FM3FRXYM
AXHPRXPX
AKY7RLL7
XELXHHWP
XAYAXAMN
FWA7KRKA
TNX74P44
RWCRA4MC
9NHRPTHF
W3YTKR3W
RT3XX7YT
HNAMEYHE
TPL97MPP
LA7733YC
AXCYFAXC
E3M7LNEX
3YTCTAFF
PYCMTH7X
7M73WL3T
7NT4AE4C
F4MWRFTL
X4PFK44M
ATPAR9NY
FRENAYE9
KKAY797H
KRKHN3CA
L3CHALTR
9HFCE4M7
NXCMKYRY
CR4KMFFK
7XATEEHW
XCMRFWCY
PA4M3WPM
LCPNCXEC
EEHEH9TE
TPF4YLWX
LE9HTPFP
NHCANNXR
N3EXRFMP
YAR3YRKF
RAANE9CE
KHM4FM4R
EAE3YRR3
ERXTCN7K
Y4PNPK4Y
EPW7PCYK
WXLCALTA
HRAWHF3T
FTXAENKL
3NF3RA9L
KNMH9YKH
PKFEWECX
3P9R9EKM
HFMAFFAY
F4LTEXAN
P7M7XW4X
MRPEAARA
3MN37AHH
LK4EYCNC
AX9HLCEC
A4YAT4FA
H7HHXHEF
3K4YMN9E
AKT3A9MF
T4ER49CM
ACHRL77F
7TMAF37T
HFAL3MEF
XHEAHY3E
W3LWAXCR
EHLHKYMN
XTFLAYKW
7T7L3AW4
LMMPEYYW
WW99EX3W
93YPEET9
KC4L4YHM
XP44KLHM
Y3L4HYXX
EPTYERLE
3WHP4K3H
CF9XC3E4
YHEPMWW9
TNAEK4ML
3T43WXWM
A7HPHF3K
MWHMXT4Y
RARP93KK
YTNTPKT4
NNMCM7LN
3NCKN3EC
CK93FKA3
AKYRRLLE
P4N9RLRC
L3E7AMF4
M379YPT3
WPNPFR9H
EHXPXTPL
FYHPC3X4
3CRYWTT3
RXHC37KC
EP7FNN3Y
7XRNR3K4
AWFTN9NW
KFHTFMKL
7N9KKP4R
TRPFAL3P
KWRXEYL7
CCLYMEYF
EWWM4YWF
AHMKLKFE
CHWCT47Y
7KTMWMM7
FXT4Y4RH
9F3FENWP
TXLLLW3L
3MRN3CPY
F9XF9YWX
3MEKF3KA
ETFT4AE4
TX479NXK
4K3PR93F
W9K47ARN
97KKEPYH
N4KLELXH
9AMHY7KN
N3WKN7EW
4CM74LC7
M33RWP7T
FLCM9XX7
RXK44W3H
NCTF7LEL
M37KN9XR
KMMNLKTP
KMRNKWKC
4RNYLE79
ECP9P7NL
YWFC3EKM
MFHR4LC7
AX4MFYNC
7FAT4NHA
XKTKNPPK
K9LETNPP
FALPEYM3
AEFMARML
XC7Y4FLH
RXMEKWXP
L93Y7PPK
HX793NAT
PCFX9HC9
HT3AXEAM
FP3MA4TM
ARWCC3LR
TKM4AEFX
LATLTL47
7PXWFH49
3T7YMKAH
WWEWA4EF
FPNEMA7A
9KM7FLXA
E3X37LPH
TKN4KXRY
EL4XH7F3
T3A9KCR3
LAALMTY7
F4XELXYN
PT3PEET4
L3YCXN4K
Y93Y4L3H
PPMRXWRN
E3WXR9KX
MLPY49KP
XCPMRA7K
RKL3HA3R
A4W4KR33
KLKET7MR
MPAAPHHE
4KT4XLRX
KTNRKECX
9MTA4TPL
3T4TFWYP
3WMRM9K4
P4AFECA9
N7MWPKTH
LHR4KALH
KCHNMCHH
4MHPKPYP
944KMCM3
4XHRKRYX
PY9FACLM
F7C3FRWA
TNR3T37H
KWCFKF7A
9ENCC74F
PM4WERRN
ETRNMLKK
9ERRHNEW
NR47AHHP
CC744T3A
7R93M7NH
ACXETW4P
PAT7LWT7
R79PEEAK
YLHCPMHH
C33RLHFM
34XAPAPF
WC4MN399
ALMFNX4W
LL4XE9P9
X4HHNPTL
HNLH4KKF
KEFFPC47
9PAM3Y9L
CNCCFNYW
3T4HA4ER
4FMEHC9A
XCWWLRMK
AL4XM4R4
ENFFYKHY
4P4N9N7Y
M3K9X74A
RT3PN7YM
CMN4XHXY
LWYEAK9T
9P4PAFFP
NTPLHAT7
L4YHTLRC
7AMR4W4T
X4NR3YP9
YTTEA9FN
AWP7C9XW
97XAPRNY
WEA4TPFH
MFYPMNLE
YR7AY3HF
TYFX4LEK
XWFLXEPX
KYCARYCP
WW7MFN9R
CTWF79A3
CN9RH79M
WA9FMMTA
EHTK3CT3
34RLTCNP
AECYEXWY
W3YMETCT
PLXE3LXP
TNFT34XF
FCNXACRX
CRYWXCR7
APXPCREF
TTLYFCPY
WLYEKTRY
HXNP4FNN
3TNF4MW9
HRCNL9YH
NLP4PFXN
LHERETK4
HTF9NTL3
TLC3FKXW
NP4RLREK
9PKKCT4R
ANRPTR77
9T94PLEX
H97M97RM
AEC3WFX9
WKT73NFP
FL9CKYMC
PPLWPY3R
HW3NTCPC
MHTM4XLR
4WMRTFAF
NM4Y9RTW
HPEEFNF4
MFPNM97R
PKFYEK7X
L7WTFMP7
MLW7CXXK
RFYWEPMM
7YRXFPK7
TYCP99RW
K3A4F44W
R3NRYY7T
EEFWWXY7
PNCNWPEK
XY3TK4WT
33KWA74K
4LWEEK3X
P9LTF7NT
HNAFTKR7
PCK7HXHP
7FY9YKFT
RRRHP4X9
XX374ECC
3CRXMY9W
LPPLXP74
CFKACLEY
XX93CCMW
7RRLTW7A
4XT3RYK7
FR4CMMM4
XY77FP4L
NRM9MHK3
X4WELX3H
RAKT3NRT
TELFLWRN
MT7KAYMK
WCWY7CTA
P49YYHPL
977W9CNA
WXETMPLF
HKHKRX3H
FFLH9E9K
LFP99MNN
9EWEYYF9
WHNFPNWE
W49TPACF
LT7NKCCH
7NWXKWRA
F74MKYTM
AL9R7FKH
PPPRMXLR
P4EH3LNH
HTHW3TNF
7AHP7CP9
NCRRTXYE
FAAYPP4N
XHMACTYK
TTP4CYCY
XPX9MP3K
CXWLT3FT
4CWCAFMY
E7F4PT3A
NPTKMRTW
HPNCKMY9
WACHRKYF
FYXNFLYX
RA47HCCX
MLTR7WKF
KMN3X4FF
YRLCRL33
7373TLKM
3FHKKAXA
XRATAKNN
TY3PF7NR
NA3YYXLE
KL4ECCTF
7KTNLNKR
X34FTXHF
NXFCMMMC
XET4LHHP
LLY9RA99
K4AMKA9L
37XPMH9X
9PALAKYP
APXYP4LK
MLA9XMRK
CKMPKKFC
3ATK4KPN
WRKEAXXR
LL7XH3TW
7NW4AKWT
WN4WFRE3
TYHAWA4T
T9C9KPFN
R7979NM3
NPNTLXMF
WAH9EPEW
9WK39MNR
NHFHPRLP
L4WYXKKH
MXYF4HRP
WPNRE9CY
KR73PTR4
CF7KPCKM
RY9YXNHM
F4HENWPK
7N3AA7RW
CPCLM9HM
3AXYPX4R
AT79WFE4
RCAL34WP
NRN43C7X
EH4N4PHY
AWHKLCPR
A47PCNNP
M9ECAWRK
7MF43PY4
9WPNFCCW
C9PHLPPL
KARXFNHW
LLR4H4XR
KNMX4WHE
34LHYLWL
PXPP3W7N
AXHNPHTM
9KP4NTHP
L7T4W4NH
WPMTEMAN
EPEF3ECM
WMTFWLMN
9MPE9WAX
W7CFY4FW
4AAW4T3T
XH97PH3X
ANNNYR9Y
YNPELNTH
PPNMPCHF
479H4NM4
XW9EPKFL
377WTWKL
KR73EHEW
KTL4F7FW
MXR9HMLP
79M3W7EF
HT9M4YRC
MYT7FLLK
KCCXAP9M
RXF3YN9Y
7KCET7EM
M9HMNCTT
X3YFREAP
YXWHN7LP
LP94YEAC
RPE4YRKF
M4PNW33T
NF7YCN7W
YK3L97EA
4K9RPX47
7XE4EKF4
LLYLAHTC
HLF3F4KF
C33EWXPX
NH979N9L
MYAYPCT9
EFAAAYTM
YTH79CLL
4FFKW4WE
W3H99HR4
KHKCRP9L
RLLNRLML
KY7F3M79
FMTFHMMN
RC4MYPY7
4TPAR4W9
Y9KYER4X
C9MKHYPK
P4P9XWP7
EA4LP9FY
CE3M94LW
EKKEHNAN
ACH9HY39
LCYE47RP
WKFHMC9H
97HFMFFT
FAA4PTF7
Y9ALEEFA
AAAYH9NH
AP39ENLF
PCY7TYAR
HARTYCKE
KLFY4CW4
FEWHNTTR
RYLYPH9E
A4KC7MHR
WLRWHF4W
A9C7HKPY
T7WCEWFC
7YEAN4EP
LHA4WYAP
Y9LX34CY
FYW7FWNH
3YLF3PRP
9T4FM7KK
K4NTRHLW
LNTLTPPH
N7K797HT
LK4RW7TC
CCYYETM4
9C4TYK9P
TY4K4CLX
3PTX9Y97
KRFHH9LR
H73LFE9A
4KWMHLCX
7E9RHK4C
N3NWRLHA
9CAH39RH
ENHKWYHR
RXE4MNHW
7TRAWRPR
LHTHA3RN
YANRTM9K
MM7EMLPE
LRWK33TK
LFMP3F39
A43TW9X7
NXA3KANA
FYKELTKF
HLYETWM3
HHT7WX9A
FRRHNMMC
MWM4C9AC
C37L9XW4
7A4X7E7N
NRXAKYLT
7H9MKF9A
FPA4YMWC
A9MY3F7L
YFH9XMM3
4PE7Y334
AE99LLHE
K7MT9ACF
7HTA9RFR
PLWEYPFA
NNKA93L7
7WNF4FWR
4XHYP437
E7MHHMWN
794FTPR4
WF3PMA7Y
LFEM7WTY
TLLFCX3E
PNLFKRA4
X3YAY49L
LL94N7WN
LNYCCWKK
MA4E7LRR
NC4ATAAX
PLCRNAFF
X793E3KX
NWE4H4C3
CR7WMKKP
CWR4EHRN
LELWRXNN
4N9WAE4M
FRNLH74H
4Y3TXFKR
XA47E73T
F3YYPK39
CN9Y9EK9
FA7ECC77
E4Y4E47Y
W3C3NHNX
X4FT77YL
RPTXX3FP
FR7P393R
PYLRTXRF
79KLYWNA
WKPKELHP
CP7YE3W4
7HH994RP
NN3HYCHH
EK7LRLA9
X734A9T3
CA4TAP49
LW347TPA
MEYTWAPP
MKYCAXET
HKE9TKNA
NALMNFM4
WYAFR4CN
9LWKWX9M
MEAXWAAA
MFL3L99E
PYEXLR9R
3P3FTK43
N7PHPFF7
WNT3LNXX
MCNYRXEL
E9EXPXXM
P7KCENLX
RM9NRCTC
4MXWCEM4
CXNYTN47
EA3Y94CN
XHHEF7EK
4HLP4AAN
WFP9YTEN
NNTKEXC7
K4YFP333
7YYFPMAT
XE9NR437
XMLYHETN
7EAEAM7K
LATX74TN
MFP9XPWX
XWE3RFRW
4FMAY9HW
P9NL9L3C
NLXCFLMP
NWXMTFLL
R7RH343T
RXCCFHYY
MK3TWTKH
FX4W7MWK
WKTKFNXX
4F9MHR49
EAAPEKXF
NCTPXFFX
LEFNXRNA
LFYXX444
TTAMWF4L
T7PNTW3P
NYCTA374
3EWFKKYA
LPTRYYFT
PRWPHCNT
MRXKERNK
3TCTXXP9
3CEANWTP
PXTMMM93
LXRALC44
PK9E74CF
A9R9WLER
XKMXPLPA
K3Y3AXKR
NWCWXWWA
X7FWXX9W
KTWELE4R
4LYMKLFK
AP7WFYC7
PCAHFXRW
XEFPMHLC
KRCRY3W4
CE979CWR
PM47K343
LFMRFAC7
HTTE4CEE
C7T4EHLT
4E7TKWCY
P7PMAFNN
XANTTLKL
TYYMCA9L
RWXPEX73
44WM9YEA
HM34HX79
WKP3XALC
94XXREPK
PFX7RNHK
3FP74YAM
X73PACE7
NHPNYANT
ATKCHH4P
R7FTE3FW
K99YFFNX
9PWRAACE
E4FM7HEK
PRWKEKEP
WACLP4PM
CRPPMT9L
M9HTA9T7
AL3LFF9W
NEH4NRHR
RLYPKR4L
MHL9Y7NN
7RN9F3PY
9RKL3KXL
XAKXLM3X
PY7CWWLX
RYT73PC9
MMNTK779
CMRTEXPP
CA3W4Y4N
X7HPXKHF
43XEETF9
CET3A3YN
ALY9W9MF
9RPELPCP
ANEN3PYE
FKHAERFK
RY3KWEL4
4374LC34
YTKR79HF
K4X9X443
FY9LHERC
WTWNLPFM
4PLMFXEF
HTEEC4NC
4HXTW7CF
XP4NAX7R
YWFYHTPA
Y44E39KC
9T9CNTRC
LMX437CN
WYNN3NRR
FHTNACWE
THLCNKXE
MYHPKWNX
WXWXWMYE
WMEEWWLC
EEKT9PE7
RCF4PEAH
YT4E3KH9
LATFWF3X
NWNXFP7K
PRTM9CAN
YNYT7XRE
3FEYAHME
P47ANXH9
THH43ENX
9MNXEYTY
ARPN49PX
C9TL97YK
MWM7C99K
FR4PL3AW
NFP7RM9X
AHFYPEPY
NY4KWRTL
YTCTKKPK
7WMH79X3
H94L3CMF
4EW39W3A
LN7KKCFY
9WCYKC7L
C9FTK7K7
KKANMRFR
3R4C4ENE
N7TXYEFY
TT7K7P4X
RF9NY474
3FMRK74A
NYXEMP7T
XAMTCKPP
RT7X9AX3
AN3WW7RP
KKXFMWYY
HE4P9ERN
FPLAF9KL
X7HXYF3Y
YT9RXCWA
MATR433C
MHCLEKKY
K37TP4LW
NA9NTMPT
TNKPKAP4
AYP4FE3L
M34KT4H7
4R7RM7H9
NXPFFEME
FCPK973E
XXMX7AFT
TC93RPNH
HMAPKE33
ERTLPAPA
TA4RAWHL
34THFFNF
LNR973ET
RMFXEW3X
MXTFAXXE
NF9E944R
RYKAR4HK
PEW4AHYF
PYMTE7A9
W9EPKK7C
AECMANTM
CFK7NALP
9FF33HR9
AA4CRX7T
PKX7YLLR
4K47W7L7
99WH9T3P
Y7PRHLKX
Y9AWCA7M
PW4ELAMF
H43CYMEP
M7PME3MM
4CKLKHNX
77A3KTP4
K4L4LH7X
FC97FMR7
EWLHHLPL
HXNXYPMY
NRKTRM7T
MF3L3ENW
FHA4PRF4
7WE9KWFF
4CCMKWR7
PTY9FHFP
N3KTAKFL
P49XPC4M
WNCE7N97
7X3TYT7P
9CAENT37
344N47LK
4C3HLLLA
N9AXR9K4
HF3K9KXM
F7NEYXMF
EM9Y4LFK
3NX9HLRY
PT79C4A4
PNEC9PXL
FLCL4KCX
LW3M3NTC
EKK97X94
9YXNWX7W
RKEWPFN9
FPN73FKH
YCNCYR7H
XNK3EWFW
XCRCCYEA
9MCWYKLM
9MRAWMWK
MH9XPLC9
N7FFPW9C
FFEPE4YN
YEM37FLW
FPLLAH7P
4YK3LY7C
MXEEKPC7
4CAKN7XK
KC7CYYY7
WTE3Y94A
WTXPNKYT
WEAYMX3F
AHPYNCHE
74HNREAF
93EWNKYM
PM949EF7
NCPW74RF
AP7AYK3Y
LCFERNMN
4MMATEW3
4TMM7YNT
949LEH7A
9WA4LFTW
3RHKFL44
XAEH44LN
CWWXW34R
TTTWKHFX
MN9YPT7R
MW3YEEE7
NWX4A4AY
9N9433H3
YM7CRAH9
HWYLC4MY
R3AAEELW
LW7K9HW4
F93Y7F4Y
AWXN3K9K
3E399NE3
K3FYYYXA
WH3RHP3E
43MPKENR
KHR4P3CP
RPMPF4YE
YKYCTPFN
KKM9KE37
73CP7HPP
RM3PCHFK
REE7NYWM
MK3KHEMX
4FFRMMA9
TEL49H9A
FHNWPFLL
ACE3ARXM
HKC7WFLM
MTLERTFP
3R9THKN3
P3TH3NCC
XMTKNTPA
YTTKRYMC
XWC3E4AL
7NNMFCA9
3PHH7PCL
RKREEXXF
7FY9ETKM
CXLCARAC
FNR49AXT
KEXKA7XX
P9L4XCCP
9L7R4LTC
FPALKCCY
C9CCPKN4
7EE7FF34
YK4PRFKF
NT7L9EKE
7NLTETYE
3NNMTXTP
9RHTP9CL
KMCL9E4E
YWLM97WY
TENM43PH
4XLEENTF
MC743TXF
AY33TYMX
4MPF97MH
PARP3XTR
PNY3WXYH
NXW7KP9L
ACREAE4X
RH44EAWR
3F4YCRKR
WN9R37FC
EC3K4YLX
HKYRKFK9
T3K3YRF3
PXLA4MKM
X9W4F7WX
Y33CFF4K
LXN9X3EX
74CHM4LT
4LEWKKLK
3T7NLCNK
K7ENKT43
YCAR9AYK
R9AMEMTT
NENCRPP3
E7MLT47C
HL4KX7X7
LHEYEXRW
3N9AFHTF
MCTCW97X
4XNTPALE
NKTHF3KY
YYNFCXHC
XAENPR9N
W7MFRWX7
Y9K4Y7YX
FAPX33M7
EYMYTH9X
97ETAECA
ME97NC3A
HFXWKFXN
TFX9MYXP
KKMT7RAN
CY39PP7K
RPAFAX9L
NLY4F4LP
HF9NEFKW
W4MEYLR4
WM4H44CC
PLXWKPYP
EX3HRNYP
3AC7RF39
T3NKEHNT
H7YNTKWY
TKKHXYKF
N4LPEW77
4RRFLCAL
TXK9FCKM
XLPN4PCY
YEXCKPAW
TNCKNH7K
9KW3WAKY
LYRYE99A
CEHEXTT3
TWNWPNY7
YE4NACWH
MFXFE4Y9
MWXTEH4E
MM7FME4N
Y9MPH3LW
CNFFTH7K
M4WTKKC7
LF3M4MKK
HHCNWFEE
WCMKMRTF
RY3TCHPC
NFN9ALCY
KL7M7ELH
KMXTFKY4
TNKWFY7T
YTTKC4CM
EYXRLTCN
HCXFMNKM
EYX9AYKA
MC4T7RAP
PPK43LRR
YLHRA7EC
WHYAFMPH
HNRF3WTM
AY39N7RW
N4RKY749
79X3XLLH
FLLMNCRL
T4MPHPLE
FKTE73AH
3TKPMACH
33LEEYEY
W7PPYNKP
HENRC4YY
CA9CY7W9
F3NNRA33
7PR99HRN
LMF3W4LM
9XRHEYLX
FECKNY9P
7MPEP4L7
4AF47YCL
NCFATYYW
RFKWATF4
7CFKT4R9
A9YP3HW4
9MR9PALL
CT4N934P
PW9WKWPY
43ELTATA
HKNRHKKC
R7NAHKEE
LMWPEHKW
K4N7WHE4
XMKC9M97
W4MAFT99
AFKRNPAP
ALP4H4K9
LKWCWKLE
T4FEKYAR
RMY4NX4C
TNYRFFF3
NNYN7K77
Y9CT73PR
RRARE9FW
TF74TYFR
ERYHXWWN
LN9PW7R7
C7R7REFN
97CRCLFC
CAY7LX9H
HLA3HPKR
MMR3TXYN
ATM7YEWH
ANLPPXLM
3Y3PFHHE
LWMF3FRL
9P9PL4XW
MTHPNEMT
FNAR9T3L
P4L7NXWT
ANLLPPFC
ARYLHCXN
L7RCN4AY
N9WE9H7N
4N3LKPTR
3REX9CHA
HLPA43PW
43WKXEPN
YN4WATLA
R9LWTHXL
PATTCH44
RMCEPH7P
49K34T4N
KA37ERCC
KPXXT9AK
PYNM4TFL
RTRWYMYX
CXXXCTRA
RFA9XHNW
C3PT7C7M
AFLCHXFH
XWERKTPC
ARTW4T7M
KHXANNE4
MRELRM47
N7M3TNM3
YP47TEH7
CHKN77M7
PFPWLRP3
97EAK7XK
AW3KTRHT
MFRTPLLR
449MNCTY
9EY3KA7K
M97TKRY7
7CNTPY9P
RLN9XN4W
AAL73ATT
W4HTWXX7
PPPHM3XR
AAHT977Y
ELKK3PC7
R4MAK4AF
ETMWKXHF
3YYKEMRC
3LM44PA9
FWFNC497
YFCEFEXL
ATN7CRNE
YATFH74W
FKW3NRWF
EC7HNCLW
9EMC3HKY
A47FKXPF
FMNTFY4H
3RR3K7AX
EAKETNPN
NPK7L3TR
T4HTLFFM
TXXPAWXW
M3EERE73
XRP3YPA9
X9XTYC7A
E47PWHKA
LNL4ELYA
EHTF3L37
KRW7A94X
M39TPWKR
397FWPFK
9Y4MK749
ECPCTTWW
PFT9LHAP
YL47HYME
THHA3P9E
XFE3EFYX
PXM9XLYN
LYYP39R9
4F9W3WF9
LPKTY9X4
9PERL4PE
774HRX3F
97P7KCY7
34NLTLN9
KX37YENL
TWAER9X4
CELWXK7W
MC4YAA9T
FWAETLPP
NHYPE9CR
TC9CPAXR
KALKMYLY
MPFX9T9T
MXKFACTW
XM9MWNPK
4PPWX4XF
99CNAML9
W7YL4KNM
K4T73P4L
4E4KTFNY
9TT9XFP3
YEHYMTN4
7FRC333F
K4P9YW9R
Y7XH34HF
YFKHRNKR
XA7WKYHR
7ALH3XTP
XR7EFH99
NRHXHNR9
YM3PALAL
NRX97FHN
CALR4HTE
HYR4X7FE
3NNTC4HE
PKA9KFAF
F7XX9FME
KFXWTTPR
XM7Y9HAF
YK974XMP
P9NLMYMM
EC9AMNF9
YPYW9ETP
C9A4CHNH
H7A7KCKK
3N3YP9XY
WP3YTAMW
PCPCLHCF
9HFY93LT
RRL99FL9
TA4FEK33
K7PMWKHM
CCTLAT3X
KXFKFYP4
CXE7NHT4
EFP9KWKT
N3K39MLP
MMNEPHKN
YMYCL7WA
P93YT3P7
WKPTE7R3
PREE9LLA
ENK9FC47
XRMXPMAW
N4K7FF99
KTR37LMT
LTACX9YF
LE3NTCPX
NMTPLMAE
4M9RYRCR
EPW7XAML
LNT3AHA9
NH43P7E3
4CXX7KMP
HAE3XPHK
MXPCYMCM
XACLM4YK
CNLK749W
M49YTKHF
XPF3K49F
RAYE9LHR
TCN7CTWK
7EFT947T
9KAFC47M
WRENRLPA
PMYLHNXH
MPKLAYWM
T7CTERFY
A93M7R7W
EERC74EP
XPWAANRM
NW4TPHFL
KWA7YPR9
L733FACP
9L3XYYT7
MP7H4TH7
L3CWTXYM
344YRHFN
N7EN33WH
KAKH9KFH
M7YY3WW7
RLECCMT9
E7LM4AFR
CEYHCLFX
NFEM7HTR
T3KRTX7P
MRPN9TPX
A7AM773A
MHA9MNLR
YLK3PYPL
EWWXLNHR
MTKHEXA9
HHPA3YMT
WFWYPLLT
9AX7FYAH
TAWPCTAX
9H7MC7HP
CWNCYEPN
73MPF4P3
9P3NFKTC
XXPAP9CF
W3MLP74H
39FRN7XW
LMHLNXXF
TRMTH4CP
XL9RLTCR
7Y7E37WY
FFP3TWKC
4FRF4NY9
KL3F3Y7H
K4C3CHTL
MFNHNMRY
WTMP9WWT
P3NMLANW
47EKRCWA
ARX374NH
XR4MPC4W
HHK7KWPL
4LRPNKCM
EW4T7EYC
7XLHC39C
7E7PXRPP
YCLKMMYM
3RP49YXX
FL9ECXCX
NER44KNM
EKM9HLXX
WLCXHNYX
P39HC9AT
CTAKL737
7L3YRE3A
NYH3WLFA
K9NPNMRM
XH49FAC7
PPMTFCYY
MKP9EFPL
MNWNRAKX
CL7W7K4A
C9YAPK9H
MML7CEY7
NFYCH43R
4PK979FN
4CC7K3CT
PP4RPRWY
NEPHHFRT
RWR9PW4P
9EN3PNCM
3T7F977F
FNKYRWX3
K4MRRCLL
3PHF9CPK
HR4LPNCH
K7CAXP9W
99NLN7PF
YX4KPLH7
MEYLTFT7
RWYWWNRA
PRPACNCC
RMHXRNTM
H777WAMR
73WNNANC
4W4PKMPN
TN343RRP
CCLMHEAW
XLXXPYRX
CMX3CEKH
EFRPHL7A
YPWMXFWC
3K3WCW3X
3YXT3NM4
4X74H4PP
E4CXNXYM
TYNCMHKE
XPFRYAEA
LPL3TRFA
9FAEWP4A
WFEMXWAL
KKLYYPPT
FMH4PNNC
N4N7X9LM
HNEXYA33
LF3LXFR4
4H9TTWWH
XLKCPNKA
E9WEH4XL
37KNHFWC
XWXFWMAF
XCHN4HWL
HHMKC4LR
4RXRTHYK
NK3HNP43
PFHNFLEP
EXRL3T7K
YC3FWMFM
3XAWH49K
PTHH7YMA
LKEEC3MT
EMN4XRAN
79HKKKHC
NWERWCX3
RKEPKMAA
FA9K4PRF
3XF3KRTR
YFM499RH
LTWRPC7F
NNXHNYL9
NXC4LMTN
NFNW3RYY
99347MRY
XKE3NTPE
99XE9TAF
AHRFWCLY
MNFNW73E
N4TW3A7X
PERPKAXX
4NN73R74
H7LPTLP7
9RMYL3W9
CK9PCRM3
XLX3PNEL
F9CE4HNR
Y3PNC37C
WK4RYX37
K4RLLK7R
FKEKLNRM
TWAA3WE7
HL7ELTHM
MPEXL9NP
9MXYTY47
R9EEXACW
7YCR4RCM
7MCAY9E4
9NNWYTHK
YAKHY3EL
A4M4KFKN
P3AMALKT
LYYCLCHX
RL7CW4E9
HE4EYP4N
RFCAT4MF
PWY7K9RT
AX7439T3
CCPKMPHE
PTKXPW94
N43X4MHM
AFXACMNM
NEX49ARN
HH4CEWAN
LT97T3YE
9T34CK3L
LPCXTXMX
YM7NXFTT
FPFPT3CN
WYEKWRYA
4X97WFLK
LLRLCF7L
HMNXKPE4
XTXW7KM4
XNE7AEXC
A7ARKAXL
9REAANAN
93W9WR99
KYCYC77T
F7E97N9X
H4YW7C9W
TWKT34CL
79CFRA3A
NPNRNNYX
RLX3RCXF
RTFTXTCY
KAYFTCMN
4RNCFWH7
THP77RYE
R34LA7TY
XE9N7F4N
NA9FP7FE
3E4LNCMW
HXR9377C
7LFAPFFH
NTKEWFEA
YLXKHNRF
97MHY47N
WN3KHRHT
E3LTH9KW
7EPYRYF9
R7Y4RCW9
K7EM9MTK
9PRMCRKY
FEE79R7W
CXHAKKLT
LKNY9HRF
C43LERNL
TXPFMHPY
XWKKRTYR
RTFRCW97
PACNWKLP
LWWYYA9T
7HFRL9PL
ENLAA4W9
WPN7M99K
4KTXEH97
HLWHLNKK
KFXKLHP4
F74C74PT
A3M7XX3E
YWRP4ATF
L74YLE9H
Y3H4PTP4
ATLH3HMA
WE7EYTYR
YT4RWKR7
AWKEAW7K
WWAF9HL4
NFWP44YM
YLLRYMER
EX4K3LAY
FL7YX4PM
WY7FY74E
PERXX7RP
AKRXEE9W
FNKRYFLF
4HFHLA9N
WFTTYC99
33A4NRA7
PFTW3RYE
RE49MAKL
E79RLT3E
TFNMFE3M
CY3NHW77
NPTNFNXH
RAPPET4H
TXNFNTAC
FEPLP794
CCL39LPW
R9PYWPRY
4A7YEMCY
WWKAPY9E
RTR7CRLC
XMEFTFKW
MTEY3HRL
C4NH33AR
XFFHEHWE
TY3HFFFE
TAHW7MM4
49K4AXA4
F9MEKHRY
3FCNEAMN
RXLPW7AC
EFPP33FE
K73PNXWM
99LTCYKA
KTELH9PF
797MXNRT
XL4YLT9X
LPHPYE7W
9XYE4XWM
RHW3M3WA
7PPNTLML
HNW9ACHL
PTWCMX77
3THY3WHY
4XCA3TT4
MKMWELFC
R4CXHAEX
7W9N7497
PNWFALCH
4M9TKY3C
WR493FK3
C3CNECP7
Y3WCFR3K
RFARPPPY
CP3Y4W3W
FPHNA7LK
AYKMHFF4
XCRL4ERK
F3X99E7N
F9KE9NHE
M3CPM4PP
AWXFLYMH
WWY9EPH4
LK3PH3HT
HYM3HL4X
9HRENTCA
N7977MPE
ALWT77L7
TCF339FA
RM799AW7
H3Y44NNN
NE7KLMYF
7CXCFNY7
AAP3A3FK
YXLHNPH3
YYNY4X37
T344APXY
E7NRWWX3
T9WW7W9M
RRLTWMFL
HWNPCEPH
779XP4PH
AX9KTNLK
XR3MMA3T
ACCRP9MT
NYYHPKTF
3MHTN4NN
F4PEMKC3
9F7XY9HY
TRNYCFWY
EKYF7LRE
CWXFK9R3
7H73C3PC
TFA4RCC3
EXMH9ECX
XKXRA379
WKMLWWLK
WFPPEXE7
NHKLW4F9
LPWXXT4W
LAL7MNE7
9EX9HP3C
CWNL7WYY
CW7C44RR
RH7K4K94
4PR34M4Y
M9XAP34P
E9C7FMTX
3CTCAP77
P4KEPT34
AKWLFM4F
KNXMLWWX
3TRMAR34
E3EMC479
Y97XHA4E
NK44E7KX
YXW3LRNR
E7HYEP7H
7YT3RCR7
CFMMYEMR
EXCA4WYL
XXPNPF9A
KKFNXXTN
LL7NAXF7
MLRAKHLH
XMM3C3T3
ERM3Y4NR
F9E3LCFL
CEH7PRWW
MC9M9C74
F9HLXWWN
FLAP4EAP
YCCMKYFL
3NR3MFRT
YTREMCPR
RTLKWLWW
RKXXKLAY
XWKTP4PC
N4LEACLL
3RRK393F
XFEY3L4F
CYL4A73A
HPAK9CEP
Y7HMENC4
RNLCWX9A
TLY9LPLF
YRT3RYWK
KTT3NFAF
C3FNL77T
AEFW3TNE
3EH43T73
4CLX3KNH
MT9CTPNN
CCPRLWEC
CWEMAPR3
TPLR9ALX
PKEHNCWE
4HWXCP3X
N77RFP9X
3KRPLH3L
ACPCM9XY
XNFPTNTF
PK4ETTFY
HWNHY4P9
H97WLAFM
FWCCWTNX
WH4E34FP
99XY3RLA
39P3EARX
T7CCNYKH
7PMRTMXX
NETYC3LT
XF4T7Y3H
X9YNTPAT
MW4C9TPC
9XPACHNT
7WPANPHY
WRRE4YCM
KC9RWL3E
TE4WW7FR
H3LRNMH9
CT397ERH
YRLERLMM
XKM9RTPA
AN9ENY99
KXC7M43C
F7CFP4EA
CH9TCEHF
CW7X4YMF
KYKXTLAH
CFK9NE4K
74LLN7EA
X4RXT9CP
F9F9RTNR
ACREHALY
4LKWWWYR
WWHL4KC3
97RCPF9P
PXC7XYPK
LEMWEYTY
HA7YEAWP
WY7ACYA9
XCPN77LY
KAWRMWL4
RHMNH7EE
KXNAMFCE
EHPHPY7X
AFYWPFYT
PL44WNRM
EY47RHKA
77MH7NXP
LFTRF9E3
KXMFLWH7
MHXNKYME
HC77WK4F
LKM4TKYX
3EH7N9XK
FC9LLALL
FA7AWTTH
AYC3TTEM
YA49A4E3
RR4CPKE4
3KK9RW33
4M3NMLK4
4FKCYYHC
39AFNTCE
MT9C37YP
3TREK7F9
MLKETRWT
77HM9M97
FT4KL3L9
4MMALCKY
3CTY4HLH
HFFLAWNT
P3CK3XLP
KEP4NRCH
9YRNAX7A
4EM9ANEY
RHHFRF97
ETPKKPLM
KMYA9CHH
4WHA3AFX
CHNPMMAE
NA937FW3
7YREYFRL
PKWFMRLF
T4A7EYYX
F9PAAW9H
4HW4THHA
LRWPEHXN
LH4TYEPA
CERN7HPE
T43X3KNE
9H7KWEMA
EHPHAHW3
WFA4P49K
9ACLAWWM
RC3Y3HMA
Y3C7WLFP
EEPAA4XH
F4HW747K
37TYEMPK
LKK44CTE
A7PWXLHK
LKKHTAHR
9YR4RTEA
NARHPXLX
KWTAX3TN
PFPN9P93
MTEAXECT
YYYKLMK9
7Y7RLKKW
KH3X3P79
AEEFWX4R
WNL9EFCE
X9Y9ERWF
XA4XPKF3
C4KRWCFY
C3YHA3F9
3F3HXHLW
CX4RML7L
WFE3AXY3
MHNPE7RM
4E7Y4L7X
3T4ECRH7
A447XLNF
WTRYTPNK
73K4HPWF
H3ET3HXE
ENEN4MYF
WKCRYLXX
WFLLE9YC
XXANMFCY
XYRKA93L
AK343E4K
RLR443TM
443E7PEP
WN4RTERC
RH7FRHAC
9YP34F3N
WFKAN4LR
LK9RCRCC
KFYL7HE9
7EXLPX7X
MMYNEXT4
HNAX4AA9
FHHLNRLM
MTHPWRR9
NYFMNP7H
PNNETRKT
KR4YEWH7
3KRH7RAA
YENPT3LY
LPXPKYM7
NX7CPFAP
AM4LAY7F
4LMP4AKX
F4K7CN9R
NPCNWKAX
7HKLNF74
KRK9ANMR
ECMTNTTW
AHNF4ATK
XRC44A44
7PCWPK4K
KHXRA77Y
NYPT3TML
AP7CNKN7
NWFR73HH
9FHTWLWR
H4PMM4YN
ET7RCTEY
ACYLE3FN
9ATX44WK
PF7X4NLY
KH7M4FW9
KYYP4CHP
HTNR7NRN
FC39379E
PMEEW3F9
7K74XAPR
YFXKETXK
AFYLHYEW
EK3TPYXM
TMWHMCKX
XRNTCLXT
AANWRWXT
W3E4CC3A
93AN74PN
XFKWXL4R
HMA9L7XK
PFLKC9C4
YHX4K74C
YEXFYCER
9N3C3LLW
RA9C3LCR
YXFN3397
L7A9NE3R
4TWH9YX7
NLXPNWA7
KLHYKHLX
4W4HMCWP
MPXPR4PC
WELXPNMM
MRFXRN44
YCCMLA3A
WLK3R7M9
N33PPHEN
A933T3HP
YRA4CCTT
A3WT4CWN
79N797KF
MATPYFHC
4WXL4MRC
WE7YMTEP
EL3MM47C
H94P9KFW
MHF3F7TN
CCHE3MLW
WLWFCYTK
HLTAEYCA
KM44KXC4
7NN4RTWT
3PMERHKA
THCTCAPY
XTM3P4T3
4P3EMXHF
PWWEFPMH
AEKPX4LK
XF9XAMCX
EL93N744
K44NT9X3
XTKA3HTX
NRY3AYLN
NYXY7LFC
PKHKXLET
4F9LP4EE
CWH7M9AW
MMAW33RM
A3KRP33L
ALACNE9M
9LYNPMPC
WWHANCEF
M4WPWK7R
79AX4WM7
9YYR7R4X
4LR7RYNN
CFRX9H7F
KXXKWKMM
FA4FY7NN
EXHPNP7M
XX7MTL7W
WTTFT4AT
PAM9LCR3
FEMXE9CA
APANARNR
MLRFMEHC
H4LNAKHN
APCKRPTP
YWFNN99L
NH7HR3P4
XPL37KTN
7CYRM33M
A9KEPYRE
LLHRPHWK
ATT7YWRX
94PC977M
3RYCTTM3
CYAC7KRT
PP7WHLAL
EWLPAM7L
E397XTPY
LRWP3473
99NHYFAW
PK4X3MHL
PPR3PHKW
PCNRNKTR
HFEAPKCR
FTEYTEHX
LECKLHCL
L7TE77AM
FALPLW7C
L9KA3YLR
P7YKNXM9
MMP3TTHX
9EYK7APR
TW4C493H
9MTECRNY
MHMYEK49
XN7ARRWC
PTL3CKXE
RNHAMACX
KWNC4WXA
YXX734LT
3RXR9THW
RXNWTRXT
3CMYTW33
4RA9WEXN
4KL7TNRW
F744YE3L
C3T7XKHY
A7L977PL
LYA77C7T
MRCMAM34
MECPYCR7
4A3PENMM
LR9KWKNH
TRELNHNA
AYXMTHCP
FHNFC4LP
99XYHPH4
KH7NN3TT
WF7WT99F
FCP7MENW
9TX37EW7
YXYAMKRA
M9MTAFPH
PRR3EYK3
WC7K97X9
RCF3MKAP
EFH4TNTC
ACYWLLKN
LACNKL7T
9LEWFFRN
CPAE39RE
HELM43EW
LXLEAYR9
T3W4XXAA
CHL7T4TN
4KRKPXX3
A393PX4K
E4HPA7WW
FTHPRNPA
YPMCRM7T
TWXKL3PY
3AEYLL9E
4HXXLK4C
N3ERNF9C
XMPKEA4Y
777W4R37
CYCTWX4M
MT3ALTEA
CHA3PC9K
NEEMAAA7
TYYRX4FX
WAMTFFE7
NPLWCLNP
XXA4HFW7
37KWXF9L
TYHKPE7E
3E93P3X9
C4Y3HA3H
FNRNHA3P
4YLTNXYN
HXAMXWFR
LPK4AEAT
XT4L3YEF
YRTXR3A9
KY9CNAE7
FCWKYRHH
KTXKKKTT
NAKAARYT
PYCXNAXK
4LYFC34W
CEP4RR4M
9K37X7PX
LXA4WMWE
FTMYRMK4
T3KWHX44
HELLWYAK
KNH4TXTF
PARKMEF9
HPA7PWTH
9LF9N3LY
9LWK3R4X
EE4MPEXE
XM7KA4R4
FXTWPP37
RK9Y9MN4
AC7HKKMR
FWRYPKMX
R4NHYTNX
X973RYTC
NE3NYKY9
FE4TEK9P
F3WLN9M3
W73YXXTM
YEWYCM7P
MFW4YXFL
RNPKERR7
RKTA4LT9
R7LP9LWR
W94FA97E
PWEMKF34
WFCPRXMP
4TYFAKRF
L3TT7YCX
TA73RTEW
M93CK7TF
MC4KPEXP
43KRKCFN
3AAAXRPH
P7CTLCLK
XE7X373W
LPCREA9M
AKCXPA7M
KCCCP9WY
E3A3A3YC
CPT9F994
CMCKLHCE
XK37NHMP
CEHXK4KF
AEPXE4Y4
WXKLAXF3
PNHKM4LW
44YYPHXY
KFEAHEE4
XYTK3WAH
MHARMN4F
TKTTXFPM
NTKTLF44
T43E4XFW
TXETMKWR
WRPWX3TL
C3TLY4RE
P7XYXRKA
LET4FXXM
FELFMXP9
XFTF9LP3
XEYLT3MY
N9RALMCE
TC94YYF9
ARLCYEK9
M4XRTW79
X4LE7CPX
P43R4XYW
AN7N7CCR
93EN7MNC
7PRFAYW9
9Y94CFYC
7CMFXMWP
9YERXN43
KWY4NXYH
LWLLWTN9
RX9XWHYK
Y749TY7P
KPT3KARM
HYE73HYH
RXRFNF7T
3N3PECNN
PCMPK47F
MPRXH97X
PYR3XEHF
W4PPHM33
EE9N4ENP
MTHM4L44
EPCEM7XL
XLMMYP7H
LM9WLP44
R7RMTNEM
XWPYNK99
PMYKEX9Y
4EEXCNFH
7KHMWYXT
7CHTH4YA
3R9LPRPT
4N7TE3TF
4TCTTTK9
TYAAAFMP
X9ALX9XH
LANRHNFA
ELCXKNT7
ALXFY9WX
Y7LR9AKH
YLRR9AXL
9MK9FAMH
AXLKRTEA
KMK3TLNW
T37LEKM7
PTT77LNK
3E79KEW4
LNRT3WL4
FPRMEEWH
N4MA3FKR
4N7XPF3K
9ATE7YLA
EWCP99CX
7LK4FMFR
N4HXK449
FYPLCL3W
73WFXXHH
ENX4HAHK
KYMT7KY7
HTWEWYEF
H37TMEXF
LA3RALHC
NKHP493X
43NLRRXL
73CKMP3Y
W7EMNM4H
M9YXYCWE
HXTCM7EM
L99TYL9E
RKKEW7ME
NPR3ET7C
MNXRPKFM
ANC3L9M7
L9YXH4LY
PA7MEP49
AC3CLMCW
TLWAX93N
M7N4HRRM
LRN9MNEN
CE9WTLTC
T34YEXCE
949NF4W7
HP4C3W74
HKFERMHL
R7ELM4RR
FX9E3FL4
9FHHR3MK
LMT9HTMC
4MTTWT9C
ARRTF3CN
KCY4K3EC
RRT97HMA
PWKAR7LM
EARPKWRP
H3NNYN33
AXF774M4
WAWKNPY9
L7WK4NNX
K3CX9NLC
RMKA4NCX
3FPFMNCH
AYL9CEL7
LPC3YXFR
4CY9LCHP
E9ENWCNY
PTKCLWWT
E3CL74MC
4XHK94FH
TELRW7FC
N3YEFCAY
4FARWWCX
MNYWC4RF
WXKTY97H
K3H4EEC7
NFY79FFN
39AY33KX
NHYH3K9M
MMTTE34H
CP3T3MXP
L4R93KLK
K77HMALA
EY3RCFEA
977MTHKN
EAY4XHFN
YF7R4TKE
WR7P43LM
TAKAP4RF
MYPM4NE4
9L39KATP
PCPHRTPE
NPRTFCXY
TY9X7ATM
F9WFTXM4
HRHWRWHP
33TLNA44
M7HCFFFA
AFRW77NT
LT9CHN9R
7HL7REW4
LX4M9HR4
C3MMM3ME
KFKLLM9R
AWPWCNX9
493C774E
A9MART3W
NHYARYT9
3CEL3RPC
T7FWN3LN
WF9HL7CY
LHC9YAPM
4A4W94TR
FHEM9RLM
HWCWR3EL
PNPRPYXH
394LYA49
3WKTWYTY
XP3KNYHW
LPAAHT7A
R9RHPR3Y
EKN7K9M3
C3KLKNAP
YRELCNPH
4KHKXY3T
HPPFPLWK
ML9ERCN9
AKRF9P7M
ERKCC3W3
Y97Y97HH
W4WXAPPT
NRXNYEC7
EFH3CFTL
LTFNWKRP
9HECT9NH
XW9HNW9P
4WWTL7P7
PE7MXKEH
NWXMRKW4
WRK7AHYK
XEA4R377
XP7C9NMC
FCTX9KKR
97K7CMM3
CPTWLEXC
F9FHXCHW
9KTFPNXT
PPL3NLRR
HPHRWFPN
RWWFTKM3
ARX4XTCN
RK3FFKPT
YPE4YK3R
T7PRFN9X
LCFWPHC4
E7XKFFT4
TCLEMXKM
EWM9T3WC
3KTWYRHK
M9C7RKYW
AECHHHNC
NYPNTMKM
HFNWFNHW
AKXCXXTR
K3XTME93
AWXXYCAR
PLTXFFP3
3PTR9EKE
3XLAE77L
C9XR3NWM
KNTMWM3A
A79YKRA3
ENKWACFK
XNH3XRXT
NK3MCCLM
A97LN7XF
C49WP3HR
YFW3XHP7
97RREHER
3CCTPYYH
7CWRM9K3
PWC9X79W
4X47HXX4
R7ELKPTY
KWL3T4K9
37YYWHRN
R49YNY7N
PA9XFHKE
Y3FA9N3N
N9TRWNRL
3F3W44F3
YFRYPWW3
9EAE43P7
TPFCHPCH
AKX3FPPX
EC9RR9FY
LCTYXWRH
NKR34NET
LKNYT977
4EY73TH4
Y9L7LCEN
4RCNTL3E
HLPYNRPP
4N3TPEWY
94L9HN4L
KW3KTMHR
49HTNLCW
CANKYTW9
ENT4LXLA
LHFRKNPW
TLF4CFMN
KY9P3MLA
YEL97MFM
MNWCW737
CKLAXTTX
MLYXYWAW
ANMA4CEX
9LAWYLMT
4AKMN3PF
LTE47XNF
49TFEHXW
9FNWWCXP
NM3PLAEC
TAPMMXXY
PTPPX7AR
M4AMPMML
PFRALT94
3W9AK7XK
W4LKC77T
TYTXYMPA
PE4R4K97
WHEXCEX4
YECTAWPF
W9TH94A3
3C4A3HK4
XHPPK7KM
7N9LK33W
XTYMKXCR
47NW7XKE
NN9T4PMX
WCNRK73H
APEX3PNX
EYFETCPC
M34EY7RY
TMLX9AN4
HYMX9X44
NMCFFYE4
FTNH4YE4
NF4EYL7T
HWMCYWME
79KXATHX
3379H94P
AWEPKX77
EE7CXEMT
3F7WKN3N
3339TY4P
XP73747H
TT3N7MKL
TEA7WCWT
C49FXERP
4N7LA4NC
KW7CEKPT
LN3AXRKN
HA79CM79
NYAPC4P3
HFEYTC44
N79RMKXA
3MYEYXTH
7KXYH7A9
YFPATPMF
AX9N9AP4
WTYMYMHM
7TYXKPHR
7MNFLWWA
4X4AN3HF
7M4XYLK4
CCTLNXAC
NN3PYPNW
XMC7M4FA
YNLFFP9E
NHAYM3H4
HTCMF3WT
WN3NWHNX
LPKTMAFE
XXFLW444
4RKMFEXY
YPMXTA4N
74XNW9W3
HLWYFKEC
MA97CARP
CMEX3M4K
9E9AY4N7
EPHWAAT7
9E7WCN7P
TTPANXYA
9NTC4YFM
9X7CNETA
NPFXN4FR
7LPPH7TF
LHPCRNA7
HWMENPCA
PEMRAXRK
E4WK3FER
KMMAEKWP
MW97FEMX
XE943YF9
TM3AF9E3
9YHMRCK7
43FMN7MN
7MKRCANN
PCWHXA47
EPXHAWWY
WETH74HX
PK7FXFKW
MPHME4N9
KW4E4XMR
HW4C49CY
R4TAHMAL
3NKRKKLY
HAHWNNYN
TRKNA97E
RNLE9RNH
NEE9K4YP
MKKKHT3Y
37PXKXL3
E4KYY43P
7XKL9CN4
77NLM3KM
MXYTHLE4
4NX4NCPY
RWNYCHE3
HLM4P93C
TYCN9ALP
LYKHRNW9
CNKCNFPA
4WNP3XPW
WMRPYERA
3YCLLEAT
9PLFCMAA
FPPCM4RC
9LYH7NYY
AM9RTTAK
P3PE44PF
NCM47NE4
4FXHYRWW
AM434AT7
XKR9HXRN
97T3R3ET
T943PM3L
TXFXRR4N
E3H37R9X
XHLRRPRF
XLHKLPHR
P73C4MNF
LAKFPF3Y
XFWL7PTR
44FF3TLC
MML94HMW
3N4AYX7N
FELAPF3W
HKA3RPCK
9K9NR7MC
7LEFCCXC
MTEHLCME
FY4TNKCR
TY9PTAFA
WX44C4KA
NTXCH44H
L4WAFPPY
LLHMYL79
9KKLMW4C
R937YNFA
CHECELTN
CLME33XY
F4HMLME4
EECTRFCA
9EKWNLKW
TLWFTNPP
AF7YL33P
997MCYTR
3PCCA4PF
HKH3NH7R
K377LFKF
4M3M7N3N
PHTRTHKE
7XNRKH99
K94EY4AC
XPWPKENC
CK7HRLEM
RM4XFR7Y
M4R999RH
7NRXANAH
T7ATPM34
3TMPTA7K
W7CCXRWM
W7PWMEER
97CTHETA
L4ELWENH
XYE9WYCA
KRH4CECM
AAFAA4KX
LNCKP3HH
XKLNC4KR
R9ERWTCX
WK3RR7K9
MN33FHPH
3A777TRM
HFK4FMEN
EKPLHH34
W4LR7CK4
3PPK39HY
KANP7TE4
RHC9Y44T
WMXXTXCP
ENHXA44P
Y4P47A7F
3HN4N3PA
MFFP7K9M
CWRLC4H7
XAARTCTH
9HAFA7HE
FK7FFYAP
LKEWFL7R
CYTX4F3Y
M3HWYNMK
XMLWAXX9
HR3W9Y4T
WYX9KEM9
WWTFT4PH
FKPN9H7Y
F9LTXLA9
FT9XCEKL
HN3KCMCM
WYN79EET
ATMKWK4H
RPNE7Y4K
WHKWPN3L
MH47RAKF
7N7TAWX7
E4ECC3LC
TFTRNXNA
MLLECPKC
WMHHPMAA
HCFTWEY7
AX3ATWWH
4CLXAXCT
AKLWKCNY
TNY7EEMP
FW9MFEW4
37ELML34
AKHWC9RM
RCPEL7WL
TXKAWM7E
RLNTYYKM
3L3T9TPH
3TRP4YLY
KXTREWPP
M7FYLETR
7NLR3N7P
PEHLY4MK
AECMN7MF
HXXW9WE3
P7YYL9WT
NWFYCHFX
W7RXAPWX
4PCXTCRR
T944947N
NN7MT9N3
3HNT3749
CHFYAEXP
MHN33HXW
WKM7433E
LA3LHTAP
E37EKRPW
AYR9E4HM
YRHRY7X7
PPYA7CY7
HPT3XPNN
CEHTYX4R
MYMMK94H
LYMCYPR7
LHAMYCXF
CMEC7RKA
XW3YFHCY
7FTXHER9
EKNXX7C4
XNCN9K3N
73M747TW
9RMAMMXK
YA7LFEFP
YEHRMMMK
MARMFPKE
YNCXP7CX
P4W7HTKF
KAHN3CR9
XHFTWY7E
W9R9KMYM
3LHC37YE
PNCNFEFY
AFLYXHH4
39HMAX7Y
PXWKCKML
AH3KPAWM
LCRXCYHC
A9E99WWF
HTLPPPHH
7CLTYRM3
MLT3PT9N
NFAWL7NP
WAKXFAFA
74HNKXM4
MNYRYP3A
AKXKW4LK
WCE7LLKH
4YF94FPX
FPXX97PM
ANTR9RW4
4HKPAWFA
3W9XTFYC
P9TTFLMP
7WM3T349
4KPFM7C9
KHLRPYTH
M4TACP73
XTMWN73R
MFEMFW3E
Y97RXP37
WE9R4TTT
4KNYTH9F
7PYMWM33
4HPAY4WW
3NPHMXET
CRLA334W
CPKXENP4
LETYXRMW
R4H9NY4H
EEHAAFLH
NN9RF7CP
99F3XP7R
W4AYCYC3
WAAHFCYW
K7FLFNWX
K34YPMMN
PYNKCHEC
4KERCFHE
PCCWMF3R
K4XWYAKC
YM3T7PWN
RXLNWXFA
EYFFHRNX
A4HLR4KL
N9LPXCM7
L4RWE49N
HCP9YM7K
MRLYWPTY
APRYA743
H7LXHCMY
WHP9E7KR
TCLTYHEY
AYP3WYMW
X9TKKT9R
H797KT7M
Y7RCEYYX
7YW3TFM7
RENF3PR4
LLEFMLLL
9Y79RP3L
F4CPKTRC
YYKKH9LA
KHA3LHCK
CERALAHR
M4MPYEAW
RMRPLPXP
PEE4LF4E
4FAPELT3
THMEM3HL
7AW7FR4R
K9RENTPL
MLT4AYWE
Y9ERRELC
YMMNK9XE
EHM4HAM4
W3TL34H7
3TAHR4EA
T4NWT9W9
MLHLTHR7
NFEFX393
P3CN9XX4
L93LHYXL
AXNCL3KL
9TYHNH7A
C9TNLR7C
KE3R3KYN
AAMWC47A
RKMKYPT4
LX7NCNAH
HA4KNAMT
MHEKMX7X
RYRLRXTY
WR9LTP7P
WYRXT3R3
AW7KMYWY
CRCYNE7H
KHKTA43T
LPY7LLTA
ARMEF74F
XTEPM3Y3
ER3CPHTL
TFKW3CYC
PTTNXTW3
C3YXHNET
949FN3AT
CLF3AFXP
KWRFFRKH
3MNAAYRF
LWWA94FK
KA4CY9T3
FRKXLRE9
4TKAWHCW
FYLMEYYY
WXAFHFMR
KRMHL79C
3RCXENRH
HRFLAYPM
NE3KRRW7
P4CAK7T3
KRMP9PNK
NRTLRCY3
C39NP4H3
RX7PNKTM
FRRETWLX
TA94RE7N
THXEH9XA
N3KN77CX
RMYACM3F
4RELR9YA
XMNWK7XE
AHWCPLWW
LTCWHHEN
TRF4MC7X
HWTEETLK
TH9PRCHY
MKTMXYM4
FA39K4NM
AMPMF334
4KYPL43K
HNCFTLHF
EYRE7HT9
99PE7YNY
FA3TFHPA
ANKMEX79
HNAHCWHW
NYLLMLHW
XCRFA9CX
EKPNCFMX
LC7RFTFK
7HX4FM4K
AFPEHRER
PPFH79NX
Y3YNEKYP
TM7MMK3H
FMFKHCXX
YW3P949P
M3X3TYM9
EWHEA9RR
PXETWNFA
RP9KLCN3
KARFXLLY
7FNLCYHX
C4T4CRWE
MTRTHN7L
EP4TL77H
RMLEFAA3
KRNEAFMK
44K3WWMH
WMNMH9YC
FAAH943A
FP7XNWK9
A4PKCWRE
EATPTR4E
FKKEKYAF
TMC4MMMX
L7ENLX7X
NNYECEMK
XRH43T4X
AMLYEL3M
9PHLRMYF
7L3HMYNF
E3XLPEFY
9KLHXNLH
7LKWNARY
7RLF4KT3
YCXPTNCY
CY3TTFXM
FRCKHLFH
NCCCHFHL
9TCFM33M
MCC7RMRN
LNXF4WEL
REXE7WY9
XAERWTKF
F9HYNKAH
EAYP749K
CPHLL993
E4TRCF7N
TPX39X3Y
FXHW9CCN
RR3W3T3E
43Y9NFMX
REC4WL3K
C4T93MMC
WATNMNAH
CF4AKWPA
4FNEH3C9
N9NT7PW7
MPW4YXTK
3ATEFAWF
E4F7P9PW
YXXH49K7
RTHXMFET
REFYRLMT
NKAMYY7L
39WENK97
YHNLCKFH
HXMLKRLY
E7FPKNL7
XHALLPR9
7RL7HR9E
4KT3Y3AP
73XWNMLL
FHCTCTAA
LWCF9HAT
NC7FAKXY
AWKFKYTE
LRP47A37
EX4HPWK7
NF3TNKTN
H4WXRXC4
RNXAE77T
RYK47YM4
3MW7R77R
ANWKFCC4
73R4WTNH
M7TT9ENN
TX39WCTF
TXLAEXEK
C7NEXR7M
EWNCYHWC
MF3EET4H
FERF7X9L
L7AP9HTN
ERPML4P4
W4T3MXNP
NTFCRW9M
77LTKY47
TRHRLRWX
HMYPYYFA
WX47HA3K
33CFL7KY
PEMKLWLA
XPFEX4FA
ANR4PX3A
EWX9W3AY
Y7AARN7W
44M93MPF
EX4ECYRK
YNTXF7PR
Y7KMKPNP
HLPCHWTA
37CE799X
A3LAAHNH
L9AT74HR
ENTFMAYN
MA3P7XL9
YMMMYRMX
MFLEHCWK
N3T3W7PH
Y4CMTLEL
94CP7R37
FHMRTFXR
AYT4HNLP
PHWYEEXE
PFRNMXKL
3EFAA3TA
P7ECEE9F
AF4CR3FH
EEPLKPWT
MAWL4WHR
RKCNKHM4
4LKN4XAY
N37A4FT3
N994MXNN
FE4CER4K
P7LX9FRR
EATE4RK4
XMPALM3T
TNRRY3LC
MMYYNN3N
MLPHXLFM
7RKT7N7C
CA47PKM3
99PEAE79
REEKH3EA
9A7FF73A
FEMHEN7H
4MY9XFRX
3KW4E7FC
NWCMWKNK
P4LERPML
PY7K7WCR
A3R9TALH
L4EMLHCE
YKWPYPWH
FTHE9LTR
L3HYKNNH
PH7K7RCE
YRPKCRHX
KXRTWATW
LANN9CXY
W7FRMKKN
XYPXXARE
7PK9F9L7
YLTYKAFK
FRR37W9L
NTLP4RAX
FWTE7K9Y
EX7XKAEY
AEFNT7CR
Y9XYKECX
NY3MNATC
M4ENP79W
PW7TH7XH
FWWCCKPN
PW9NEFK4
HA9YF9YK
HCNLWCHL
H7HXFYNH
E94YMWFP
WEMLCK3E
X97RHE4A
NC9H4YFR
CLKRMPXY
W4AX37CC
X3XPAKEM
M3FYRPYT
NAPKW3F3
XYXFMKFR
NXCT3FRP
RRHXEHNR
M9MNCWA7
L7A4P3HF
CF3N9FKT
X7AKPXLN
A9EMR7FR
XAF3H39N
MPRKWCWA
CLN7C4MP
KWM7KH3C
AKTFPPP4
A7LA3CR4
KFENMEEA
NK43HWA4
FR7FMCMF
79NRHT3K
9T9FFMRK
49MKAWPK
YE49NA7R
AETNLHE3
HCKCACWL
LMH7HRCP
CLPLAP34
3LFXMXKK
HYTF39WC
WX3XPWFC
H3E7ECPY
F4TC7L7E
9PFY3T74
RW7MAR79
7NE7NMWE
CW7A9FWL
7RNHKKCR
MYWRLHLM
K9MC4C3R
LFHARPEY
TCXXACYP
YFENFPLT
HTHXA9HW
9KXWCAY9
4E4NYPFL
XF7M4TEY
W7RNCEMN
LXFPACEP
7PHEP4CM
WFNCNPLW
YCXFLRPN
PLYFMYM7
NFHKCPWW
RN7A3TMK
MLNLY4WN
E7WLAN3A
L3LKLMPW
KMFRXRPY
CYL43HE7
994AEXMF
3E4C4WFL
R7ENLX33
3Y3YX97N
ATTMKPAR
CXFRP3KR
LTCH3YFT
WP3EHRKP
NKNF3C9T
PCKYLF3N
FRCHEHKY
9X73K4YF
MWL7HRMK
MPLM9R4L
7TMTYLHX
43EPNW7A
YWH4WTEY
9AC3P4CX
PW7K99EM
FH47RR93
CK9YPAPN
C3KHN3AR
FNALFFMY
RA9LC9XT
MFNA3ECA
AYHANHYT
HARHMPN4
T9LK749T
R3X9XPCR
4NAPYHN3
TL9FLRW3
RMPNPFNY
E7Y437YP
F939AFAA
MWLC9M9E
LMEF7AF3
EXK7NMMM
XRNTYE39
PW344RYL
XAWECKXY
T4A7XY94
4PMNHW9X
ARMMEMWK
WF7KRHAH
YLHXYLLP
HPENYMCW
9EX97LLE
CLXRPNWF
TEAE39KF
A7PL3YWL
KMEWPYLL
TEATKRPK
3NKANTRL
K7PP7EFM
PMXRAPR3
FYRC3PWF
YLFMREKL
WYPNRL3W
RA4HRLMN
KEY34KMP
33YTHW4M
CFHN7CRR
YTNPN3WF
RT7X7W43
3PR7MAY9
7MXYP344
FT4RCF3K
4YE9YAM7
NYCPF3Y3
CER7ACFX
YE9NPTLN
9NHR9EPC
C79734AM
CLLFTT7E
HC99KFAR
YPFP4MEL
974RXKKY
MXT3MNK4
PE9NT3CH
4EW74HC3
43TATHK7
W4N3X9MM
9PNFCPYA
K73LARM7
NNXA4WYR
E7FRWPRA
PMT4EAFW
4RLKNFCX
C9KLLK4H
FLNLW7PR
LYTKX97H
CETXXKWT
3MXN43RF
CNTH7AM9
4NEHT4XK
NTFY4L34
R7RPEHXT
AEC9YRH3
WA99EAL3
TFYCXWTF
PAPE44YF
F7W3EYF7
WKRH9EAE
YR4TCXFM
CWRXAELP
3XXXM9CH
49Y37RMX
WLNN4WWT
HPHYAM3E
NRARH4WX
MXNYHFLE
9K9KP3E4
XNFPXE9P
RFYWMMKK
9RHLT7AA
4H4WTP3K
E3YHAF7C
T4MHENML
4A7WLCWM
E7PNMY4K
Y44WEHPA
3FT9XC7E
PK4CWWLL
3HNMTYTE
TWWLTYMT
ENNYYLLL
7P9PYLMX
L3CHPMP7
WC4HFRK4
WT7H4NFT
KFR4XXW7
MMA4R73Y
7R77NFPE
XCLKWWNT
KX77YCHR
RWE4EFFP
MPYRFRWY
KTLPKAAW
33HH9WAE
PR7HTN3X
4HE9KA97
AF39EXEE
T9KTFMLN
EEN9F3AW
KNFX77K4
WCYWPLKN
EMXKFTF9
3WHRYR9A
LFCLE9HX
7HFENCRT
AETAWNRE
NHTWTKMT
4WAKXLTW
3MYYFYX3
3CKFC9TC
9W4T7LLR
WFF7PWFM
AYLXKMEH
A9LTFPCL
44YPF99K
93T3XRXR
E3HL37RE
FLAHM7T4
N39CWEKM
M779AYRM
FPYYE9RR
3PNYF7YW
XKTXPC9W
FRYEMFAF
PXFAPERL
3FPRFPN3
C3XNHP9M
4AHRYFMW
33CKECHH
9KRA7R4N
T37AWXXW
4LPPLFE4
ENCELR9L
AKA3W4N3
KLLAL3NM
4NWF9FNF
PPKHLTCK
FKRR4A7E
99CKWHHE
AE9NFT3M
YNCW9FKX
KWYK7CKN
73HLC3R3
NE47AY3F
AYMTN37R
YY7NRYYA
MKRLWLYY
7FHCLTYN
A7FHNHAR
FRCCF474
43FR3AAM
MRW7YXYW
WE4ATHTK
FE9E7EY3
73CT9FMR
HW7XAWY7
F9XPNTNH
XNXXAMHP
XYAEAXPA
4FLMA73K
9FPXRMRF
WWLKAAYE
K4HLKX9X
RCWYCXF9
YH77K4XY
RN9ALAL3
WLXTH3XR
WRA3CNYL
7YPX7KR3
E37CX9MT
NFW77WRK
RKF4EF4Y
F43P9LN7
A9KETYLT
MXYYRPTW
EKRLAY7E
PPLFETPK
K4XAXHFX
TKAKP9WK
ETXHMY9K
W49MFNCA
3ALL3WWN
XRNPWTPX
HX44CHPP
CYNTFC3N
M4LAMWH4
337NE4NT
XM3M7T3W
7CT34YWR
44YHM9RM
LFWLTLTY
KH47C4EX
9P3HKHCH
9AWKXRAF
99T9PXR4
973TMFMR
PL4YFHMA
E4KF7NXW
WKMX4FC4
KHHACME9
N33F4A3K
9YT77YCY
4NA3MCPX
CHKRTFX9
LXN9FFMR
TK4PE9E3
43TM4KMM
MHYK7EWL
WCY9EKNW
M97TXT9W
A7XNP9YM
4HXNRMTE
KFAK79NF
7KEHECM3
AYT9XEHK
7NKMXYCP
HKHWMFWC
MLFKRRFY
4PMFMCYE
37HYP4MR
733H39RE
YTXMYFL4
KACNWHRK
NMP3CAYC
EN7WMPCP
PA9HKERC
XE7M9XHA
TEWWN79L
RWC7WK9T
RXCLPW4M
YAPNP4MT
PPY3XNP7
3P4W9CWX
WF9LARNT
PNYWPA3P
KHWM37AP
XRHCM7LR
TLWN4PKC
9PRPPMAM
3PFCKNA4
C4AC7NTY
NNYRMWCH
47H3FYNM
R9LHCRYK
HXHN4TRH
RYHTFMLX
M9L9YYAW
WLAMXYHL
ARET4PCH
PT47HCPP
M97NH7AL
TLMMXLW9
CWXTAXHK
FL4YPNK3
MRNFAT4A
AX7XYKW3
YKWH7AWY
AC3PLTPR
4H9LKTEN
HCC4EM4K
YRCKY7LA
9P99L7EN
KLNANWMH
9H3EHMEL
T4NXA4FM
X44NFWMY
HWL3NH9H
7H7HK4M3
9WXR4XAF
NKWPPL74
CTKYWXPR
ATPETHYR
E4HKWC73
KX9P9W7A
79PMNC7A
HNYRKCNP
EYYP3LCW
WNK9KPWF
W349ENE9
4KAPY3RT
CKFY3MFT
XNYX4A4N
PWERNXXC
KFXM7NXH
PM9R9XMM
H99TFAMM
Y4W3KW7Y
TP3LN3A7
XWTPXKX4
X43E9ECL
AHHACEY4
HHHH3EXC
7WXHT9PX
WTLC7MH3
H4WPF9TK
RPNRELAW
LXYXRX3K
YAYTCRRH
E9LW73KE
LTMKFFAE
FTXWH4AW
XW3LKXPM
4A7FH4YP
9HNKYXHK
9TN7MLKR
E47KEEKN
X4F9P33C
A3H7P3MA
37PT9YAN
77YA4LCF
YFWF7RRM
7RY3WXRT
RAPLKCM7
E3W4MPYT
Y9CM3R4L
LAKRL4E9
NCLXPH3A
F7CCKLLM
43CL9KT4
7P7XCFXK
3WYFMRAM
HXHR4LAP
CA3WTMMP
FAFWLXKM
CY4TRRHA
MKYM4X79
AEFPFE4M
EYTMPLTR
37P4NR7E
NE79TFMC
LPRMXWT3
3ENXTKEN
4FW4PTRX
KMPYXWC4
LT7HWYFC
YM3KXTLT
HCFM9EFT
TMAC73HE
H4W4FRX9
K773H4WM
MXHHKH7P
9YL9HCNF
RRNAWXXR
NR9A9FMW
YEWWERL3
PE4CYKCA
HLAMP3YH
FCTP7L7H
YRXKRNWK
3YKPT4X9
HMFYMTE4
E7MCXRER
NPAT3PTC
393FWEM4
KC73AM7A
9CNHMF4A
XC4PWRFL
MF9WT37T
NNTACXHY
KNF7LPNH
HPC4RCHX
4MTFWMKK
Y3L7ATH4
NWAF9PPC
E3ER4K7Y
HPXNCLWR
3RL4NK97
9HF7YLTR
3MYRFW3Y
YPTL4Y4E
LA94A4R7
KA7XC993
TK33RFMT
NREXT77A
XWPWX3XT
KYAAMYMH
C3XL4ECX
PKFC7A4P
FYC7EW43
7PRYHXME
KYTRXYCW
HMWFMW7F
9PCF3HXA
PC47MEPL
YMXNAYN9
KYNYWM4T
WMYHENK7
KW99WPFX
PR7LY4W9
794RY74N
A4TTL7P3
7METECEK
4T7YCHMT
3T74MTFK
PRAEKK3P
H93ALPXN
HAHXWAHH
XXFHXLNH
CKK7XAPK
3HHYXK7P
FP9MNLKL
PWMAR3CF
FX7TXNFN
XXHCX7PW
WNFAEX3C
7KW7ATM4
YPHRMMEW
CRMM43PP
FMYAMKM4
FXFW9ACH
A7XM3RPP
TE9H7A9X
RH4YF9F7
FAMFARCW
AMA7RCPR
WF4LAFFP
7AWH37MK
E4LXECXW
CACEL9R7
RWYM9ML3
PYK77XEX
CNEAXKHA
4LL4EHP4
LHC7CWAF
TNRNEEWF
9RFH7YWL
EACWN77C
AN4MKTX7
7WMWFEX3
ERY4KCE7
TK4M9NAL
WHXWNK93
YNXFN3NX
RMRRLK7W
KRRF7FRT
KRHFHNN9
499K37XR
LMTA4M3W
RMKKREF7
9FCM9MHF
9MWL4AEW
XTFYA7PR
L7TMT99C
MRXTTA94
TTKX4H4F
PPTHC3CP
YMMTKK4L
PCKNKPL7
RE9KX3NE
CWW3AFAP
NKRH4RYX
PMW9MET9
3NYK7YFR
3XPEXEFA
FMYENHNY
METNXNHN
C7LKTLEP
N4F3MEEC
EMHFK9LW
H7XXTX3M
L447HNCL
RE7RC7RM
MYH3C4TE
7MMKKMRX
KW3KA99P
MNWY7K4R
L4TM9TYF
MNT99C3F
H9374EHX
RYE9RHKP
FYXLFR7Y
CYRNPA4X
779AAL4M
M7HCWWF7
E4CCKN4H
E4KEX4PY
3WCXPK37
PYXNL7T3
RN4CFN77
W3XH4YTR
9C7FYXC3
MAT3WAET
Y9FKK7EX
NTLWKKWM
WCTE34AK
3M3TPN4M
RFRYKK7F
AR3ECFYN
3M37PXAE
7RTHMTA9
94MXXLHF
F7HKX9HP
T7AF3WHN
RA9CTY34
YPW9MFLR
CMNA3FRW
CTCCLXPX
T9YYNMFT
CNLM9FK4
A79TLLXC
MCPC9RXX
RKHRFW9P
7MARNNC4
XXWLMEF4
W4CF7379
4YCFHH73
XAFKPLRC
7LHKMY34
AR7WK3R3
7KEK7AMP
MP4T3YEM
YLLYLPAY
MPPEMFXF
TYEWXH9E
K3N94LN9
TEEP4RYE
L44393P7
RM3NEE9X
XANKNXWK
X7EMMEAX
XHLMXRWW
NRT4CAPL
RAFKWXML
LRKME3HA
MHCRNEF3
EEYLN497
MTW4WA9F
477TXPTE
L4KKWLW4
LK3CF4CY
W9EPHELP
TTYFR3LX
KYXR7RYM
KAAX4FAT
AA9EMR9X
343TPWKE
NPHFTXM4
R3TA7NXF
ACA4KERW
4TRFHC9H
HENT4AEX
AMA3PXK9
NAECCE3Y
4WCEA9MA
CLN9LPFH
FKW3HWAE
R4TC3ET3
7YKXMMM9
LEEHNHRM
TXYCEMAH
4LELA994
HHTNWHRX
97TFCAKW
P7H4RECW
43HMY4XW
EPX3TXMN
WAFYK4PT
MX4YPH9H
HCHNXATP
R9RM4P9K
A97T3RKR
YLXCAK4L
PR39FFWH
3NAYKLY3
3CWYP4NA
KCTFHEW3
4T9YWRL4
FLAFPYXN
33PMPPMW
WR9AA7PA
XFW3L7F7
FHKWPRCP
TCLA93HT
HMRWACRM
LKHMPMFH
MAECAF3P
Y7FCRMT7
4KPMMRWC
MHTPM7FK
4NEPPH4Y
NKPLTHKA
7C33XFA4
4HPMR9WE
TWT3NMHL
3EM3PCMH
4ANLFN4K
XFF9TCYW
AYPPM9PT
7KEAEP3H
HTXPRM4R
9AE47YKN
FY9AEE4C
KNR7A97E
NA7W7XME
K77XRM7F
C7AH74HE
9KRNEKFT
CK9A3AH7
TTEEXAMW
YTLCHYNT
PLRKWEXM
FF9HTPFE
YCRERAW9
KH7LTKRF
THRTRFE7
MAYMTXMH
R3HPYREE
TXP4XWWK
EW3EKAWM
TAEE3NM4
KW9HHYA7
LFWHLL3F
AA9N4M9Y
ANLN7KR3
3CC3RL4L
WN3TE4Y3
HPM9MK9N
YFNY3C9P
FE7F3P7M
7RKXHMCR
KLLFWFWE
XAX3P4PC
MENKFPFH
7TN7KRHE
WCF3RAAN
YMMPEKLF
AT3RH9FX
ECARNE4K
FEEAX9TW
FMLW3LEA
LEMLXRE3
9XNKTNWH
FKPALTR3
T39WK9M9
L3KW97PR
XAENAY9W
XETWPENR
LX9R7LCY
FPNRXHER
HF4F7FF7
XRAY7H7F
7XAKPW3P
MFE994W4
W9FL3CML
PY4TEM4M
AFCC4TLX
FYELMLE3
CTWMCTFA
AHNHLANH
FLNEFCHH
FACXC7AW
KTFWTLPH
W7LRP3T3
7NA4X394
NENPMMT3
9XFKKXNL
NH3W9NYL
AKPENNY4
YHMPE9HY
3N943TXK
AHRYLL3E
T9CYTAX4
RM9CK9RT
FYYNKLRE
FX9T4KCX
3NXFN47K
XPFWLCPH
9WH4KCNE
9LAEYAR9
YTC3X79E
WW3MFHWY
M4NKP47P
C7RLY9P9
AE7CKEWR
ETY7LCHX
TTHKRANX
WX4HRMTW
WLCLACYK
KMM9P3TE
EN3MRR47
H3TMEXY9
L4RECNHN
NL3NMXYY
TCR7WN4X
YXYLLN3W
EKL7AFTM
YF9NMXRT
TLCMLTLR
PWLYYKH3
LCHY7A7F
NEP3AEWR
NK94MEEC
3NL49HMA
XNT7CKY3
R3K7XAPL
EMTMXFTX
ERK3N4AC
PFYWLYXC
47PW4LEH
F93RPTNT
FYN3EN4A
T97PK3W9
XLHANRR4
RWKPEPKK
ERCCFMP9
TFH7CNAN
9FAR4C9T
XWWKRNEN
F3XPX3TP
CRTMRPMR
WRR3LX9K
YLK9WTLK
7PXFKMFX
KY9KFFX7
PAY9YMPK
7MPKXTPT
L43N4NCA
Y7C7WMA7
N9P34FN4
K3REYTPE
R9NRRMYF
FETPFYY9
EAP9X4WH
E933LMTM
NXYMN37F
YMHN474W
APPY3RPH
AF73LH3E
43PX7ACL
7XFHH4RA
M4KXKFTP
F7PLXXFA
N9XTCMHL
LHH9CNNF
TLPH9EKT
ANXCPXME
CNXLYRXP
TLE7PKL7
KMYLFXXP
4H9PF4HC
THNERC7N
4YL7YYAN
37T7WK94
3PALF49W
R933E3WW
FPXXEEHE
KHFM7HLY
P97NHYT4
9WRL3CCC
L9KMWRMF
XWEL9NEK
C47N4AKY
WMC3W4KP
CWNM47LP
NYEM9FF9
AKCEKMHW
LNCLC9CX
EWCTTELK
PEYX3YMA
WPPLEAH4
FE4CANXC
RAXKKA7A
7CRNA9PK
HAE49P39
FM37HN4F
3CKKX999
K3NML333
AHNH3WNH
7KFKF3CT
HFNKHRPN
9RT7MHRE
CAFAWRW4
YNEY44F3
YFAKKELH
W74YR73W
X4FMYNN7
4FXTALAE
CRCPA777
PFYHK3LK
W7T9C4HX
4YPHRLYN
WNPXK3P4
AKK34F39
94RT9WTH
744MCHC3
A3A47PR4
NWK9H4LF
R77KH44W
YTNK4HNN
XMHT9CNW
43W4ANWT
LFR9KPK3
F9YMT9W3
RH4F79C3
ECNXW9NF
F4EFRA9X
NPT3LPKH
LXWX9C3M
LC9X9RT7
K4L9EN7F
EALLMYEA
RA9AACNF
HKYALPKK
FTEHMHFF
TYCPRCLP
HEWEXYR9
EL947RCK
PNN9WHYC
TAFT9WER
YHLCYHW7
47CY7EFM
XPP7E7EY
M9LT3M9H
79HREX94
99993WAP
PCATPH9H
MFHWM4RK
9PXCRTMM
A49F93RL
M3FHPXK7
FK7FPTRL
PFMRAW39
LPHEEALA
CTRWWF4Y
CLPN3MLP
FW9NK74L
HTA4MFHF
EWRA4K9X
944Y4NXY
L7AP4WY7
X3Y93MRW
PRYMEFWN
LXA4PPWL
TXH9W4TW
9KR9HMTC
XRMFENLK
EWKYN3AR
9PKLMNEM
9ET9KCHL
HXERMRYH
WHY7F3FR
3Y9TYE3X
7EXN7NF3
PA7RAL3H
K7AFR3TC
4TXWRF4W
L33RTYN3
CRYCP9P7
CPK9AXWP
PKYHMAHY
EXYYKTXE
T73RAR77
ER49ERPE
Y3LHETPC
F9C3E7MF
KHWE7LA7
7WH7KLC9
NHTHPC9W
EWRRTFT9
FEEWX3AE
E4PPXE74
4CCWPKN9
FWMKEKWK
P3YCFX9A
XN4KKPMX
TT9LKANN
9NWC7PMK
YXENKW4R
MMECPRMA
4XLX97KN
N9PNTPRE
4RPWTL79
3ATH4EW9
CFKM47K4
XX99CMWP
EKXWH7K4
MXEX7Y9R
NC4WRWT9
A4RLA9LF
T4TXAY9E
M9AF4ANN
YXPLM3Y3
CRPCCEPP
WX39X9WF
R7ENC7CF
3LLWWW9K
XT3TTFY4
HEPFT9RX
HY94LY3R
9FYLAATW
PY9LWK9C
FPNAP3LE
CRLEYKAW
93EK7PK4
NFRE4WK4
9KFE4PXN
MAK7KMAT
XPHKMATK
9PHM3ATH
RF7NAP7T
HC39WRX9
CHAHNLAH
RRWTNACX
EA7PTCE7
FNR9N4FR
RC4L7W3Y
WFKEPP3P
PWHERTPN
C4AXHYXN
RPXEEYYC
PKTME44Y
W4NX7E7M
X4KW9WL4
999PKPX3
TYNETPKX
4HHYYEH3
33RPM7XM
FKMPYACC
4W9EPLTL
NLHRKKRC
NFAFY3NM
LAP7FK7H
KMKFTFYN
LNCWWKT3
X7NXFLK7
HPMCNKRW
FRWTLAY7
FPK7XYYF
9EHHP4FA
333RXEAX
LYPWERRR
7CN3WX7A
7WYMPCKL
TMYMFPX3
FFTWYREY
NA47WPYL
YFLMNXA9
HX97EET3
ETPWMLWK
EYR73774
9YREFLWW
X49X9ET3
XWFFXXAX
APNAKWLR
HLWHA4LP
MMXKKY7R
CTEM7PX9
33FCL4X9
AAXML4A4
HNL9FX99
3CH7YY4A
TTTPHCPF
T7AFMCNK
WLNWFYWE
37AFE7XM
CYXKECX7
RKPA4737
HLX7YTH7
XPEXFCNF
ECMCL9FA
YE4CMYRY
LEXTXXXR
EMFYCNEM
3HNK7XEX
PT77KATC
ETEPYLKM
M3NPLTNX
FHYEMLCM
FFC9LTLF
R9CREPYC
9KCEAWNK
E7FXXXEP
YYLXP4MW
KTARA9C4
HPLKN94F
LHCFRRNR
HPWTTAPN
ETWEF43P
37R4N94T
K7HWLERR
CTA3X3MX
FHF7X3LH
HW9K94RP
EN7MR3FW
YAXWWY7T
X4AK3EFH
E4XLKKAC
4W3TRW9H
HLMK4LW4
LHHENH93
WTLCALC4
WL9W4E3E
7AARFNNN
3NP3FY34
993XXXT3
FLA97X3L
YL7KMWHY
H4FXX9AX
73YNRNCR
PLAFKA9T
97PFF43H
TELM7PLC
TH7YTK47
4L34XKL9
YXKMLHFM
FF74HKP4
7EPNRHR7
77PFAPPH
LFMAP977
XPWA4MYH
MWHR34H7
AWKLCNWC
TYYAM7C7
A3NL994A
7KF9LPHR
7EXWFNXP
LLLFNXY9
RM9ACNKN
H4CR7K7E
WKER7XMR
X3YPFT4W
7N474LCH
CTCNF99H
RXF4MMFE
NKN4FWCY
FRRX7M47
K9FTAEHM
4NTWYCK3
LLMTXREH
FMAMCPT7
7RWTRRHE
RKYYFERK
FYPAF97Y
7MMWATTM
H99AFHXR
3FWK394N
RCMY7RXP
WAC3NXPY
443MNEXE
3LLEWPCW
7T7LC74R
EYRNPTNA
AAWPL7KK
FRWAFLFC
9P9HHYF3
FK3WLPEK
LAFF9H9Y
KNPATLWP
9MACKFYR
KKR44FRW
73MWHCTL
3XLXCMAK
YFPWP7Y7
NCFFYMXC
W3WLHLHY
NL49N7CC
NL3K3XXR
HHEEFKCK
XLN4TE93
YLWE79EX
X7CRLXRM
EPXL7PYL
PFRCK9F4
Y7XWPFCR
YMHYKEWA
YHTHAYLX
F79HHXA3
MK9T73CA
4C9AFY47
X9HLFFFR
39L7TLCK
FNHAX9NC
T7PTF3NA
HKRTCREW
99P4MHMC
N9CF33R3
MMMKKH77
MTEMTFLN
4N7WWNXX
TAXF4FTE
4T4XEXKE
LY9C3NAM
K3R3KY7P
3749KLLE
PMF3PNLL
L9K4CPF4
EKAHKNPH
CEPTAECC
YTM4MANT
4RR3XHYT
XACKR37R
MAXYT74C
YM9HTLP4
AFFH7MKY
E47TTKK3
ERFKE3C4
MAN4M7XC
3H4TPC3X
4XHMXX9H
RHK9N7A4
CHLHACWM
C9EE34CK
WPXYFTNP
LHEL74FA
YCLLNXTY
CKMWCXET
ENXC7RYT
EYFKX9KX
73EXFALL
93X7X9XY
PTWYWKM7
TFPN7F4N
7L3KTNTN
R9HX7CTW
X4ENCKML
YR43APFT
MYHT3CHE
M7MY47KM
93PL9WWF
4P9M94KP
ETAT34TW
LMHA4MKW
YLLNPC99
4HXLP39W
CMCCMR99
WA393PRM
4AYLMMYW
7KKH7REL
PX4AMY77
7YNREC7N
4XYATYRW
M33P9XNE
LXL9TELF
KMWYL4N3
A93AF4HC
RXHRWRTF
PCXMXP79
MRWMFHL9
LLL7WK49
NN7LLF4P
EMMC4E4M
EMPWWWRH
MRET73XC
AFYYAKCA
RKKKHH4E
FCCYRHNT
YXHA3YRP
HNCXERMT
HPTCL9MC
XPCHYTWP
4PYTPAXP
XXEH7KWK
P3L4P7HW
PCNEEHTE
4AXLMX4Y
NP9HREXF
R93Y37A4
A4FRW7XF
YRX3KRX7
X4FL39MT
L9HCX3KK
EY4RYKXL
T9A7347R
AFYRYP3K
NL9L9K4H
WAMR3XF3
9EARC497
77LNETEW
LCAHWEMK
PATMRE4K
TX7MFLCR
PTWWY3LM
MHRMLP7N
KR7XYC99
9YFXMHF7
A3L3XNYW
MXA4RWHL
WPLKNNF9
WC9FMPAX
CNRACLHE
NYK4XEYL
FKW7EWLT
A3YC9Y7K
AAFEYWPF
ENYCW9PM
KYY3YP99
F7P7PPLX
4RNLT9AR
RW79A9KT
EEWHC3F9
L437XM9X
CKKENRL9
FXR4YY9E
KACEW7KF
997HFFCT
N4L999RT
4TAT4HXC
CCHAA9YK
H3TXCFRH
KWFAFHRW
KK3WC9KA
YH3R4KA4
XHK9P3KF
W9NEH73N
ET7NFMRT
KWMLLHXT
L9T3FTYN
7A4C3EHF
T9HACTML
XL9RNRWA
PPYKE3L9
RLE37FFE
3ACAA9M9
L9LLAT3Y
3KHTYE7C
KHHTAR3L
HHXCM4Y7
FLFRRXME
XYLK4TLE
74TYTLXF
WX94KAXM
NLMX73FH
7CM3ALHP
9HML37L3
79PXTER4
34RMXLM3
H93WCLX7
T4XPFXWF
C9TLRE4R
W9KA337A
49YELMRY
M4PH9ME3
LYPANF74
XFRK99AK
X3KAHHFH
3333RFHF
3PTWYCXM
A99AAWRY
M3NCT9XX
9FTMPMN4
YY4XCWEN
PRTWRCRX
7RF7FT4F
3K44EWLW
AE3YWNKR
CEM9E33H
LNXTTERY
WLWTEE47
WLPNLAPX
LPAX7RNH
9W9WYNXM
PRHF3YLA
4CP7Y4X4
3MT3CTHN
FKN94Y9P
3HCXHWY4
LRPX9FX7
LPN3KYTT
Y4KAYYWN
LNWATWEF
EMRAML3K
4EWCEREP
RY7MAP7C
X434FWCM
NPMF7NWW
FPNPFRXM
EMFFPHXF
RP7HLKWX
ACWPPFEX
MEHA34H7
LYAPWH3C
XANXHTYE
CYTTAH3X
Y4EAANCH
P4RNTN3K
WRFFXR97
4NPFRCR4
9HWK777R
ERK3FFRM
YL7A7AN3
MNH79PAK
EEFEAWCE
RCT3YN3Y
YTLL3HW7
XTW9EE97
THWM9A97
FPKNYXNH
XHHALAAX
4KP4YMM9
M4CY7K9Y
KAMREXFW
EHHTHYRP
WW93M3FC
7MKRKA3A
FPMY9K43
4FM7PTRN
CMPCAT4C
KFCA7X9H
MLM9KR4H
WXT9EL39
T7FKLFH3
NKA3WRNR
K4EMFA7L
NLPWHY9X
TNACX4YN
473FXA3C
LN4YLN4M
XXHLT39L
E4XMMLW7
NYELLATP
MXXN39L9
EMKRNXNH
HRWCFP34
N3L9AWX3
LLR4YRPK
3A3PKM74
N7ETFRLN
ATXEMHHK
PAHYHNFY
4MM3W9WF
LYAWWTYY
A3WYFC4X
E4PEWMAY
FFYH9CKE
4PN33PF4
K3RCPCTW
A7NYRAHF
LMY4FCNC
KLWKYYL9
HHMPF4ME
TT9TXMXH
W3KAPCCF
YKM7RANL
LLNFEEYY
LEMTMRRW
NKEHAWT4
RCEHPXLY
EYW3KKF9
FPFH93WM
MC9KENWY
TEF94HNR
9WHACHRA
Y7F4FTP3
K4RWREHW
HNTRPTYL
EKTPPYX7
7N9EWP3W
MY3TMKMY
4XFY9A43
WEETNFE3
CW3YFHKK
ACPXMAL7
MAKH3NK3
YFA7RHRW
EMLAXHR9
FF7TA9AA
PXEAXCL9
AX4M7RHK
X994AYPY
TMRRERMM
MTTAHML7
7Y9TN9ML
T4LWR4Y3
XPWYYAXH
MPKFXHHL
CMYY9CAX
YLANW4RY
XXPW3H9P
NP44R4LA
W7CTTMT4
HPPH74L4
WMXXR4CN
7MLCWXTE
KRHREALH
KXXTFELP
7PWT3YPM
4PPXTEWN
NYXPHKMK
F4PACPKW
MXTC9CAF
LH74WWFX
W9TXRF7A
HWMLT9HW
ELYCXXAR
4KCAYMLY
KRY9TNEM
HCA7XCRE
9NWHXPW9
YCXHMRLH
7L3RNAXK
MW7W4AHT
3CM3XH7F
L349KC4R
XXXP737R
7FYN7XYC
YKLNL7XP
MHEAMCHY
4MANKHWM
C99ETTYE
KTAL3XP7
XL7PFFNT
F4HNCWEF
TE7WYYTA
XNYNFXRA
H9RFFX3M
E7XLXKWK
MNARRNFT
KHHKPT9H
TPLE3KX3
34A4N77W
WELCXPMT
3KEEMYRN
H7TKE3LX
LWF9KR39
MCNH4MYF
AHTWPTAE
XXMX7AT3
R7CW9C9H
LMLATXHM
7CKPM49N
MLKXNFT7
X7MYLR9P
3KREPN3M
PRYE4H34
XWPNFKYK
TAXF7YHX
KPMYFCKP
7M47F4YW
CWT97MNF
994X34MA
L7RKL7WE
HNYRPEM9
ERF3XWKH
LHRNL44W
FNF4WM9X
ACLLN7AK
THYNY7FA
YTNE3RXP
KF39APRC
KMF7ERYK
77MHRT4R
KCR43W9L
FEW3KM37
KH44NXT4
NXK99NHY
4YH7AWYW
YRYWAP7N
3TFP3YRT
EFFRFYL3
WTKAFKF9
F7C9EY9T
MCKNCWWR
TLTMTXH7
KLKH97HK
74YH7FC4
7NF4NRR7
34RAEWEE
CNT9YRA7
HAEREWRC
E7FMFMHN
EFRX9PRM
L4WNPEYN
PYF47L49
43WR4LM3
KMRMAXAA
HM9N97YT
KKLL39LP
N9LECTHC
CF4PFFF9
WHHNY3YL
CAL4ATAP
MMPL973T
XHPTNWMP
EEK4EPFP
MLTPNL7Y
LFMXWPXY
AX4RXXRX
KLEFCEYW
ELLF39AR
7HXWTMKA
7T497NEY
ANYRLM4R
EEPAXERN
7MYX9EE3
MFRLW7XH
73PNKKP4
74XPNLAN
R9FHKWM3
7XNMWKK9
RAEFP9LR
YRRHMWTC
RFL4FY3E
MK4P7T99
4P4WPCRL
NALTWKNY
NMPKCAHN
X7XMKE49
R7M79FAM
WEPH3LLW
CPE9KMY9
4FPMFFC3
C4YPPYYE
XLPMRE3N
CY4KKWH4
C3LPXTCE
W7WTCETM
39ECLHRC
K9YX3ALH
M4MNN3WL
Y9TEPC44
4K9Y7PTR
TXHELK74
TFNXXM9E
RWPWHP3C
A97FFHF3
RFFM4EWM
YCR733AW
KRLXRPAC
CH4XMF7E
HC34EXCA
R79WEAP4
EH34EKNW
7FFH3CNY
HXH3CAKA
TEW4RTAL
XWRRC7TC
73XHLFMR
EEYR7EHH
HNEHFLPH
NENY3A9T
Y9RRAXPP
PMHT3WWN
7WMYHYLA
NTRNP9WR
3CHY9LEL
WP3A4YRE
PX7CYK7R
KFMTA3EP
YRKX9RTF
C47CH9WC
3AYXAFTF
RT4KE479
TX4NPHL7
KF9LKRWH
4WF7FNNK
ALKK7PMM
FN9ARRTW
E74HAP3E
9THCMECW
WHYA4HCC
TANXAYN9
4P9TX4PA
MNKMR9PT
PK39NTFW
KXT9LKMY
C9FYXNNP
PNPK4PWT
M37N7TT3
LXXEF3XH
T7K3PNFT
HCXMLPXR
CNX43RKA
3T4KR3K3
YRRAEPXT
EYMW7RPM
W4WNXMXX
KL79K7CR
FWTCYHHF
E4K7FWXL
33NFHTWF
N7PTWLET
94MEW3XN
TCEHXWT9
EC4M9MA3
NAAEMPPY
PHMXMYAW
AKE3E93W
MREXACLA
9Y4HY9XN
T7TAMHLY
9CNFMFW3
4EXMPE9M
X44YWKEA
EY7TA9Y7
3YMNWNEX
3AXTRFM4
MLFKNXWP
PC7WA4WW
XTALMYLF
RRFMFRY4
4Y7AHPTE
K7TLPRAK
LXMY33TT
WLF7KNHT
FLNCRAXX
H9TR9TEC
F4WMAXXL
HTE7XWEM
CHNMEXAK
RANKXCXR
F3MXTTRH
NF93XR97
AAMEAK7W
LWNALCYC
F3TC7T9C
FX3ALLW3
4R47L97F
TL7FCLR9
EHMXWWPH
FEMP9WKN
NECNTMWM
PW47L9LH
E7EEN9E4
KCXAKPL9
A3Y3LC7Y
3HA9PNMT
ERCTHMML
F9WK9C3N
Y7L4TMNP
TAWFAKTN
9P4WNKRL
R4RC4X7R
9CNFCKWY
3KWHPW7Y
XPNKFA4C
YKHK7RWH
LAWA93K4
R4WFRFPA
4NFKCYXX
YPXKTYMW
3TCNYKM4
PX7E9PAL
FFRRFNY3
F3FCWEX3
AY9F74R9
LAMY3KWH
CMW4HHRN
E4H9E7YA
P74AFEMF
4NWME4C7
NXEKNAP4
X7RCMETF
HTLX43W9
3EEELMKR
7KXH9PCR
XAKEWLNF
NXE44PPA
KHPAXENR
MNMYENMT
MTKMP7EK
K7C9MEP9
KFPNLXR7
HEALNCFF
WMT7WXMY
EALRMR4N
H4CWAMMP
W3CXP77K
NKH9ENTM
MWRYH9MM
N7XFXLH3
NWCRPYLR
ERK9HAHH
7TMTLPX3
9N3LKTCY
3H4N3LNN
NNH4Y7PH
REHW9EXK
LE9NHF4M
CHTNL9XM
KP9X9KKE
HHWWKW4E
X4LFA3KR
LXW4CNYT
YYCHKMAM
7TTM7WY3
4CPMN7CH
77HHKEPF
9PKE9MYE
TRMPCHP3
CPXNCY7T
WY9EH4M4
944WYKWC
RN9WHNAP
P9RLXFHF
4HKRWKR9
R3MMYNP3
LEMYRWRP
KL7PFHKE
TE93LKEX
ML7PERHF
YTFHFYTY
H4XPY4Y9
HKLEN3CP
MPWNPT7H
MNCYYA3A
LCNCMEKL
9LHYLAT7
N9NX9KCN
AMRMC9W4
A49HXPTP
NWFCH9WN
MKKXAYLN
TMMX3WP9
LEL9LWM7
XXYLEN3P
X79TCFW4
KH3HMN7A
APYA93KP
RWXPFWTA
XXWKMFF4
9RY7KTM7
LCX4T3RX
RLNMHK4W
HCCX7W3C
TCN4RPAF
LCN4H7FH
TMWT43RW
H9LRWWTM
HAXEF39M
XX9H9KNC
9RR9EF9A
YRCFMLE7
YXM4PRM7
PCMTMCWK
CX7E3YEY
FAFYWK4P
L4E9FPFC
9ETLLRLP
747RTFMT
YKRFKEL3
PEL43WRN
3K3NEHRY
AR7EYY7K
NP44TCWE
7LH9CWNP
9Y39EARE
NN9TECTW
Y7CYH9A4
H3H3RLLR
AKR3LENN
74ENTRAT
7P9LHPAH
4C97Y7NW
T7FH7MEM
NTPAFP7A
MCTWNL94
LPHYRKRL
TAMPWYYR
TAW3KEET
CRYT73CR
P47HPEN9
EWH9HEAN
TNFN3NTC
XXCTPMMK
YTAPY3KT
YXHRYMCE
FLCNMKXC
MWN9CMNK
R9E7NAXW
AMENMXTM
T4MT9993
YN7777RY
RL3ELRTC
TWTFRHHR
YHWR9HL9
XTAWXXRT
HMENTY9K
CTATM9PF
KHE4ARMF
3LP3LFNY
TYNTM7AH
4PHNYWFM
L4FKE9XW
A9H4ACF3
N4Y7N7YP
CPL4CC7E
LXYKXYKF
REYWWTFH
XWP7PPL7
T9PTFLXP
T9KYAN7K
K7NNXF39
47KAXHTA
347CM4PA
CPEHLFRY
AEKNPL94
PXWW4CXK
CKTLHRWA
7YTKNFHN
KCCCRACX
7XH9K44H
YY3YFERR
N3NWWRPE
AM4A3TEX
MX4LFFW9
PP7YPHFT
MXPM7AEH
CFYEX3MT
WH9L7WPK
9L9A9YRA
TL3FXNYP
FTWR9ME3
RPC7WRX9
T4RNCWWN
LFE3RWNE
PX7R4ECH
EWFFEYMR
NKKL49CP
YRRXCTNP
RWAMC7RK
9KLHMFF3
ETRFMLX7
YKXEPEH4
E4CPPT3C
M9C9TTXN
EKWKLYWP
FFTLAFTX
9KX3H4XL
FKRWPXXN
FF3ECTT3
M399X9EN
LFXMXLYF
9NPLHR4W
PNNETRLC
RCMA3377
93W49RT9
K33EPTKY
4WAHYXMN
PMRWYRFY
K4YKLEHE
H4YH3NPE
AMEYHNAX
MXR94NPK
NARPY9CM
HFNKTWHL
CKR3KPM3
A7AYXE9P
WRW9RLAN
HKP3N4NA
MFEKLAYR
W3HNC33C
AKYFYXXN
L73MHNEY
FLF94R99
YTYKK439
A37ALYYN
E7ETFKF9
MERY3TKY
RRF4TWRX
RFA4KLLY
W7WFXKCL
TCHFHRFY
3HERWXMM
3XA37FXP
XPWTXP4X
7W9F93XL
A3CHETC7
HXACAXW3
WNEMA97R
CFEMRFRH
KLPRT9AL
EF4EF4R3
R7YRFYCR
LTXTLKLL
9CLTEEEX
NTFT9MNK
EC9MN3LT
CCC4NLLK
3M3XNWXL
KKT4AHHH
CFY3W4NH
7KMYYKN4
NH7AA7WP
TCWLW7KE
3M7MCKW3
MNRWAMCM
P4XT7MWH
MYCPA93L
RW74YKWM
A9HRWMMW
MRYLP3ER
9M7TH9T9
NAAXH7AE
HNYFEKXR
YPLYALFC
3NEPEPCY
AK7WFT3P
XKKTCCRN
RX77EEC4
PL4CLHMY
7CXM9N4H
PYYLX94W
RMR7FKHE
YW7T7HHF
KAR3F7CY
HW4YAXLX
CEP9743C
E9W9F7LY
PK7R3NK4
4NTRFL9F
HKLWWMA3
7KKLHKHM
TRHFYNEA
FYT43LC3
7YKCRMNL
XPMA4NK9
34N4PXNY
HT7N9LHM
MRW4RMMX
AFR9TYA7
3AM7NHWE
F47R4NNY
HHFX3XE4
3PERMELK
HNTH7XXC
AYKNWCTW
KN3MYCRN
TXF4WY49
EEE3R94L
LHPRMPKP
P3NHYKCH
H33NKRP3
PHY3LR4W
PE3H94XT
EWRNT4CT
YENYA79W
HPTFWY99
7YAL4RXR
NLW7YTHA
7TNECYR9
LLWKHA39
FW9H7ELF
LX3AHHWF
WN379WN3
ACHAYLC7
Y9Y77MAY
YM4MPFKF
WLPTXX7C
PPREF4AF
9EEKCRCC
99WCCWMN
3FCFEHEN
KP7H9AAY
MXACAWXF
AWRC49W7
KPHTFWRK
P7F7C3EE
YAATCANT
PEWKHWME
47RKTFLL
XRHCFNLL
NCRET99K
7KHF3PNE
4TTEMCEN
WH3YWEXE
T9PYFT9P
P9FHATKT
L339TAN7
4CWAN3MP
N3ML4CXA
7CWLCXEC
L4L9A4YE
A7P9MCHR
EMWW4YPC
CHFRMER9
E93XYRNT
KRAEARRA
97ETFW7P
FW3X3EKR
RLTRHHER
997NTLPP
HPWLMFNR
TMKAKNE7
WYWHMRLP
T3M44NFL
LXWEP94N
EFT9NPXC
7XAF3W3P
CRATMP7R
3NRFNHWE
9RHNW7WN
PNW7TYH3
9YYCCEPP
ELAYY7AY
XA3HYTYM
RWX4W7A9
FKERCKHC
7APHLTAY
4CCL7KRW
RCLMAMPM
AKE3MRFM
KTHEALFM
3KP4MHTL
E97KLAAR
ELXXHCFH
PFEMLAEH
LXXE7LTW
F9MKFE9T
7PMF3AFE
WRTPPMKW
NAE7749R
WA9K9PNH
XWCX9A9K
CAYEATNE
P9PXH3NF
HPHY3RRC
F4Y4Y37K
RE79YKMY
FPX3YFR4
TL7NLRK3
3NNEWC9C
7AACWHAL
WHP4KXEF
RKM4C7NF
FYFKWKH4
XHMN4X7N
A4FEEE3T
RAYFMAXH
M9WRWFWX
Y7XPHLCN
H3HF9YAP
AF9THFK7
RN3YMM9X
NT44RPRH
LRNXTK3M
Y4MWTWEC
C4FHAYX7
33MFTHKN
LC3FY9AP
YYCNWCMR
CFLLEHYK
CXHAK3YX
WNETMRAR
WMKXA9C4
X74A4R33
4LEMLE9N
Y3PN7ANE
KFN9FRMF
R7EYNWEW
NM3NMCAT
RWN7WEN9
KXKCK3CA
9KHWMEH3
RHMFPCAX
W3X9CAN4
9TAM3XNW
KWM7TF74
Y9ATY394
PPLHHLLA
TTWCWXAM
4E4TN4KK
YNN7X33K
HXH9AEAA
PY94ECXK
K93WHFHK
NNCTPPAX
HTXEKNMH
E4PL43CP
P3LXWHMP
KMHNW7TX
WPNE7HME
P43L4ARE
RFLWK4TN
TMXWK947
4KCMXYFF
49AHAXRA
XLYFPHWL
MKFRXFNC
7H9EF9LR
KHHY9ECM
PA3H9EEY
PTLLLNYX
NWF9Y4HR
4RW3F4ER
9LRNPKN9
43F77CPN
3EWNNMCA
PWTLATXH
LMMFTLN4
R4PYLC3R
ALKPNPLC
ATTKMXHM
A7PNXP9P
TW7FLNF9
CR3NPACF
HLEKXAKK
N73MWC3C
7R7W7X47
3TM43PCM
MH4HPF73
CYERERE3
FCWEMTFX
W9TYE3ME
A7933A3A
LAMRFMPC
H4K3CYLF
KLAK9XLP
KL9HFCRP
YWP9YFXW
7LCRHAWP
74NREKN9
NP93977E
9HTMXNFY
M7Y7TMKA
9CENRNHX
FNYXFL4X
F9RPAE7H
E9HRWREC
K3X7RF7T
PPTYALR4
KEKF3TCL
9L4HWPYW
TKFNNRFN
RAPL4N7W
HHN7XXMF
9AWFFPWW
FC3LCXEE
ERFNRLKT
PMEWXMCY
3ENYACT3
WRKRPATK
FNYC4TA7
KP4PRLCM
RPEP3LLC
XRRE977A
N4CTHRMH
3PHYAXLF
C4ACAL9F
TLL9MMH9
NHEP7MLK
XEPY7WKA
PEMMKCM9
F3NYRMCM
FFCPYAWY
XPPL7NAP
PW4N743R
TTTX9KWP
P7NTYF47
XK3RYWA3
XXKKPPLE
XNPRX4KM
MXRAP34X
YTE9WNT9
FTTH7RFE
4E4CRHHN
7KNXRN74
AYH9K3H9
EFRCA4AW
94NFFRHM
MYPMLNWH
M3KLX799
N4N3YE4Y
N3W4TYHF
L94AW9AC
EHPHPKEM
ALHYTFNF
79E3MPC4
ALK7W3X4
W9PPXE4F
NRMELEX9
RLCKYNHT
N3F7MX9F
9AXYEWHA
CFMYCCKC
WNRYFAKF
T9A94XEL
NAL7YFCW
EPRFH7YY
KHL33CFM
H9R3YX97
WFCFYWNK
CFKTXC7F
NR7ANKFT
9EHFEM9M
KPNRP77Y
AEMP4HNF
3KEMCMTC
AKNYTXNX
94R49M4K
HNTH33A7
TLLN94A9
XFXT9W7X
CLWWNFPP
K9EA49KM
W3YWHACE
EYANKFMT
7PY9A9FN
KT97MMWP
HMMACMTY
A4KMFLMC
TCPX9RNF
FXLR9PEX
73CPCEYE
43LMEHL4
E4N9LPC7
MHPLPH4T
9MPWRLPT
PE3AXMT9
XFNELTYN
EAHTXKE4
37MYCE7P
7NRFHT3N
MWR9YHAC
TTMTR773
744HWXLM
LHRWXMNP
XTHHFPYT
H9ECLPNK
PLTRNPN9
P9CAMWWX
AK7FHEWM
Y9RRREYN
44LAFYLR
Y3CRXF9A
AFM33WC3
CWERHKNF
MNNXHRH3
FAWE4XCN
M3TNN4FR
NMCNETLR
4EX7FXLK
ER43NYXC
WM3F774T
CLE7KKE4
9LFCAFE7
XRCNHMXW
TCXCECN7
4K4MMPHF
XXF7RN3R
CW3Y7437
AFWHPHYA
93KMAYMT
NHL3FTFT
XRCKRPYY
EFTMNNH3
CMFTNRMR
C7CRNYKP
WN7XX49E
NPC7XRK9
RYR4NFFT
WHTPY7RN
XFW3CWAH
AL9FT7TW
7LFR9LLN
MLLT37Y7
9HLKPM9M
Y7KTCL7C
KK7P4449
HN9F34FP
FWN4X3YK
FYM9YYMM
7NPCTTWM
WTNHHF4E
NECNRHEX
Y9YYH97W
WKCE4FY9
ENT9XHRM
KAPLH3XK
9FRPXLYN
NM4EHCX3
KRCERYLW
CMMYFYCL
9CHPLTEC
4LE49WWR
MFT3TE4R
A37R7HA4
3C4TP73W
MLTEMPLC
LF3E4EMY
RKERCPHL
L7AANKMY
LH7EA9WA
X4LA97XF
4LHNRTL9
LAACWCYY
3CWCMLNL
XN3947HH
HMXHYAT3
MTP3PFWK
KMXXEAER
M4LMPKW4
R9YMYLTA
HWWLHTXK
N3R3WHNX
EE9REC94
FMYWYPPT
WMFLAYYF
EKTX7FHH
YHNNXAPC
4LCAX9MF
3LWYL7HL
XAHRTYPM
WR7XRECC
WLX4FTN9
4FL3X7PA
CWYYPTLH
KP7R4HNN
FT9TXKCH
LP4WFCEY
W4REFA4L
LL3HNLHP
HCMPTPRE
WLCY9M7W
NNA7C9CN
99AMYN99
E7WE3KT4
HTKWTAPA
YTYL7YPF
L7YPHAX4
YHTLNCAP
F3WK3CFE
XLLNMT7M
W9MEPYCC
HM7YNX34
F9RPYLKE
C9TY77YA
XATERTHK
M9LFTLX9
R7EM3A3N
M339CTME
THRNPRFW
FT7CPPHT
FM3MMEFH
KKNL4PXR
RXXAYHHA
9KKN3YHA
AXRKH7AP
FP9K3394
W7PLRAXE
FK7NWR4A
LK994AYF
9KW4CYLW
LKFT4HHT
39L43TM4
KLXFEHHF
WKHFET4X
CAE7HCX9
FF7RCN7R
F7XFCY4E
PPCYCFRY
TXCY9XYY
MHFP47CX
TCRHNFTA
FYNHYK7F
H3MP3W9C
979E3MWH
FFCTYNYM
TP3YFTRC
3PLCWREF
RTCAN34A
N3RY4MTH
FLEY3XHL
7NPPF9M3
E44PF77K
MW97MW9K
X9EKWART
HKF3LAK4
7EK4T3RA
AH9WN4HX
4PCMXLCH
7XA9M9RA
7YF4L3XR
WTCRWCWM
R4C73W9A
3FC7T4R3
NMT9HELW
WEYN4NKF
PT3ETEEM
NYAPNWAE
YHPX93AK
N3ELYY7F
37YTM43T
YKRYY9NK
ATM7FT4H
KKXNTFP9
9CA3K4PN
H3CW34PY
ETFL37XC
77C73F43
HF9W77KN
NTKHCLXK
PYXYLLEE
E9LE4PWA
XPM9X7CA
RKPAWLN3
9W7W7TEX
9FLPFYLA
WLNFLEAE
T4MXR4K9
PYF39FCC
W999F3K9
7FAXTRRP
YXXRFWC4
TXW33RAF
WH3CNXYX
EFYXAY9T
KE7T7C4Y
4FWR4HK3
7FCK9A9C
RMA4PFFK
MT4LAY3N
HY49ARNA
MHAN3PYH
R4N34KCY
KCHLM9LX
YTCA3KLA
3AYKKTY7
FRXAAM4Y
HWYWK4N4
FF73KAK7
KLAM9PYH
C9LCL9RN
FKRFXHTP
M7K4XN7Y
FMAMKCAC
TXFXNCPR
34W4RHN3
HPH9ECW7
A7WPPYTT
9XCNP3TC
AMM37HKM
FNTAXNTY
KM3CYCE9
C7RNFCCC
7MF4EHC3
39NERYFY
RYKFTE3T
P49TE44C
N7YCR7YR
A39XXNH9
E7FM4YFN
E7CKFRFH
H4MX9CTX
FRLYRYPN
FTWMECYF
AXY4TCCC
PEF374P4
4PXKWTHN
4LY3KKTW
M3ENTTHM
7PA9K7MP
4Y4XN9KE
4MNRCN4L
FXM4LM3T
AHM7CWMY
LPYYMM7H
MELRNMCE
PMR7LHNK
WNLWM7Y4
WL7WC7MC
LLX4KA93
3RPPHPTY
XLAKXLHC
7E99WCYM
P4LH974L
74NRPCLH
4AEYNYEX
9LRAF9WY
XFW4CY39
PPRRCEW3
W9WLRTEA
9CXT3MEP
WRKFRNHP
CCFAPYXL
FCX3WWE7
N4KCWAMC
KWHM3CM7
NXNA3M7R
FRKACFEP
TH3NFAWP
XYWH7WNT
XRXNPR7R
LNTWNFLK
KWRYTY4C
NTRLX7RA
LP9LEAPY
34WHHL4M
3LEENPXR
RXNWY4CP
TYCACXPF
4P4KXRM7
LWYH7AX9
WHMAKLYN
9ELX9R7P
XPNF3L3P
7RRMNPEC
PK44NRPY
EHLXYKLC
HKRW3HRY
Y4TCEHWM
T9TKRWTN
NPNXLYYL
FYWRMYNA
CL7WAKYW
44NH7XK9
4MW4C94K
NETYLKCT
KHPFKAH7
NMXCTPNM
MWW9LRL9
AC4FRC47
PWF9CHP4
L7WHC4P7
A47KYNX9
Y9E4WKLP
7PWWFN9F
LT93HEFN
PNNHFYY4
LFKRKE7N
PPPAYAKC
HA3K39YP
YAKXPEKT
RLKXWTXW
RF9MTRMH
NAWCKMMK
C3MKRKAC
XLK4MYTA
LM7LT9NM
7R934TAN
HLYYNX73
PAETWN34
L4C9RECF
PYC7Y9XH
L7MNWEAF
PCK4XXRT
XLK49WF7
XAMHLNHL
YTWHEXWH
YXAHLKRC
WP9L3HKK
RMXNHKXL
CTP7A3FH
43CNMPMK
Y3NLNFEH
XWWN97MF
WALXAEHN
N3F4CEF3
PWM3HET9
3FHLYKWA
4XE3FPW9
YKA4CFPT
KKXRWWE9
FNKYYAAX
P3MLWYMK
NREAAXFY
MN7RCMFA
LKKMFLM3
TWPMWTWK
RN44K3A9
CRYENTAC
7NXK73NR
FN4CKTME
CYCY3WTM
NWYLKHCT
PWL3PAMF
FYPR4LX7
RN4LLPAT
4CR7K4RK
4NTNY3RL
EMXA3PKM
7KHLCRC4
YXH4KKTY
PHT9W4R9
9XK7WAEP
CLKCNER7
TFYEAKCN
F7R4CYL7
EPL9XXCA
3WXFFCX4
FYHTLLTR
YENWWEN3
7MXLFEAC
CYTRMHYR
MYEK73YH
XPRP7CYW
XY4Y3ACR
ALTM9E9W
TARCPWPR
EA7YYWYX
E9TMYKET
L4AHNREL
77KKTEP3
KLF93HYP
YR39PYNP
FA9CCLNP
LHTTYH3W
CMCAXKCN
RWPXEKL9
9NPAERHY
CY7HCCA9
9TTMFX74
MERK9FR3
W4LXPA33
7N3PM39L
HYP7KCKA
M47EPFMX
9LPNX7L9
RTYXEKHC
LEKY4EN3
N44RCHA4
CT4W4NRW
WMMKT47W
NP7P7KRA
RCXT4HFH
4HYYPFRX
CY4NTCY4
AR3ET43F
MTE3CP93
RWNPCKLT
CARFPPYM
ARMWHX9E
CFPYNRR7
EHMRXRMM
4K7HMLKE
ERWACFKA
X7MY4E3F
Y77LE9AF
C4XLRLCE
C3M9YWEH
XPXLLEKM
RCALCLY9
AN7ALYAT
997HEAXH
TTMXWRY4
RY9TC4MM
C7LHANCN
FLPPX349
PCWKY4XM
3EN3N4WL
YRFMRF34
4CL3ECWY
9PEHH394
XTCT9Y44
KR93MLPE
YX9M3NXF
AKAFC4R4
MHKYXK3K
T4YTYXLE
CXYCMHA3
X7KYFM3F
4TYEFT97
HC7YXWML
7Y97AXA4
H3YMW9MF
TC3F3W39
K4LWWAM7
XPEFYRAW
93NFEXAT
N7CM9XXA
WE7TL4FL
FANMYNR4
MYKALRPN
NKMEEAKL
APY3XMN7
9ETPTPXL
HE79WPEL
4YYCXEEA
M37H3AKK
HEACCMLP
HHAC3M7R
AY9KAW33
HPRFNCHX
4MPENTXM
E9XPYTNW
T3NMT47P
4ATL7439
4LEMWWRL
XWMXTHMF
EE9HWLCF
HMER9HC3
EFRE7XM4
A9AK7PM9
TA4TX7K4
3LY7NMCT
NPFPC4LH
7RHLF9H7
9A4L4NEE
ECLPF49A
CE37RWWN
9PMHL4M9
EPPYMPXL
LHNCKNWL
XXTEWCC3
NLC97WLX
9CTATC3P
W7YCPWA3
H4MHKLFY
EP9HTNTP
A3R4TN99
393TCPKT
RAHHNTT3
7R33ATA3
RXHX79RN
KMX3PKXA
ACN34PCP
CNRTELCW
ALEC3XCC
34XHKCYN
RTPKPW97
PXKW79TK
E3W9W97C
94RFFLCX
99W9NX9T
9NP9NRPE
47WAXEXX
NMMKKMYR
HREWCEAE
RYTHAAEH
W9T9AN3P
WKFE9NFY
7RHXLRYL
TYCPTXF7
3LYEP7XK
9TA9H7M3
LF3YLEYY
XENNFK4R
AYRXWKTK
MP99T9CF
PL9XYEEK
CT4CCWKF
3X9WN99M
WMN4XMHF
EXKHFNTC
T39RFXXH
R7AP7H3R
R33CHH4L
R3YPLPMN
FLE4KTM4
YRWFLNTP
FFRNRAW3
KHHXPFCL
AENE7TH4
H9WNMC3C
7MAXELRX
W437LN4Y
WHML7NTM
E77WH7P4
YKM3RXXA
FW43A4XY
XXHFXAAK
YXFFY9CE
7FTEW3HE
HAPKYMMA
N7N3E4YN
47NYYT99
TXKKAYMF
KLWNYWME
E37CTM7X
KR4N3WAC
FCEALAAM
FKWK79PW
FKYWA3H3
EKYN3WHK
FT3ERMLM
RT7YWYW9
47FE43N4
79KRFTTK
WH9K4MTW
FARXFFC7
EHYNMYX7
XP7PEXWT
HRHTP9FE
RFTWRETT
FTEHLPXE
4TT3XAET
THMCT7LA
MR9TMLHC
K9RWT4HK
RPLPWH7A
FFN7AKYK
ERTRME33
YFC3FWTR
3TYF7R7N
TL7NFKHR
4AY7CTPH
749KE33N
LH9EEP4M
XLLPM73W
4AWAH9AK
HFAHENKM
EH7YAAY3
H7YKEPPA
TWN94TFN
FNL34C7X
9FEXN73P
KEETRNHM
KF399XAM
ELF9ATX3
W73CKLK3
AR9P4HYY
AKN34RHR
YAAPTRMY
NPHAEXKR
PNWXC3F9
NWCRAKL7
AAEAC4PH
4XXWA77A
H3LAX77L
MW9YKF3E
N49WCP9L
MA3RRMH9
HHPMHXCL
PFRMHMHC
7XY39YY7
H3AHCXY4
CKK9WL37
EAW3A9PT
P7CTHWM4
MLCXT3TA
NT9KHFNX
WLCFFHT3
TFK4YMWK
3YPY74PN
FNR7TXWH
4PE4CRXF
A4EACCPY
KA79T73M
A7M7AW4Y
FLX7HXFK
FHWFN3NF
PYP9WMLN
WTXXMYKH
4X77LYTE
NYMPHRFP
39KHLXWW
3T9WETWH
WXNYW9LC
AP3PXHT3
NFCPLPFP
NA73HN9X
99TYHXRC
AEC33FXA
73PXWHMN
MMR9A7YN
XC3WPECH
47Y7KRA9
PHPNK4F4
CL9HFEE4
FXCHPWTA
43HEMTT3
NYKK9LNW
FH4749TL
EP33PKMX
FRWA9FAX
7X44YH3T
N7AEK3AF
7TYWYNHK
7XYFTP3Y
AYKE4YHT
KYCYREHW
WCCCEAPM
TXYLNKXF
9NRR37XC
LAW4FTHW
T3CKN4L7
LF9YYWKE
TAEKEN7T
9RMEKNPF
9LHM74XM
LE4T4PWR
KXKAW3AC
MLF9FEXA
YC7APAFE
WCYECNAW
9CTEPHWY
HX4THXTC
PLLX9K9R
3HTN7EF9
KW94LRFT
Y4YKXR7H
KWFY9LT3
R47CKPPH
MP4EMPR4
RM3HP3HR
3RMYHNRH
3KC9AFTT
9HYHAXKC
9TM9FN9L
THCAPHXL
XMH9R9FP
MEMW73R4
H4K47MW3
7M3LYR9K
Y7P97HNM
RY4TKYP4
NATPH47R
WRMM73KR
FP44WK3L
NXKXHFRN
9NXPFWTM
MY3NHNAL
HX3YYHYM
MTY39WWT
FKH9YTFE
PH7HHXMM
N7PCRXAP
4HL4EHXY
CKPC4MFF
FM3WNEYN
MTLN7NFA
NPH3XKMN
RT4X49LC
R4CWXR4H
CHRKEAFE
K9RT9CXN
74A7HTX4
ALKLL7H7
EP7EC9R3
EAAL74LA
KWT3FLC4
M9N7TN33
LXM7E7MY
E7KTAFYL
YMLWA4PW
PLF43N77
RYMTXENA
W73LRPXA
YP49WKH7
XYR3KMLT
3NER3MFR
HLXTAPMC
Y3KKPRAM
NF7CWMYA
7A9LWECM
4WKL9REA
NWP4PPPW
Y4AAM7PM
NH4TTPAR
337AFEX7
NCKEALCW
P9XC7XWK
FXNRY4PR
7AFXHY9R
MAL3RMNX
9HPYTEEC
CAA9TXXM
4LAXPKME
AXAM9C3R
NX9XEACW
RECC93HE
M7CYRTKP
CC7HPPY3
NNK934KH
MXF93A9W
X9TFMNMF
A4FEMPCT
M9H77EA4
KXXP4NWN
4YFHWPHA
3NNT9W94
Y4KP7RFE
EEKMPHAR
ER7YMMH3
HRP9MEXP
MWMTPYTE
EFHFCCAP
A443MRXT
NEMKNPLX
LL73HEEW
NF3ARXEC
9XWKTEC4
7KLKCFT3
ML9WT9AK
RYEF3KLR
3CF3NPCE
KH4XYYCM
Y7XYTP94
TCF3E7YW
377R9MX7
YNWNEYFF
KHWL9RTH
NWK4M4NM
LXLTLF7X
EM7AK7HF
TCFWW99P
MENHWP9H
9FFXA9PA
TAFW4N37
XYL7MHAM
WMK3NNHR
PLCL3MNW
XMHTYMYP
H47FNY9A
LMWHYAR9
THCLAHMY
LAFNW37L
97P37KWF
F7RFCM9E
X4FFT4WA
K3ENR47F
T7L4EHLK
PWC73AX9
F49WMEA4
4T4HENAC
LPHWYAY4
FPXXKTA3
YKCPWR3Y
CYMRYCF3
TFNETHWF
3AF99PR7
CPCR4PRY
FANE7N9C
ELYTF4HP
3WWRM3X3
PXMMNR4W
T3F9H4XE
KL4FAF9M
ALMKATA3
TKRAMKLN
NKW4WLCR
YRHWNWKL
9TWYY9H3
ARAC77PL
NNLA99PE
NFTAHWKE
MCMP4CFP
TTXN4EWH
CTNMXMWT
KTYTXC9A
YRK3NR44
EAF7KYRW
MPE7L3XA
KKHM4K4C
K37TCFAT
97KMH977
KTMFAY37
KPRHFFC4
E4K4473F
RMCML3FY
MYEFNWHC
XFYTKXEP
WWRTFX74
YMYKT37W
44EREAXR
CH79THYL
AF9H4THX
T9A4XMKR
WAYWMT33
RMNH34LX
4PYTHYCE
NMK7RNXL
A3T4AMTY
RYFPCNHE
HP49XRRL
4CHLWLRT
LHCTC99L
FPAK97YH
CHAERPMA
7RYXHCFX
PMTNTCRY
N9TR9LTF
R4MEX7PL
WW94N4MP
FFTLL9NL
TY7T7KWR
EALLRKCP
4NCTAAWH
K7PPTCYK
TXE3PLR4
A3RK3CRF
PTMAWW4K
7ECMNNC7
LMXXWA9P
CKMMNHNY
MTW9CW4H
3FEN97Y7
E4E7EELT
HCTCCNRR
NP3LK7XP
PMKLAHY7
AN3WKTHK
XPPMYXFC
NFFL9CAW
WHKMFXET
P4NFHTX7
PAMPWT9M
XR4R34FR
N3RLYELM
HN3MMAFE
9NPPRXAM
LKTW9THC
PWEFK3HF
P4X4XNXR
Y7HNECTT
CH7M3Y3C
XN37N4YP
F3K3NKTL
HYAH9YMR
39PAXXK9
ECXK7XTF
7A7TR7PN
W99P33HN
XL4NYPKX
NTNFWNPY
3RKEPW77
M73R7TPK
H3H3P3YW
3H7WAENX
HPW9TEEW
XCCPNXM3
MANLLKXT
YWYALHF3
NAPHTELN
FEPMNA9T
PE774HWC
HMXATHL9
KWREA9K9
YM99KP4P
HAKEFH49
KHRKYEW7
FHH4XPHM
WY4XKW4F
L43CYYMP
HAK3A3HK
RWXNHHC9
9MKCCL9W
KN3WW7KL
H4YYPPPX
Y9M7W74T
LCN3337M
C4TMLP9T
P3LHCPE7
7T7KW7KH
PEAWRKXR
K47K3P3A
PFPTFRHW
M77XL4FA
RRKE9AXE
YRTTHWAN
FX4P7CXW
N34WEXTR
P3FF9MEH
FMN493NC
HAEAY4M4
K7KWEHWF
4TPRHMH3
E49N7YNE
XFAW7XR7
WRLXMPHM
XY34EYM3
FYR9NX7H
RYHN4YHF
393NFLAT
AANYEHHT
9ETMCWRA
A4A47XT7
HYW3XHHE
9P3YHNPF
YE9MMRY9
M7N7X7LL
9TCRNNCL
WMRYLML7
WEFRTL9H
4P44X3CA
9MCWH4NH
XWMHFACK
PHTY4RHE
LNXE4WPX
FXR4RF4W
F3H4RYFL
NTL47YRK
YP9YC3RF
CWC3TFHC
CRMMA73Y
ERX4WM4E
NMHLPC3X
FWNHK7WK
XC4FFNHT
TRF7NHHK
EPNHR7EL
3LHRCCM7
E3N9R7YX
W93N9LM3
A93KMLH3
LCFFYXWW
WY4PTAAY
WXT4FX9Y
LHKFLRER
XYFYL33F
YY9W3NTM
YME97347
NYM99TPW
9EPLNAXP
9AHLHHR4
9EEH7H7W
MARC3XAR
Y9LEPEC4
EKWLMKF9
AXWMENWK
T9M7KWN9
KY9CXCKE
9RKKHT7W
33R3LT93
PTH3739F
PHAYYAXX
7RERMX9C
FC79KFLK
AMN4EHLE
FELRPFF3
RRM49EA9
P7TPMKER
NTFKEAN7
PTA9349F
FXEFMXWC
XXLFHXLF
KLWF3PXR
T7R44FKY
CNRPXKKH
7WTNXAPP
NWFMT4HT
W4A9NXPX
WALCFXET
7WC74H3T
A7LCH3WR
YRKCRNNY
XR9XH7YF
9EEA3XME
X94XX3FR
97E3XWFY
HWAAR3E3
M3YMCRFM
ETN77N49
NXNN3RWP
MTRHKPM4
PRLXPKR7
ECALYY3T
EM9AC47N
AYRYXP4T
3EYYRRH7
4FMFM3YR
FWCNAFCX
7YL7ENLR
KRX4XCNK
RPX3MTFW
ETWXRX3P
MH4E3KFA
XHH4XXC7
FRE3YM4Y
EFH9KY77
ECFR7T9Y
KLX39MCY
7CENNAPT
L7RH9F9N
333CPFFX
NHEFX4E4
PYRFELEN
KFCFW9H7
FT4K9R3A
HM4TA7MK
CE4K3AKY
FRHPC7WP
KPY74NEA
WKK33PTR
7W4YYCNE
A4LK49RN
PCHTT93P
L3RC4LL9
E9WTWWFA
7TF3EYFX
NE9C7CCH
HEETRHHY
MEWA4PC3
AMW34HAN
N9M3YKTH
MHY4RC7R
A7N3CY4K
LYPWHMLR
NCR9E4P3
EPCRMPFT
HRK7YKH9
EKHCNKAE
XW9T4T3L
MW9NCX94
KRY3T9EN
C9E79HMA
E4ANWER7
74PCL7AN
7KWF4PYK
97KTR34F
7XRLXFTA
7XK9P7K3
X3RN3C43
NMH4MC9E
K9KWTTXE
99H9MPF9
H9LKCA3L
E7PYLR3X
EW7X4MTA
AEWWH9XT
4MPFF9LT
ATP49A3A
LAP97MM9
7AALRKKF
XHHPCMFL
RF3K34CN
X93K47RF
A4PEWPW7
CPF9LRWF
9TXCKPCP
ECCFKTHL
Y4ACP4PY
HKFMAWCK
W4HRTM4C
3CF47NPT
NRKPTWFA
ATCTHWKC
9EY73NWF
4PCLWFWF
LEYNM3FC
FX3MYL9H
44L93P7L
4RANRCEK
R9KX3HHT
L7LLENEN
FKPK44NN
MWEFRMMX
EP97WKAN
KKLCYNA4
AAPPR9T9
W4PPMC7X
WXFKMCLY
PM3T9HKM
W7NF7HHH
H3NWYFWP
Y3ANHTHP
4PTLRK3L
E9CE9FER
C3FANM7E
T7FXCNTC
MELKAWRH
FHNHHRTR
FFA9ENLE
APCFEKAC
7AMEETYX
4AFNE4NM
447Y4AEM
HA9PCYK4
FAAXREL3
N7RP7WKT
4TCKNWHY
FTAFHEM3
44WEKWEK
3C3W9RTW
7CPEXANC
MAK9HLKT
FE39KFK9
NXFH79Y4
9L7FKWNN
RX9NM7CH
3XL7CR9P
NMHALTTN
WLE9FE3P
7YNYCMXT
3RYP3FTA
73LHPTY7
7APL3FPP
NPYMLMNT
T93MNWAR
7W3Y7KY9
PKM4EMCT
TLC3AKAM
39LM4XEK
FHP7FC4X
LNYTLCEC
99REL7FX
YA77LHX9
E474RFH7
YFNYARNE
N7HFPMAR
TPTE34TH
YCA7NPA4
4LHLNKEK
X444PL3W
39NLXPFT
PFHWTTMX
NNXW34ER
HPNPTE4T
TAPFPT4A
KWCCELCR
HEW4E3Y9
3RFEPPCC
FN733L9P
XKL7FF3K
3T4R7YR4
AN3CWTHC
RH7RP4RF
444MEFE4
RAKMCRHN
HR7ELLW7
FRWXHRNC
WN9MNFTW
L3MRN3XR
C3FYA7EM
XHYX49W7
4NMK4C47
WCMAHAYA
WXW3LR9K
AKNFTPET
FYAA993H
AMR3W4EF
YFW4YL4R
FMEYCYMK
CPYRH7WM
YYMHY9A4
3FACNHYE
TX94EW3E
7HW7CNAT
PH47LKYA
XPXKMELC
AM4NRC9H
R4YY93RN
RLYMKNNT
XT7MF4H4
KK3TNECW
E7TERH4K
CKFMCTCF
KFX3EENX
LC4PHHK4
KW74TA99
YHPF3ATW
NHNYH9XA
REPA9MNA
MHLPFHCX
XEWT7M4W
RYLNCYWK
7WN3X7CK
N74RXWCF
FCHAHHWA
NH9E3WRA
7P3E3TLW
4CPCYY4C
EKTWMTAN
Y4YAH47N
3KRFHEKX
MFR499ET
NLAYWTWW
KCMNX9EE
LR7KXEAL
KFCNHAEX
LRRFN3W3
NH4XFCLW
X7CWX3EX
XKRE34Y9
XXLFYXXK
TFHLXCCL
RREHWRNH
YWNP9HME
R3RRFPLN
MN3WF7LR
LWLHC4WR
F9MYFKHA
WHPCRENT
HEKNAMNF
7YKNFAKK
LFN7TRN7
YLCW3PCP
LT3XEL7Y
LKWRRLWP
AKXECTKE
3XHMTNH7
YYW94NTA
FRHLN9H7
XH9TLWXA
NWPH7R4W
HFN7TRRM
RY4MW3C3
HRANNPNM
CLHTWAPP
MCAW7RWL
AML9P44H
WLT4PKEY
N47F9RT3
3C3E4LRH
PPXNCNPE
9TR9FWTR
4TAHXHRW
9FXMHAYW
XNCKMYR7
TYPFHT9P
T7F3E479
R3NERMXE
FLTANKNK
T79AKRPX
9XKPYYXK
FHMRANKA
E7A4MNHL
CF7YKMRN
YNAXXXAW
LLN3C4TT
9YWCTKRE
97ECP4NT
YLF94YYE
XHTRWPKH
RWN43LYR
W3CLYNTE
HYT9LA97
PY3E9LTC
AE73W9MN
MNHLXENX
4LWW4FLR
P7MKTXPN
LMTM7KHE
MAKMRLRP
PTCMXWCA
7ECEY3T3
CNX9MWFY
YNRFA9N9
TCLYCWF4
W73HRRXE
77FLFCWP
4YTM3L7H
XNX9N4EY
A9LK3RWT
WFTT9CR3
RKPRY3NC
K3FCXRRC
WFXWM4MF
7XF7YRNP
3AYHP9PY
XLE4YCHK
4MCRXYKA
CKEEAFWT
WYA3MFAF
NWKMHP47
A97YFRW4
9ELRYYA3
CNX9RWXK
49XRPPEW
KKMPLPHW
EHMH9N97
Y4CEMK7X
WAYXWER3
T7TKAERT
7747CRCN
PANEEEE7
4CTL9CRW
39KY7E4X
RMFYFWYL
3C4YRH43
47TFNR37
ANWWTL9Y
AF3TALPA
7E9HNKMP
WLYNE3WY
LPRPXH3W
REWWMAAT
FPRPPM4T
EXPHACXM
R3PLCK9N
CHTN7TCE
43MPYAKT
74LWLRY3
CATTELFE
HF79WNAY
9NFLM4XX
WXPKX43W
MTENAHHY
PEXN3XM7
374HELTK
XFCLNNAY
FLW9R74N
YEH3KLLY
PK34MW79
AK97NLM4
M3ACANYM
39FMF49L
4KRET3M3
NLX34FMY
PCYALWN3
AMWM9APN
LA3TMWWP
RNWRCNCN
N4T3MHNN
L3E9KX7E
H3C4A4YH
WT7NANEX
LWEXLHME
CMEYA4TY
MLE33F9Y
MYKL4N4R
YMF3CMYT
P4NFY9CK
7K9EHHKF
HWE7Y7P4
E3LXC4LY
W9RWHWFH
TC9KPKRP
E7F7PMXN
4YHKL7XC
XYMF4ELN
MWMRAAET
HWWE99CK
KWPLE4TN
F9YNAC4K
X9439LAL
4C97WAEH
LYLKY3RC
HM4T9XHW
NEHA7LYK
LNNCK9LL
WKLAX3LC
E9XC97K3
WLWPWK99
NAT9RM3H
RL4HA3N4
9RWFLTET
TL4XCYXL
RRPEXRPA
4E9R7TAL
EHRXN79F
NYAAK437
TM9FHXKH
YY7YEWNE
PN7YRAWF
X4X3XPMN
49W973H9
4LFXYR9E
P9M3YPW3
NY47CYHC
9WAWHF97
NYHRRENW
WNHWPX7A
XNXWYTFR
RMPE4L9M
FPLY3E3C
FA4K4C3P
XC374ALC
RX47WEH3
CWF9HHCM
WYKR4HLP
HLFFXWW9
3MWM9CML
H9KXMEC9
ERWPNLLR
RHNHMHYT
9HXELPFT
4CTAR7NC
YT7EAL4E
3LY9ME7C
FAFAER4L
HTH9LXW4
LLRW44MA
74CPKCMP
MX7XEMCP
WKMRYLFW
AKRP4LKC
4RXMRLWM
KHCE7YF4
TTFNT3WL
FKFYHL3E
9FC49PLF
KKLC3P9L
X9YFXCA7
XK7HTL3R
4H3LY7LR
WAFFLREK
9FTAEHNK
FWR44XER
MCCNEXMX
FWFLNA7Y
WHPCPCEN
TTE4WCHY
AH4T9TFF
N4R4A7NA
X3A77AYM
KMKX7YM3
RFFNKA4A
HXF3CHYY
FCTY9P77
FHLT4EXP
HW77RCRT
X43K9CEX
NCKXRWP9
FMFTHPAY
HPHKFPFT
WCEY4KKF
LWM37NWH
7C3M3H3H
FEMXL7E7
7NFNPWMM
9RLF4AHW
PT9KEH4E
RHKNHRKP
LLTPTME9
3CTMHYEA
LWCHLTX4
LXNPHMXN
EKR73339
MN7MMMM3
PEW7HTTC
KWY9KHNW
E347FF73
7AXLPWW4
L3HYLLYX
KYRLFLH4
HK94C7TH
TFYLRNFT
AH7WPW7X
NWYFP9YE
W4A7MKT9
TE7MPKKW
NN4P7N7K
MWNRFRRE
P79EY9TN
H7AEMFPC
LRYT9RFF
EHPKXRX3
7MHNPPMX
7KEH4WP4
7MHLMTXP
W3CWX4AC
7RN47ERM
M7XYCH43
RKTKCKPN
XR3LC9N4
3EA3M9FA
YXA7YNE4
7KR9YH73
YHR7AE44
HRK7PMEC
ANE7R7AA
9W9TPPAA
L4HR43AA
R3LXHX4M
N4AH9FLL
F3NFFCEP
3R4AYPWW
MWM34CLK
C7MEA3M4
WHPALLN7
YFWAPRRE
EYMRPYMN
TN3YECMN
XHPKEMYT
34X3LF4Y
TTPPENLE
47KNEXXY
47YM9LRE
3WTAHAYA
AELAMH7M
MTF4MRAF
NCA3TWYX
FCA7N3NY
9A7XCYTN
N7444TNM
MTHYWL9L
F44WXXMY
WAHHMHE7
EELLPLPF
Y7FANHFP
HPRPFEF7
CA43MCP3
CCNYCHM9
CPHA9TCA
NALX7TXF
TPER799N
TYMFTWXE
4K7TXMCT
KHNHXNPX
7XAMTCYX
CKN4N777
W49C7H4H
RA7KPCYT
MAF9XR33
4TXMYAEM
LW794XLT
EPTYKMEK
A3T4PWMY
4CXACYTR
9HANP9KN
7WNAPTYK
3XFLT94L
XEYK73AK
7NPFTMA7
TLFYCHPF
93XNFETX
RMF9C3NC
K9MMFMCY
3F3PTY74
9PT7MXXE
4LNRNNHM
KXKEPKT9
CMM9FRPT
MFYYPAYR
C7EEPL7K
HAMXAH7E
EMN3EXTP
4CWKCPM7
EELEN73L
3KYLA3PL
9LYTPRHY
E3XRR3AE
KMM9NLYP
PMA3NLFX
X9YFR4NC
YYEEXWMK
KY7MW4HX
AMEMMY7E
NNM3A9XK
MPFWHP3F
NCN9PHAH
EX47THW7
9PTXRYYP
C44KFTA9
EHF7RF47
C3RE7MML
HR4MK7TA
HYEXECCR
4MXLWREW
EP3HM7AT
CNNWFCNR
PEATLFTE
YK93AHWH
MKMHXPYR
RTXKY3EF
9TMTREHW
R97AMKX9
Y7NYNEY7
HP39KAHN
K49F7KF9
LKTRP4FK
4ERXHPXF
FEMP3KXR
YERE4EEY
T3XLWNTM
E9KW7LWF
3MCWFRXL
NLKTWX3H
PYX4X4W9
XP3HCH9C
TEKFFRMH
T7HR9WMK
H7PYYCR4
MAFXLXCH
9WXXL7FC
ARM3WNAW
3H9NWTN7
3P9XC7XW
YPE3CMNT
LEHTL99Y
77MY4HLP
HTKKPTWH
WCARYNPL
M7K4LWNA
XN393ENW
HRH4E7FX
PCKH7TKY
REWENMXR
R3MW494L
LYTM4XYX
M4RNPFN9
XMYLCAA3
MAWEN4EN
FM7CE94M
WNRNH7KN
3YPXHR9N
X3KH9FRH
P4ECAYKF
WCEFF4TN
Y7EYMREL
3LEPL34Y
7349PW3F
7HHR3CNF
YL394RCN
C4TFCYYL
H9YCYKWX
NHF97NKX
AF4YLLM7
NLEWRYY4
TEC9399M
LXYW7N7K
TRF4HYHM
HWTXX3XT
3YNY9KM3
WMMHWTT7
EKWTRKET
XXYMX4K4
HMYA7RRX
R7HECFPW
Y7EPHCNA
WP7Y3FFT
9AAWNXL9
3LP3RH9F
LWHFHLMR
ECXPR73H
7MYYNPP7
XLR4Y393
YHKHPMFA
TK47KCFN
737XXXE3
LMA7TXAX
NP9HM3LY
3NE949W9
RK9X7NXM
T9L9RLC7
E43LNM7E
LT97KPLH
FNYFTP7X
PLK3WF7N
NKKXWPWM
CFANTM3L
E4WCTHYW
44TEWM9C
ARLLFKWM
CKHKHTLM
AHXLMAXY
ERAK4KNH
NKM9RTE4
KKHNPFE4
L9LXKN9Y
WLCPW3A9
7XM3Y73F
CXWAPRLW
CFRXNRWA
ELK3XML3
CLFTNKFF
X47KE7E9
4NFF39TN
HXXLYXN9
MR49AYH9
HMPHERTY
TRYNER7X
WWMMY4FF
MCEMWL9X
TA47T3RW
FNHPFC7L
FHENFHCK
YEP33AC9
7FKTNEFF
4RN7NWX9
9NPYYC4Y
PARFKMER
7XMRREET
4P9LYHFK
RFHP9NRH
WWLCLT9M
9YPAPH7C
XERNHF9C
CKNRARKK
XX7YXXEL
ALNYRM4H
M4HYLX3Y
LF34RETF
XYNK7PAF
3AMYRHW4
WF3MPRPE
C4RETMCL
T3YTMNKX
FAEKCMCK
H7YNNMAY
NNF7KTN7
T7TH7RTL
HX3YWA3M
PHYTAFKT
NMCN3RPK
HTWMPEAT
YF3L44YP
P9PK9AYL
AFTEYPA4
FYFRFWW3
4A4TA7YN
449HHHPX
PNNF43YN
M4NPY3FP
MAPTL9NK
4WEP9HWC
E3LP9HAY
Y9E7HRWL
N9XK34R7
7K3AEC4C
N7Y79EHN
E4HNL47W
NACYX9MX
7HEF7RTN
N3Y9KWPY
KRHRL4P3
AC7FXWK3
RWMYA9PL
34HWWKPR
H3NYR7NF
XAPAFRYE
A3CMNF7C
9RFYW4K4
CKNPTT94
Y9C9ECWA
3PRHEPRF
LKW3WPW3
KXAYCET7
4WNHN9F9
XFWLLC4N
NPK4AXE4
4TW9TCCC
KHM9FAEK
YYN37NXK
Y9N79K7F
RKWFCN4N
FXRPNRRK
37MFX7KC
T3PXPXX3
HR7YWXCR
HAYTCRNN
EP77YFA3
W7H3NR39
TRY4E3FR
ETRLHHAW
LWLF9PM3
4A3MYPTT
A3LT3ACH
9AXCC9AT
9CXPCENK
FANHNTK9
74F4M7RH
XEL7LL3C
33CAX34X
WPKT4RWY
A7NLEX9L
NHKTRPRL
HEYHCHTN
H7HXH33E
FH4NRFRT
NY7ENMYC
F4R4P4N9
YLXXHW3M
4YNACYEP
3TWAFANM
RHY9PRHL
F7HTLRLF
RYFYKL9A
AXCN9X3K
N3FN4MMX
LRRNPNMF
9X7TYR3A
LC4XRY9T
CR3PFNK9
4MPTHRLW
A9HR7N7M
9ATX4NCP
PWHM9WET
YRWRAH4A
4RLCNWM9
XLAAEHTL
Y9XLERXA
YHWMXL9N
4K77E3HT
37ANX4YN
KY7EFT43
LFPMPXRR
RYAP39EL
3P74LK4M
3F3LPALM
M9RNRPE9
XCALL9LE
RYEKECRX
W4NMEEKL
3RY4N777
HWHYEPNK
FPXXHYN7
YCKHRH7M
HXMMMRAE
WT4NY4CK
N4PTLRX3
WFW3P4LN
74KTLRCN
XN4KA9F4
MHPMXRTR
FRW4KRX3
ECXMK4XX
TMRXE4TF
KEWNK7RW
MCNWFRTX
RYF4YM7W
XLXF7A9N
3KNN9WR9
ETFXNEFN
4HFAEARN
YTYTMRW9
CATNCEEP
CF9PK3EK
HLLW4FLH
R39KW3A7
ECYFX43Y
FF7YE9W3
T9MT9LX4
EHX7FWW4
4KX994E9
CW7FMLYL
4KRE4K7R
EME9YTE4
F7W3ARK9
3XETEPYF
RFANR3HX
TYRTX3RK
YRPCPM79
P9ATCE77
HPCEPPNT
WXTPFAPK
KAEHMEHE
XH7ERPYE
AFX7NMTT
7MEEHWNP
NAR49M94
HYLL3N44
FHY3KF9E
T499ATX3
HLWFFTE3
WXMM3LWE
H9H47E9W
C7RKW3RT
AHAPLA3C
X3Y4AMAN
3K7X3PLA
HN7PRFPP
RXTE9NKT
MPP9CKHL
NANHPY4Y
CAWXLPNY
P77MYWAR
TK7XAH4K
4CAYRLLK
LXTRYT7Y
TPKX3K3Y
R9KPPPY4
HFWME7CN
7EWKXMFW
TK99T9RK
9T3YF9FX
EPHXF4MM
49M7XCPC
M3F4WY9W
N44HR4EF
P4P39PA9
4XY7EWX7
P3W9MAH3
AACNHNXC
4A77MFAX
FFAFLEX9
3CM99MH9
EMMEFTKL
TYN7NANK
479NF4FN
99WTT34N
TCAR44NY
4FL3CTNL
EECLAAT9
PALXF9YM
LT77MMFM
HNCANHNA
MLHHL3RM
L9C7NR99
LCYMTFYA
FH7FTFKY
PAXN7WFX
ACN7AEHY
YPMXACX3
3PTFT9L7
LLCLXLM9
C3K3MTMP
M3ETM34M
LCW3F9PN
TEHL7LX9
ALLNY3PP
XXLXYAK9
NFFCPCA9
C7REETK3
NLTH37XY
7E4T9MFN
AK4LWPLK
9EW3E3Y3
9A9CP7FT
HF37F3WC
AEMNH9FY
TRECMNWK
97WERHY3
MFC9MCT9
EKXN9CTX
FMR7LWNK
MT9N9EPN
LRMR443H
3WWRE34F
FCR4Y7CE
A4HLPEEP
TM7X7TEH
KN3R4EPH
HTEK9NAR
KKCRHAFX
PNP4CPK9
ARNFCCKT
YH9PW7CP
MKC3AP37
3PX7KLFC
KTWAELX3
PAHR7K47
N344WNMW
RMCXFY7E
T744ENEC
C3WWYH77
K9L9LCNP
ELHA3C4R
YK7CF9H9
WE44LL34
9AKC94EA
KF9WRYE7
XH4N7EPL
CAWYEPXK
FCK4FCHC
HEL9PLKH
H9RPLC7A
4CN4FC7F
AY37YFWK
393HFYCR
KMYT4FWM
4C9RRYNL
WXC93W4W
TKFHEXMY
TPRKRMEE
EFY7PY4K
TMEMKCE9
FCKHHKNY
FYMKWW7L
KHCTP974
H7WMH43R
CYTKHF4W
YLC494PN
YT7AAYXT
T9PEFHPM
F99RHXLA
HPRTF4YY
7EF4FXAN
RRLKCKH3
FPYNAW3X
CE9F3PAW
LLHXR7TP
KK7M7HFF
FEE7AAEN
LHXPFYKL
9KYYKE9K
74ERAMAH
4TRC4FPC
3XKL9MTF
AM4RPFYF
AXC4FT73
W3W7MK9X
TWTPEN9A
7ELKP4TW
N439F7XN
R7LWER4P
EFFNH3HR
4EAHEEEA
EY4YPXKY
PPCKXLTA
3CA3FLCR
33973K4A
WCWEHYY3
K7CHRX3P
Y9A74MC4
Y7WWNXY9
HNR74TRR
W9RCYYH4
LYAHMCRK
3FNKFLRE
NYMNLKRL
RFAAHRHL
AL9EA7ER
ME7F4FYX
3CRAY93A
KPYAN7WK
CNRPTLWE
RPENEAPL
3YT9ENKH
3HM9HYW9
YY9NY7K4
P3TTFPMF
PPERLKWK
RHRE3NNP
MAXA7WW4
7ANWC9CW
HTX9ECRL
LA73XW39
9NYLLXNT
N7RMNH94
H9KFCWHT
3NK4NAYT
ARKRMYTY
YYREMXXW
W3Y4MLYN
WKEMNXLL
HLPYM4RX
LRCMWXNR
T3H3ERMX
7YE97FHE
4KCTX7P9
T3KHAY9M
RA9RXFML
EX43CLHR
AHEYPMTN
Y73HTEH3
YWA9TN4Y
XWFLX7KY
EPM934HX
9KTAEMKA
FEMA3RW3
LYC7MRAR
4PH4MKXA
L7PYLPK3
AALYFY79
ACEWYTXY
FNWCNHNK
HRCWYT77
HYEHPWK4
LA3HFNXR
MKH9A3MX
WCMXPXCP
LMEL9M7F
NHFNLW4P
4LR9MEHY
Y4AYE9PP
M9RLME4X
ACAETHFC
CP3NEYNM
FMNCCYLC
EKLAEKYN
CTLRCKXR
YPHWFNEX
EPMTKMY9
L4AENHF3
MYK9MNTR
KMRCEF7H
M9MN9MXW
XCEWX7YH
WEKE74LN
XEE3Y7F3
7MTY7L3P
LYR79H4F
PYN3EKXN
FXKAWYPC
ECMWKHWR
MWRYT43R
XMX7F4NL
9HHKPAW4
HYPA79FC
FAX3KMPL
HECK9KMP
AN7XHNNT
K3AEP9P9
ENMRAYKL
CTFNNH7L
934CRWRH
PPY3R94K
TCAKTHCL
AFYX9CCL
CMPENPRY
MX9ET3AM
K47RY9KP
MMTACXYF
TNH3PH9W
WCL7R9ME
3AXCMEKH
7AEAKYF4
ALXMX3HC
A9F4CN73
WM34T4WN
MEC9KF4F
APP9AW4L
9C9L3WMH
LWPNPA9H
FXFPRX9W
RW3CKTHA
P4FHTR3K
WYK7MET3
X93P9CLC
7PTCXF7N
7M9TXMXT
4MWMFNRN
4RK94WFM
TXCRC9E4
33R99WM7
794PNF4X
43AXAY4N
CW3LEKWN
KHYMKMTL
H747KEN7
LEXP43HN
KRX9XFHP
HTYK4YEW
WNTN4TWR
MKYEWYWR
LRXWA7EE
CP94TLK3
YER7MLML
N3KH73A9
4REFH3KY
9A9L3AH7
ECH3XMXL
KRCKKL74
APKRRE9T
YXT39XCM
4EHXMFRE
4LATAX4N
LLFNYARE
P3WRWPKK
XCYN9HHE
XNWPCMPN
R7HANRNT
EHM433MT
FEEKFT3P
WNY7PMLW
E37NMXFH
CWCYYKP7
AKALR7X7
7RMCXKLW
PFF9P9Y4
R7EKPKFC
LCHH4YNH
FWKAHACA
LL794MFP
KPNE4RRF
LNTMPNK9
KN4CNAXE
TNE4LHHT
CXKT3KT9
933E93NK
MN3X7H3A
FACR3TKC
7CE7FKNL
KMCWYX3N
4FTCAEP4
WX9TKTKP
EXKEHHTX
4AKY4LPF
FWMYXARM
RPXNFELP
EP9RYCE4
AN9A9RKW
9WTK9PXE
WWPWY79X
HYTCAXTL
XPXMKPLT
PANEFCHC
ME3RKA3L
R7LYYA9R
NK493ENE
LAFFNTCR
TMTXYNT3
TH9H9RWY
XYCRF7H4
HCY4AN4H
RX9AMWNY
NP7AFAWK
79KW3AC9
YRXHK7PA
CWA9PRCX
FTW9CFX4
Y9MEAK43
LHFFYFHF
AMMHECXK
LRT33PKR
F334HR7L
PLPLTAKP
KMK7A4K4
9MNHTPYW
XRMLXA7P
EXF4K9AY
PAWRYWPF
FPYFR9MY
K43H9AXE
3Y43PARX
RW7KPPEX
X4CXFM4M
NKFRWNLN
NYFRP4KE
RFCCWMXA
YLM43NXT
RFXFRTP4
4MAY39FX
3M93LYLF
AKPA3LCA
TWH4HEH9
W3397ER7
99KYELFC
YY4EYXMA
NY7NLC43
ANMFCRXX
FRHKKMFT
ELW9F3W3
9TRNN4R3
4AW9MMX9
97NW9NC3
T9WHR937
3HA7KFNX
4TWMRXHC
4CL7PPL7
CCH7LMH7
WRR9Y93K
HNPYWX7F
7AP9W77H
NAMRFKMA
RMCWFXKY
LKWEEXCW
HCFHLLP4
EXPRP3YF
FYTR4PYE
HFNWYEXT
TPMRWM34
MK7HCEKY
FKMRWXWP
NNEXCLE3
97LRL9E4
XEELEMCP
FHFN433R
934PPWPP
MHF3KEE9
KXTYPLLR
NNETLCY3
MA7AKECL
F4AFNCAC
M9CW3WAW
K4LAL4FY
WAXCR943
FARFYWYW
R9RWMW4M
9HHAM4KK
YWRA3RWR
7T7M7TEF
43N9NEY3
LHE7WELW
E9RXXXXF
3K993CE3
7RR9EXWY
K4LRY349
E7F73H4N
7WN4LFC4
9EREPNRL
TCWAYWF4
C9P7AKTE
NKYMAN9P
KTYKKLA7
9CPFAAAP
YRCF9YTY
4KTRNFAY
KPYXANLH
7NL3CH3C
PMM9AH49
Y479RR9W
RFAL9EFY
KE39HAY7
KYYANXFY
RT3WPWE4
7HHKAWLK
APWAF4F3
EMHTRM99
7TEXXTYK
974AE73M
XCL9FRTC
9NXHFE43
YLXTANMA
XEMEEYFL
KEKHWRFH
94ALPMLN
ARLPF99F
E9KPXE9T
P3RAHA93
PWEMYYCK
PARLXP7K
AFLEWARN
WC7HFH7N
EMHKH3YX
4LXHEKPY
XEMM7A4P
HYP73LPA
EM3ATFT4
TFRKAKN9
CTXFTWMN
RAR7TWC7
KY9YKRYL
CWXNK4PY
H9PYR74M
PR3CWKTF
APWFLFCA
HLMLRKY9
4RFR4ERF
4KP4YFCF
KLC7HHRX
MYEXMKYE
TLEPK7EE
YNHHCNEH
KN4MYPK3
F777R4LK
XH4WWKPE
3PYCKKRC
NYXC44CN
WCE3TN3N
A9NRPHKY
E97EPYFE
KTPFM4WC
ARYRWHL9
RT4RNHW9
EH7XTYXA
W34KTFHL
LLHKYCHC
P93M9PWM
CAMTAFWE
H7YEHW3H
HWAPWNR7
LLF9KYNC
7CAYWFL3
CEHM9AFF
7HX399W9
P33NMMA4
NEKXCC4K
EMP7ACA3
KT3P4LK3
7WXXRFAA
MMKMLHRM
YFFLN7EW
9HE9RYFP
RAMHRHX9
HCMW7YAT
PHMHTXYK
XARYE333
EPF4WF4L
EA7A3CH4
KHEMNK4H
XL737E77
PTPY9TCM
E4XFFMNM
MWLYM39R
E4XMFMTY
NRKWAXHA
3KP7HTHL
MLMW3XTK
HPLFTK74
3TXW3RNL
CCKNWY9W
CAHCTYHW
HM7RAR73
XA3EKFKF
NEHM9TYP
EHTN7MHN
TMYXHLLF
T9E7CREM
PXL4CCCN
4EH9CCRH
YR3KLWFT
XLFLWTCX
LE7EAN4W
XPAW4F39
EW7T4AYT
NEXAXYXH
WWHM4PTF
NCNENETK
KRCKF7TN
CPCE9RPM
LCXFL4YX
YMCAN9N7
H3NYHN99
PHTNH3TL
TFRCHX3M
3LTHAHNE
HLXEKXLT
XWELHYCR
Y4FRX4HT
7LCT4TMC
E7K7TMPW
PN9HXCFH
MKL34H4E
PML3YCEA
ALEC3CT4
3HEWMTFL
CXHMPR97
7LW39YPK
PXXLFKHN
L99TPCAF
Y79W4FMP
MWXY3RHC
L3KLRME7
LHWY9RXP
AYRHTFXA
Y3LKELNR
HYF4P34T
XYYK7RR3
YHRX9HFC
RFXRMKAL
3HFRRKL4
MW3P9NAC
LFTAWH3N
RAK4HCCN
4XF7CXH4
YWYPWTC4
FKLERMA7
9KCFTLC9
NH4T3XLP
XNN94YXP
EPXMRHM9
HX7A7X3M
WXWMPCL7
FRLKH9KF
9M4XF7WC
NHN4PP9Y
NYR97T4M
4ACF9NLR
CYTM4FHE
FP4XYPPH
H4WAE3Y4
RKFAWPAH
RAK3RMAT
RMY9L4YL
7FXNF4HL
94LCLFE3
LNM37EWT
XFKPEK44
7CXYERMW
KFRCL3HT
3RT9REMY
TRWPL4AC
REFTN47C
9MLTXPYP
XRT7ARYT
PYKWYMKA
FCFX99LW
4KKKM3MY
WW3KPFWM
TYHALRYE
FPLNEHAL
TTF7KXCC
PKCMFPW9
CMME7YKA
9P3KLF4H
MCPMY33E
CE44FHE7
3LE7NNM7
97YE37MK
4REEAF4A
A9399R7P
3C9NRX4R
YAY7YTHA
LNYTHAPH
YP4FHXCH
NTM7PT73
AFKHKRX4
EK9CYXL3
FWFKMNYA
MXL7TYF9
3FAEE7AN
RX7MCHRY
L794R9RY
A4MKN9T7
N9RE3MHT
M7KXX4TN
HRNCWKLR
RTPLKW4E
R4NC4LTW
4CXREW3H
PFMMLFM9
NM7CFMFC
FWYCYKMM
Y9LEXTAC
CXCATFYR
LKHHAL4W
YPEWH34P
XMXPWAXE
HX3RWHY7
K933X3WY
WAFMY7YA
H9PR4H4R
7CHHPHCM
PH94NPW4
WFKMAWE9
T77Y4PCF
RKXLALC4
PWCPTHH3
CYYLMFK9
WKYPMWRF
9XHC7KP4
49H9NAML
7LMYFHRT
AH9L379H
ETPNAT44
YR4NP7F4
C4CCRCC9
XWFFXKCF
TRHNLCRR
77R4CKCR
7EAC7MLC
4NMLYE4F
YE3YTTPY
E9TTY9L7
PXLTCKL9
PKK4XWAF
4X9XTKTW
NECLNTT9
KAFFC3HR
KCEMKX9H
FXHXX7FA
FPHMYLFA
K9A3X9KL
NCNR7YC3
9WW3N3FC
YL3NXR3K
EXPTT9XH
WCKRPMKL
PPWMTC3H
7E347LC7
NXCLHEC7
AL4H3RLK
K4FMXWMM
WCFYKNLF
L97NCKWM
MFFLRMWW
H3M9MNEF
KHEHAN7W
T4CLLKRN
RM37PHK3
PLPAKCE4
7TH4PTLH
7LKMPFRH
AELYKEFA
TE4R9ER9
RRTRAAM4
YCTK94CX
RPPWCNLL
FEXY4XLC
4HLNCR7L
WXNCLTCK
TNRHYETF
KH4MFREP
EWAHT7KP
KH9AA7RT
F7TPN9TN
9FR9EFMN
4P7KCXA3
7FTF3W4T
AKAEMKRN
NKN79PWN
94XLHE3F
YTKFNFLE
M3AMNMCY
W9MM79YF
4PTLAL33
CHT4X39P
HHKCTN9Y
EKX4MAMC
H3KKCTXL
ANHLHTLL
L9AN4YKT
FHPK4LYW
CFRX4KKR
WRXNTLR9
HA9HP47H
XHPWAKCH
HEE37YFF
7P3ENY7W
YH9EWEMK
EEXEY4RR
TXXRMX7L
TL4399LR
X9NL7TWR
KAF9XXX4
WY7RARLM
PLFTXEMT
ME7YH4EN
9YPFKYRL
KRYYXXC7
N3A3XTKY
HTTYLTMA
K39NKTCN
TTRY4YFY
T7R3XPL3
9MM4HAMN
3973EN7P
HECHEHCR
KK3MTX39
FWC793PC
WE9KTYFC
CYTCHEHM
9RCXRCY3
3RXENRKF
9CTKEYTE
RTFTWR7P
NENAKN37
KMAAF7XM
RPAN34AN
XK3RHHXP
K4KW4MCK
33F9KKA9
KA94FA4T
94XCMRYX
XPCPA3PR
79KNTKXY
44EWR4M7
NMMHAA34
RRLLFMT3
WYRXXF9A
9CHK7PET
HNWWH4CL
NNM733RE
TF9AAXHE
CWY3CL73
74MAXAFH
WY947FRH
TT4Y4YR3
YYHXPTHA
HFACFE3P
XYX4FKCP
YLYKMEPN
LLNAYAF4
34EPM744
CFTRFR3Y
AN9CNAA7
WWEM7PX7
EWY4AK3F
MKXTTEAK
HEE7ATXL
PKLW4EAE
P3E4NTFL
LKR3PYLH
ACFP4WAH
PKXXX7NK
XPPACC9N
7FA3EW7F
FK3CFW34
E9TNLAFE
MEE3TKCL
YX939WFR
K9P7CH3F
CFPF7KR4
AYAXE3K9
XPWP9YWN
K7FXH4F3
99WENCK9
WCFW79HT
999EYWMW
ANPCW3EW
W4Y94YP3
3CLCNMEE
49HKYHAX
MMRRC7PE
EEXAAW9P
YHFTHKP3
FFRRT7PF
AHPXCEM4
PA97NL49
MPWAP97X
CCTCLHTP
3NK9C9LA
FFYKEHNN
3LCKRHNW
PWF7NNCY
HXCCT3LR
XM47P9N7
WFPWMTWH
TFLKRCY4
MN7YAACA
MNWT93RT
Y93FALE9
PMC93W4X
4LA4NNEC
TX4HWR7N
TT3RRF7T
PRN4RAKC
MWT9AXPN
3447WFCF
MNYCRW4M
CX49XXH4
Y3FMNYFH
YHWT4NFN
LKRP7ARR
Y4NP9ERE
K73EX3CY
A4E3M3YM
37AMEELL
RPLLFYPC
CTNKXLY4
ECA34K44
MWLFA9NP
Y3HXRKYR
XMKWFERR
TTE4NN9T
EF9PFLYM
39WLLPMF
FLHXC9CE
CTLRRXH4
ER3XR34X
TK9HFAXW
P4LRYTFY
FN447RAY
MEF4RK43
NFPPTCE4
KFHFE7KW
797AA3HL
7M4CTP4C
ETLM3CHF
PA4EAFNL
3YR3YLTH
LFMAEYPR
Y7PE9LLX
4MLFF9FY
7F39MNY9
AXTA3X73
XN7MW7P7
NKYLRLER
NR3KKYT3
A4CXXRR4
99M33MNK
MCRACECX
WMMC3E7R
HRNHN3C4
EC7HN7YM
W4KXTXNM
CH7N9ENE
CX9WW9TL
Y4FNFX7F
PW4FAPEA
334FRNPY
RTLNNYYK
3C4MHKTX
4WP7HX9R
EPYTE44E
MXXNMLX4
F3LH774C
L4EF99A4
K33W7NTN
793NAHF4
A7YXKNAK
4A7HWXRA
XTXFFR4C
M9FFRKH3
MFXXYM4X
HRKYPTA4
M7PN4TFK
7LY7FWPA
KMFT94RF
MFNLWCEH
HHPFMPF3
MXYCNCCX
PC4W9YRK
AR4HYHYK
KM3XXXCN
XY3YXWFW
H393PRP9
YC43PAWX
F3FTF7KX
X74N4PWY
XRFFXAMX
3NWMT97P
TPE4X3T3
9NYMLXEW
7YNAY3H3
FCPTA3YW
7AFXRYKN
49YAKNER
T4K9NXXW
RYLAK7CF
L7KPN3KA
PXAKPE77
4NRKP9NM
9MYREC4C
KEW4M47P
3W9E97WR
W7FTHECF
ERFPWKPY
PTRWLEPA
FKAFRK43
RTHAECTY
LETCT9HM
XMK34FL4
XPYWARTA
MAEAPTCY
KLA7KK47
ECNTM9MA
FA3MHHHL
EFM7T4YK
TK7APP7N
XLPXYMW4
YWXCKWLH
9K3A4PE3
9TCF79A9
NCLRHMFY
WWHHRACP
44T4PWRW
PH7CKCFN
WFKCPART
Y34WCE9R
CPECHLET
EXRHR9F9
ATCPWWR7
Y4FAN9K4
AXW7HNL9
LWCCXLYF
C9EXTELH
WAYXTYXC
WFLTRH7P
WPWYFFPM
N37KEHTH
HYPRPCY3
9C94KE3M
APX7TPYW
XXMEPNK7
FETPCPC7
X44NTLRK
A774LM4W
EKYLCE4L
PKLT7ECX
K3WPCKKC
NY7KFTXY
HK993LAK
YAW37NMM
ENF7YLHN
RE77TRA9
4L9MEPCE
3MLEW4WY
XHLR99ML
47HKT3CN
73RX94NR
W4T97TT3
FPRK3AFH
HLLLNYFR
4F7HAEMC
E94ETEFC
X4FERYMM
TYKKRTXA
EY3CALHT
R7WATXNK
EKYLWR3Y
PMFTMR9E
MNN9PWRF
MAPNMK9T
AL33CLH3
P7YTYLNY
TM74XNWM
P7P9XMWK
XXFYNYCT
7HYMMNEL
Y4XFFHP9
R3LXCXN4
AYTNW3LW
THRXA39X
HWHTAP79
9RHTCFPA
4FMPLH3K
9H97A9X9
3KHKNWHA
3MTRTKCH
4PFYFLTM
YXMPA7NN
RK449THN
WC9RWKTN
WHM3LA43
XFX4PN37
ALY9KK77
3YATWR9R
3KHT7TRN
F7W4CNLW
T9A3L4YT
L47XKMRM
7CAX9C3Y
TKTW34WN
LKEHT4E9
A9KHP4M9
4479PCKC
R77XXAF3
7TE9CMLM
XHYL7HTN
CTEMLF7L
YFEFNY4R
FW9LPM39
RTM9HPNN
RH3TPXC4
37FRHYAN
XTMNX7RW
KHENTKCW
7W4MLMWP
MRLK9LN4
3HFHHA4W
CKXTLMF4
HRFCRPFY
M9MRFWFX
7LTYXWXH
N4YTRLCL
CTNTNEWN
FMACCKC3
LKRLPN37
RFCFNN4N
7FLKTF7X
F4RYM7W7
RFELRH9A
3Y3LRKTK
XLWTH47F
T7NT3PF4
4MY3WW9Y
3CCKNTPC
7C3HY7TC
LL49TNXM
4RTLCPNL
LNNCLCEA
ELMM7HRW
PP4RNA3F
A3XKENT7
LTFF49NR
FTA33LLN
HK4PEYMK
X3ANH7NH
XF9FFFX4
KKHTX7TY
NE7YPEPM
YTTT9YRM
94A9P9K7
C9KWYCAF
PENN437N
PX7XCRRP
C49FLYK9
TWFF9XPM
FH93YNA4
K3YL3NL4
YTYRNXM9
YLXEKTCX
M9TMEPC9
KYKM7Y94
MWLAEWEH
LLTEXYPP
AHE9ML7R
MRKF3MHF
NCNWLAFA
KP3KYY4H
XPHMALWC
M4FHCKEP
XA7943YK
HP3PE4P7
Y9P9FFKC
PNTWEAMT
FE37KRAW
XTL7WT94
LMMWY9XL
WX4HLMAF
RCMPF3KM
NT7XFLL3
3HKCPERH
PX4R479T
FP4PANLT
X3WFXFHE
EK9RKKHF
N9HELX74
EXCET4EF
NWCWP7CY
PAKX7XXF
AX9RAKK7
RKHH3MAP
PPFPTA4M
RFM4K7HR
9XEA3LTP
74474TYX
4RF4RYYT
3RLTFN49
FW49WLFA
NKYNPWE9
KE7CFFTK
3F4AHTXT
CEWX94TE
EMKAY7WA
AXWKHPMK
F97HCEAW
TX4KNTCH
ARY7WNXL
KRAPFTLK
HEHAWLWY
K3X493LN
C934RPK9
WN77FKNL
RHF49X3E
RHRWT9TC
PFYFK4MP
H4PEY99F
NWAKKLM3
R37RMRYN
KL7TH973
YEL7YH4R
Y4WYPEWR
AHTFXCL9
THXFMXMC
9HWNARY7
EHELYEPF
4RKXTAY3
LNFCFM93
34FMPANF
P9HXYFPT
RLRE4AAR
L3HNHCMN
NW3LHYTR
NHPR3EW3
PNWRXXHK
FHPCEMKK
T3TAY4AN
XKFA4E3N
99AC3MEA
EYXXTNKX
LFCT4TP3
3HR4NLWK
AATW9MPX
L79LPH3M
94W47KTE
4CK49XY7
ER43W4YN
CFEYC33A
MMP3PEEE
CWTKMHX7
CRMM7PPF
FAMYMM3M
7KPLM3FL
7YH7CMF4
C9P44CA9
CFH3PRFF
AMYK7LWF
C4H3HRW9
EXRRKM9W
RWWEYHN7
AL9XN7K9
CLKELC4Y
9XN44TRX
3FYL43ML
744RRN4F
4ELAYMPH
73AMAR4C
N7TEYFK3
NFK7AKN7
YF9MCXRF
FAAT7MLW
XACKFENC
HXYRL7XL
LYK4KW7R
PRHAY444
C4M9YEHH
CH3P3MP3
LHNKKXHT
APNXFRYX
HWR4CNE9
C4TFYLMK
CLMR7C9M
4EPXEECK
AX4W74C4
WPKT99WY
M7MTRH73
FFPM4AKW
XRNFXWCA
PC9MEYHA
EYNLTM7W
WXPE4EKM
3YMHACPY
HMMY43HX
KMYMRY77
FRFNXCEK
MYRTEPFH
XMHAW4TR
WKTMR3XN
R7H44KN3
XWXXCYWT
CXT9W9HF
49LLFKMR
9CAMEX9L
PNKEWMR7
3ERMT434
FREW9E7H
KPLX4LNN
9YNFX3EX
3MC43PMH
3P7NYXF4
ENAX4KLR
93YCWF4N
KPEYHRF4
HNNL3M3R
3F39PEA7
F7R3NKHC
3PAT9K3T
P4LCK4KN
XW9RA9H7
LK7MPP9Y
X437P7CH
A9CH9X9A
CTCY37C3
K49EN3W9
MK33NEPW
MLATKH3M
7PWLYRP4
TRA7497L
PFN9K9NF
9MLC9FMM
9RK7PAER
TK7KLR9T
WMRKXFKT
4FXEYEE7
ALTNTENT
C4HKTRXR
XCRNMCAH
4K4RPYNF
3ECRWMLT
XXCXPCLR
49PPKXRF
MCELCH9A
XK4EXXFK
ERRX3YCN
YYLWM77F
YYTATLNE
CALAT4WR
FMRHAL9R
Y3RA93KR
3FE9C4M4
9MLTFRR4
MW79CNWP
CMTT4YHC
4EM94RW9
WLC3AKPM
X7WFXYHR
K7CWYCR7
MKHWA3TM
ETL3PRHT
WXM773K9
WKKRYKFC
CNA3FME9
L3PE4K9F
T4NFA749
YWXYNYNT
CWLX33K7
4WCH4YX3
EHRHN9KT
4YR3KHPE
KLRRWRCX
RNLKYX9K
KXN3FPAN
MFWC4YEE
KFCFTW9N
HKARMR7L
TPNAANAW
437A4Y3X
HYCH34KF
XE3WL7HX
93PM3EPA
3PE9RA44
CM4WRMLM
7PFLE7R3
RC9TLYTR
4YWFWPMX
WTTMLXH4
M7FH94M4
MXPTWY43
ER347WPA
MCX37MLF
NTP4LHRN
EKLWYXPE
TRHTTKA9
T4AXR4WX
4MMKPCM4
ECHY7FNL
LNTXPY9F
EKKPKPY3
HKAMWWEK
THYLACPF
NPRH4CPY
YAXKHPWK
H3F79EC4
A4Y9EYA9
7YXPN979
CK94YL3F
KNNHHTKH
CFNY4PXK
9MT7LAC3
LYK3XYM9
9LRPEEEY
L7HYCTCN
Y4FEMXYE
M3RMPRWM
LHKCTKE9
LWF7437E
9NX9XH4X
PY7HA4XY
XXTWWCL7
XFNMMW4L
HT7XYX4X
LLYKMXHX
4TWYPNAT
R3HLE4KR
WET33LM9
NRNNC4LR
YR93YR7Y
F74LLLMA
M4N3EL3Y
MPMTAEHM
WYL74XPA
PMY79XY4
ENNHWATN
KFE44F7W
W39XT7F9
P4MXXNLX
PEWCY77M
4HWYNA9K
EK9KM7XA
NMW4RC4H
NMFE74HE
HR73HPL7
XXELFCXE
RLCMMEW3
FWPNLY9T
ANM3E49Y
3MAPH9FW
YHNMANA9
XRMHF4LP
ANNALRFY
CR9HXR93
KRNX3EXM
PE43FR77
RYKYY3HF
W3KM4FEE
PTLE7C43
KEAT3CAC
YFTTWTHE
7KHK4NFM
YMNCP7T9
XHPCH9RR
R4AANAPR
MHTYYFMN
ER7LENAW
AFC3WR94
EWWHLEX3
FXKLXENM
X3RAPE7E
WEN7HRLN
HA9LETLM
3RFYAWTC
CXWMNHRA
KL3FYAN9
E4KMMH9M
3XXNH9N3
W94P9NTM
YKRC33K7
NMFHKTTL
9RPER7TE
3TTAPFRN
P9EW7KEK
XRPCTLAT
3XNC9F7L
44YAHXTW
L4AXYEY9
HY7XNWRE
L9KFKC44
7FCA9L47
NKMTCLCK
7FMFN9P7
CXRMAMMN
PAYATCLN
WFNK9LEM
FCFF39Y3
ERM3AA99
CY3TCMWE
R4PYMXFE
9RHHTM7E
WEMCRE7L
NYYRYC9L
XTCRYH73
N437YEM9
AKYLRRL4
9APYTELA
LLCXHYYP
RHYXFHYY
PMXE3T4C
9P7EWFLP
WMNYXMKY
X77W737E
3A7YNHTC
PLP4WC44
KXXLT4NC
NAE47TLP
7WCWX79L
KRAY7NFA
CLYFYMCW
KEWLW434
9TK7NLPN
X9ALLA7T
PAAWE93R
FCEACW3W
FA34TXFM
7C37HEMN
HYHKLMLL
3HRNNP3K
39RKTRA7
RPNNPWFK
PX9WMFFK
9NWM9FFX
APECEWTW
FT9NFT4A
74T9MCYN
FEWM4ERK
YK3KPWCN
RWKTRAFA
TMNMPATY
4HNNWCEA
4HPF933E
K939P7HL
P3N9KY4N
K3PRCKXN
ETFMPAYY
RWH9AYT3
9REXWYCT
E7LEKP4N
MYKXCRCH
L99R3P4K
YHRWAMP4
K9TC739L
RWAREAXA
WAMYW37H
4KTA9YXE
AK7FF9XE
4KRXKKHM
XT9WMRNC
4H9EHHPW
4LPE37RL
FKT43XRE
F3RTLMHC
TN9H9A3Y
HY9K7KCP
XNN9T7WE
LMR3ERHX
F7NHCM74
EN3A3MLK
M79YY9FH
WXTK33Y9
RCNM4XXH
4YRTYTFY
YE7T3MAR
KRM3YPKK
4TT9HWFH
YYN4EWXF
NMRYTM3W
H4NTFLRX
9AHERNET
NP3EEPPP
W4EYW7EC
R739TRK7
99TEWNMP
H9EKAEWF
NPY4M9N3
WTRRKTX7
9WYX3CX9
E9P4LM3T
WRRFCA4A
9RMM7A73
WHC77TXT
HCKPHAXA
CF9FTWFP
KC7R4XKE
RPP9ATRC
YY7FAXKP
7A7MEXLR
XAPWXPLW
WPK3AXAM
NFCK9LLY
7ARE3CHM
WCRPCP4L
HXRWMLT9
WCWTM3PN
A737EX43
M7W4AFWC
MY3KPCNL
NACCL44P
TXLP9KCK
HPACTK4X
AYP3LWCA
KLACFHFN
EYHH9RFH
PLXHK9YW
AN4PLTMK
7CP9TCE7
HWK3P4RT
WHPXK97P
3YCFW4LX
FYCRCNHM
R7P9MNFR
AT43CHYM
CATM49F4
XA4TRMNL
EKKTWCX7
AX3EE4TT
HKT4WRMC
HRRAN979
YARH943E
WKWCRFHE
CCCTPPMH
ENTRYNAC
PKYFTENM
9R4EPFAP
ACXCYACE
3WWKWAPC
T3KRWLTR
PKPMKCT4
TM37RPWP
KAMNHKCM
X9X3F4AK
MYWXT4NL
PTKKTWEH
X4ALPMHR
4YPC4EAF
7K33C3F7
XCPKLNAT
WNFCX99F
WHYMN73M
HPMYNXEL
XXCH9EYF
FRNRAXWT
HMT4P7AA
RPCNWF73
4CFCTAL3
MRM3YAKW
7MNCCET9
7PWT7FFE
7K7CAXKA
WYCK3RCC
XMRAN93W
EY3CCKM9
HMF97NY3
AHRNPTT4
YA7WXPRE
MMW3HREP
RTK7EHAP
T7FRFNPR
LXRTLXNT
4AM9HXPT
L9WKAAEX
3X3WERKP
77KH4MNC
YFH94NAX
XW39PR9R
MHMTTF4A
9TYNWPA9
9RHFLLEM
EYCHYYA3
ELN3RLPK
C9M9MPTY
P4XMMTCW
RC97K3RT
FFFFWE3W
XRNKYHKK
H74LARMY
9LC4N794
AK7KNAMK
PR4HLWA9
3MPTYKCR
HWWWEEXX
XTWF77CT
3AT3EFXT
CWY9H7F9
XYNYMELL
3C4MFKXE
3C773CWL
AHR3EA7T
YX9FLK4M
P4EHTLHH
PL9WYRYF
CA937HMK
LE37WK7N
HFMKY4EK
CCT73TY7
HLF7KXF9
NXMEFCK7
XP4T7AHX
MTL4HRRR
39MKRPAF
7WT4XYCH
XHA4A943
A9XLTXKN
A9PRTAF3
XM7R799H
MHM37E4W
NMTRT7C9
PFAAXLYX
MLWWXF74
49KY7PAW
LFA4PLTM
TLKXM3EY
C4LAF9PP
93TW3HLK
9ACKTFHP
RX9PF7XL
C3YXEKXL
M7HWK4CY
KRFLM4EA
FC7P4TTA
9N7Y937F
XLE9XNWX
CFELK7HR
LM7R3W7X
LMPLYRW9
LT3LF3R3
H37NT94H
MHFPL9L4
EKH7EW99
CEK79RXH
43TFCY3L
LRRPRFYW
R4TMNWPY
ERPKKHRX
3YT4WPPW
WX4LC3XC
HEPPARWR
7L3XMTNA
4YC9CY94
MHPCF73W
W7TCYRFM
TK733L9R
9YCPKYNE
3PFC3TCW
HW44LF4N
YXPWKY39
99ATHFYH
37M7F3K7
WFKWMNNM
TXNWYMWC
7WER4YT3
K3KAMA4M
E7TKCKKF
LTE4KM7K
PKKC7TKL
RPXXNAXN
FX9NRNCE
4CAWRARA
MCXFEYWF
WPXMR4CT
4PK4ARHR
M47497KN
NPKCYLAX
TCAAFXH7
YRMPH3CK
N7F4NYTH
9KFH9F9M
4TYNW3M9
7AMW4ENF
THPMAPAT
LRP4FH3W
9CFTPPH3
P49F3LHY
WR9HWKYN
ERWC9FA9
M7AWMYEA
EXA9F73C
9AFPYMPH
XX7EATHN
4T4A9NT7
3KNE9ECN
LYL3K43K
P4F9F3R9
RXYML434
ALY9LA39
WYH4FEHH
YKMRA9N9
AHR9T4YK
WKYKKC3C
TRL39KHX
4NT99Y7Y
WK777K74
PHTKAP7P
WXYKAX9R
KA93EHRN
MFTXKNC3
XY3ANC4T
M437FRX7
LTAYAWNL
YPL3CK9W
LFFPYKPX
WYLKANKY
K9AAKWR4
AY7YKPC7
TK9TEA7L
RLPCWXKA
TT9XELRH
CKEHL3L3
MH7WET7M
3FCKMWTT
4WNWM7K9
KWFKYNEE
N9PWP9N7
YPXE7HR4
PPPLATCF
Y4ETWXAK
X7EYEPCK
H3WMNAKC
NTHKAHKW
HPWXX94C
HHX9PERF
4XX3LL39
3T3HMETF
LPYMAPNW
EHA4PRMP
NT3YWLCP
E73XL9X9
TL9LE7LM
FXM397LP
Y79MLYHN
E97K4EEK
WRXPKC3N
NHMNK7RA
AEF3R9HY
MNXWXT9N
9KKPWTXW
X77HLNKK
MPCFFPT9
9X73WYKW
XPTYNY99
X3APTC9R
MX73KT44
H3H3LMXT
YTRYN3EM
R9CNTN39
C7XFNT4R
KKKMLHL7
CRWXKY3E
3L4KRNYK
9XHRH7NE
CE7XML3F
AREFRFF3
9TAFLAR7
77HL3H9X
TP39HYPN
FW7EC4P9
XTWNHKXK
CAEFE9A9
XRCX9AKW
WPMRE3TE
Y9343N7F
TRFFPRLW
CKEXEK3H
C7X7PRNH
K9REHCE7
KXWMCWX9
PYKY9XEW
3YX79MNW
WYKKPNYK
E3WAF43N
LC7NWWFL
CXPEY7A9
CMXFA3TY
YHWF3K9M
T3WYWNE3
AYEXN3M9
3XWAM34M
NLRTL479
AKAHHEHE
NNNKP94H
WNYKLCCF
7RH4ELMR
KRHPHWAT
C3T9PXAY
73AE3FWT
MC9KY7Y3
3RY9TE7M
HHLMLT94
NENTA4CR
KCAE4F97
K3RCC7MW
WYNKPHAR
7LKFNF3K
P4F4WTWL
X39HACMX
NPRNNXN3
9YMM3AXX
LLL7NCLH
MPEWFE7Y
4R7N94HC
KTRTEH9M
CTKHPXL9
WFXL94LK
WNXNMTCN
W4T74TER
3H4CYCEY
YHN4C7PY
YT9KYRKN
LYCYA3FL
TPWENAHR
LPMAPWY9
X7EKH3RA
MNKNY3L7
XX9P9NPN
AR94FFE3
PAX9CFAW
7KRFKP3L
PCKAXMPT
C4RR7M9F
XEFLFPY4
NX9X7PMA
9PT3F3EC
RAYHPCLY
3K4E4YXM
L73TMXCN
77RWYYPH
7ML49XY9
F79KNTRY
YRWANKFF
9K7WWAE3
4PMHNAMR
A9LKYLL7
FP3EKFNA
KNEX3XYP
NP3FWFNC
ECYWECYX
LP4PTFWM
3K4KEX3H
LHTNLPYM
FRXREM7R
HM43PKWX
99CHFF9W
4MKCKW44
9K49RN4R
KFXRAWHF
HAXTLWY3
HRH39TKA
NAPFXPHL
CKXA34KM
PRNT3TCE
CXKWYNKM
X49TTCW9
PF7NHLTP
4AFTL3LM
MYPP3KNH
HYELY3CX
4XF3MPHF
LMNKECAN
YRKRNMA7
NWL4WMNL
LCTHYFF7
RFTRAKPX
PWTXHW3N
YPFL9F7C
3H3YAWF7
X3NEKY7T
TYLNCRRH
P4C4CHM7
AR4FFWE7
ALX3YY49
9L93YEW4
MPPK7WFM
YHLYKAKM
YNWW3PY3
KNL4AHXY
X9W3E979
ACHCKPK9
NPYHRXNP
TFXYNK4N
49TKHER4
LN9R9F7X
WXXY3LCM
CF7737T3
T7PALEPM
XPCATANA
9P7XA3EM
LPYFMLWX
WFYPEKFT
PNXW4HLF
TLFNNKFR
KP9HLPYA
7NEYTEE7
79LFPRCN
EMMEHPN7
LPEXRYTH
C9WYHAY7
FTFHT9HC
RMNER3HP
NKMP3Y39
AETEMP3W
CWLYR4AY
94FXMKLF
YYEKMEYT
RCL394NP
ACA39XNW
H4NHNRXC
9HHRMAMF
M3EN9HNA
RENWHTEL
MYMHMYNW
NAT4WM3F
EK7RTFHL
H39NL3XC
EK37Y7WX
W4PEM3C9
XYW3AXNX
7W3E4LR4
PPCYLKWT
YTWPCARA
4PFWMW9A
XHY3PMAY
YCEANWTH
CKFPWKWP
WXFYLXX9
XX3FEH3X
XXRK4L39
3KTRRKKW
4EPWHCLX
TH4X74T9
NFFAH93K
RCMEHPW3
3FXCE7P9
NLTP3XCL
KK7YE43C
WA4TYNXE
W47KTLWF
FP37CPYY
XXLXFE7F
AWKF3ARF
AKAAAY7Y
YFXAP4LY
TEFC7PTF
WMY4LPRX
RHLXFYP9
RCWPHCWK
7PF3YK9C
Y7FR7LA3
K943F3YY
Y73PCLPA
HET3WHXT
AKNNLTEK
RAYWYLCT
RAEK3YEL
APMLC9AN
AKLWMLPE
EYRCLMW7
X9WETCFW
RRMP93F7
NRRTHP4X
N94CAPKM
3YHFYXEN
FAM737X9
XFTRAX9A
XKAKWTW4
3KY4H3C7
FRYYWPRA
YNNEL3AM
NLKM33XP
NA4CRXLP
HLRH49EW
LF4PNP4F
HRL4XC9T
RXKKMKEH
M9XH97KC
WL44MEHW
PMLA3W7Y
97PFH9TK
34XXCXRF
M7AL3943
ELNCXRFE
NT4NXFNA
WTX7XXKY
FET4TCXN
Y9R4TKEK
ENFPKHM7
9CLN3LKA
N9N3CCWK
TTNRTAMR
XAHPKWPF
4WXEAHLX
EHL9974E
NTLAKRKR
9AXX34F4
4EEN7HWW
3RAMCFHA
MM9LFML9
WRP33XP9
L3EPYLX9
WAF7MKE3
LXE4YNM9
LF39NPLX
4FEKTXPA
C7YKY3P3
FK3E3MXL
YTLMPPKC
HCWAEWRT
RECHPK7R
TLK3N9ML
LHE9RMHY
TYCKX4KY
A7MWP4WA
XMAE3NF3
4YRKKNXW
L9T77CTR
3YLWY3WK
NX99KCEC
NAPALFH4
44XW3WFP
AL4AFWNW
9F7XX7TL
4MHE9LML
KWMTRT3R
7E9EY43R
RP7AT9EK
34YNN3WA
TEC4A94X
R4TXLE7K
E7FCELXF
T44NKLWL
49AFTY7R
73CLCWLN
T9Y3FX7R
7XME33AX
CX3H3RKL
L7W3L7FF
KCTACKRC
9LFPYMYN
TP943RPK
EKHANL93
4RPCXY7T
KH4NK7H4
T9XWAXTH
PL3TTYA9
X4C7FPW3
KWARR7FC
HC99E3PA
F93AYFYY
AKWXE3MK
L4KP79AA
MXE9333R
43M3KCKX
347YXTML
99PA9TLL
LKTARMNL
HF993ECW
C3YTC999
TL99L7PK
TWEH9PA4
3EW9R4FE
4RC7NHAP
XWERY9TA
R3MKMTHP
3YYPR797
YM4WA4WH
T7WCNNN4
HKTKPKXE
MM7NCEHN
H44T4YF4
W7LWWC4H
MXYKL34M
7MWPC9TY
HA74XRAH
A94KLXHK
AATTY4NY
X3R3MTPP
4M7XNF3E
ACWWPXNX
XE39HLFE
P94KHTNA
TC3T4PMC
9RYF3YHW
TH7XMYMA
KAX9KWH3
3ECTF4RE
CNALRLXY
F3HE7H3T
ARLKC3H4
Y7PWCX7C
CXWLHX9Y
CWAMMMAC
FNAHNFFL
X3KLWLKH
XWCMCMYT
FELYKLPE
RA379WXX
3HMNHNKL
E3XNHKMM
ERMNYN4E
AM7MLM3A
7AYRYTYR
9LE4AH4P
PXRN9EFF
C9PWFKEW
C4YNFFE4
ERFKCT9K
3NTF9RT9
FX3YWHLY
LK4WTF47
3FYAHL94
PFCPKY3P
TLLANYXM
PCA3RAHW
4KAWY4RK
T49E4PL4
4TEYKAYW
4WMXXX4H
Y9A7RM34
CMEYRHX4
HXH79EYH
C9XCKX9M
34CY34CE
7MKPFAEA
4Y3CRWEW
FMXMN3XA
LC7MPXFA
HECNHNLK
F3WFWF47
NMMC9NMP
KX9T73A4
YKC3FR4W
RXY4WYNH
E7WFNPLW
9T4WCF3K
3P9WYL9K
FLY4NLHM
K3AKERNX
4YMAFTNY
737Y9FYF
C4X4YFEX
N7YTL4MK
7PF3P9LW
HKAMMHM4
FFHNLCKH
334YAAPE
CAHF3KKN
REWFRYPW
RTPA974A
PXAC9E9F
NYEKXKN9
NK7WTMA9
9HHY9WN9
3M43RNC4
P9PWENNR
CLLFX7EN
YAEYMHRF
NYLTHM9F
PPPAYEF7
ACCXACER
KR3XLYY9
RYXNK97C
FMFHR3K9
XE9M34TW
7TRKWPNF
L3734TAF
4MMCXFRX
4YTTACAH
HR3HKXT9
YL93RYX4
YREN33NN
3E7W7RKL
AY74KT9L
E43FRHFM
4RYAKM4L
AR7YKPXT
YWHAYY9E
AEHMN3KT
K79M7KXW
MEL9TYPW
77PHM4TP
4XMFNXEM
N7NL47M3
WHFCY49Y
9YA3AMKH
3MXFWTPM
TK9L3NL9
4PXXMEKM
PTTRKREP
ANNEMHYX
XFTFNPP3
XX47RPYF
AEHE9747
KFXM3CWF
HXFT9NHH
WM3YNY9T
L3YECH7P
CNYLNTTF
9THHMWHM
RPNXTT3T
RLCYTTXX
FRMNMPX7
PRMCX4Y4
7YELCCK9
9KFHMY33
HFKFT4K4
9LP93N4X
KW3EMYL9
EYKXNEYT
NHX9HTRN
CN9CMPEP
74RFANR4
F3ELTEXX
L3EN94YA
AEWRPFR9
9M4CAACY
FCW7TWHA
XK3LYPAK
4KT999FY
KLCN4E7A
TWRT9XYM
M3XECWX9
KW7ETCLK
XPWAYE7X
A4KK3H79
7MRT994A
WXW7YNAK
NTHKPXHE
CLT9NN3X
RRKAPLXC
3LLTT447
NHH77HYW
FELCX74T
NAX4FXX4
9LFCTTM4
MFPL4YRK
HLENHHMW
X3CPAMMH
3CT73CYX
ACCNTFHY
TE7YAHY9
KWHP4FCC
PP4A97XL
MP3AY9FM
YKWF7ACW
N4E97WKM
TWXTTXK7
WPNYPFR3
73MFXKHH
WLLTMXRP
PL3PHF74
9FRNR9LF
CYYYR3TW
N93PELLA
HAP4LYLL
47RCKACN
HNACX9NP
A7WXFWP9
CTTTYWFC
KMMRLPHA
TNCN3R3P
KMHNKYE9
TLK4RP3F
THWMCXE3
NKWEHMAT
PEKMLYL9
TLC9HHTL
XCXXM7C4
3LR474XN
9KP7KYKR
N9RTCHA9
KMTEPPE9
AYNKXPAK
TNFLXPTM
KRXHK7CK
Y7A4RWAF
YNREYMET
ATCWPRTY
4THFTLMR
WRALW4WW
XEMPFPLX
M739THWR
XHEMWWXF
E7WPR4R4
ACXK9W3F
YPYECCFL
X7RTPLXH
LNCXK77E
EPWNL7C7
KFFENWWP
94YKCY44
AC7H3Y77
EYMTX7YH
MTWFALHT
YPCTN33T
CCPRTTE3
TPYRNAET
NPENWTTP
AYEPNEFA
WPXMKRMY
PAELTPR9
THC43YFK
R47AM9RC
YH33N9EA
NKM44RME
WNNAWPTP
3C7WPKYT
KLCLEL3E
WHAHC9YY
WH4PRTXM
7KNEF7NN
LN4KATXP
WA9Y43PX
XEHRL7KW
44XEWCP7
LRER9YWN
99AYWHCK
WLMXEYNN
HH9L3N43
9W3XNARK
RY3TW4RC
MFPFM7WM
9R3KRRAY
FRH4MNEN
AR3RHP7K
HMCE39AF
4AP3KRWT
HFAC94CP
PMXK4T3P
WYYM4WXK
XA4ACCLC
T4MM7XLN
97M9L34T
EMCTK73H
A9XN3A4E
TH74C4AC
M4WMHMMN
9HWYCF33
37RKKAT7
NH9HE9ML
YC9CNXTH
CLKE9M9E
Y39YHXFW
XEC3RHXY
79THTK47
EWF97TEY
PWKN7K9M
4PHFXXYF
3CHC3WYP
AL4P33MT
9FX3EXEL
49PMCMRE
WKAWTW49
REKFAEHT
T4RCNMLY
CK7A7MCX
94T3H7RT
T3NHR339
L7MTXTY4
4XKCRETW
RY7AFWMR
KPHEKTMT
XFKCPCET
PHAF4PCX
HNEM9LEF
XP7KNCTP
C77H4K3W
WEFYEYA3
FENHP3WW
FCP4HT39
CLLFL3KL
4LAW94RH
9LKEY7AA
RH33NW39
4RMKREMP
9TFKYHW7
YENR7H4E
M4LWAMNP
MHCYL9F4
XYLHTYCY
7XFE7R9E
TLEKYH7R
KNKXAPPN
3AE9LTT9
4F9RAR9M
M7CAEPFP
34APRK3A
3KXCKKHE
YXXWCL3Y
PMX3AMMT
WW9RNHMY
WMPEMWHM
LFAL74T9
7CF77A9C
EHRHP9HY
NX3FYHFH
7NM97LKF
APKATACK
LKMWPP99
AEEMP7LF
H3M3TAPC
KLFA4M3R
W9RTRMEP
EY9CNCRR
97PL7KH7
FWTK7A7T
KN7MMEH9
TYTNHLWF
X4E79EKC
EAKTE7TE
TCKRTMPK
4TYXTWMF
F9WKLKLA
EAAYRT7X
FLPECLEX
MCAKP3FT
KK9AW9WN
W9RN4E4A
TXY4NKWW
E9HWE979
ECLC7K9R
93P33XR7
AT7EMMW7
AFWHNKWR
4NEYYKHA
EAXYLARF
ALATARCT
KR93W4KE
LHYYKE9L
LNKLCXHM
C49WLWER
XAHLPTKM
AYRAR7RP
9HXLXTLP
CWLYX7RM
K7HEEE4P
LPLNLM9H
XW9YWW3R
9MRE7RHX
KXMHPPEC
H3RPK4AR
CT7FLHAC
HAMYT9PR
CY9CCNXP
ATYHWYWL
CPTTHPP7
HWNPNETA
KF9CAHAP
3RYP9RMC
XPHTMHPL
CN73AFKH
FNELXTLE
3NP3FPA3
TR93P4CY
LMFE4X4W
TPCTXPPP
ETHMHXHT
XHKNCCXW
RKK4ACFR
PR93TY9H
TP4KEK7R
PTNLPFNK
RH33PCNE
ECPTNCPM
RMTELE3A
F9X9Y4KX
M7TRKRNA
7HA4W4TM
474HE4A7
HT9YNENL
FHK4WFLR
4NEP4YEY
FTEN3F9E
WX7YCLX4
3AKKWRCM
PHCTRNRA
C7KM4KC3
M4FLHM4A
K9KRLTHE
HPLRAX7X
C39F7CM7
4MCLAR3M
49YNEYHW
LLX7HPHN
N9AYTRLE
YECXYTLA
37WT3MXX
ARTHRL79
N9MN93LN
TX9N4FHK
E993KLHC
MLLYW3R4
4ALENTCL
YTKTKCMM
AX4HKCXN
N4ETN9MY
FNHAKWMF
W9HCAXHC
9XAKF93X
FEFMCH74
HL4FR37H
ARP43YKH
MEHHYMAX
TWAENMKY
HK49WHHN
7FAEKN4K
4WYK4LWC
AAWC9EEY
Y3PC7WYN
ERNF4KK7
H7H979XT
YCX9HMMP
PAHWX444
EPPTFNXC
MNXHKEH4
9YLL77M3
YKK77REX
W4THTHNE
3XWRHPPL
NM4FWTTX
YMET4XNW
EKYXEC7R
4NEXRYA4
NLCFRNLP
ARCK3ALP
4H3KYNEX
TFNN7YAL
TFELHNAH
A43LX9NX
3FMNFNN9
XTCYLMAW
KF3CM7A3
YFY4CKL9
EYATAKCY
Y3NA4A77
3AK9WL3L
EMA4FLHX
L7RATTKC
4XFK74CE
F74YFMFA
7CXY7344
7F4REEN7
9F7KM79H
F3HCRYAH
AWKNFYPM
3C93EWXR
HLREFTPH
NPK3AP3Y
YK9R74AK
4RLP3LNH
CP9FH4CN
R3C39WEK
9N9X3YK9
YHRW4R9T
LMMN3KN9
MLLY4L3A
KHT4XCNL
WWX7K7R7
XCWXEYT3
HY4C73KK
9YXMEH4N
XLMY3MK7
R7NFCAF4
339A9YKF
7LEFXYR9
AFKMPNCK
H3KNXWPR
F4NCHMYM
A4LANTYH
XLCXHP49
3PCNH9WK
AN4L7E94
WXWC3YHW
M3PWYRPM
9N3W3PTF
W3HEP4TP
3XPC4MCW
A9FPHYKH
CH4FAAML
TPFMTWT7
WN7K7LKC
HLTHW944
MAKAEYYR
KFNKWAH7
AL3PLK7M
CXX4TLFW
W9XMHKTA
FRRHXAEF
W3N7K9PH
HAY43MRP
4KRT99TR
M3EFR9ME
ALR9TPLC
A74LFLYY
XFKXENRY
LR3LMNYR
4FENHW43
7YWL9KEK
TPPLWF3N
KP7K4W3N
4WLW4PHC
FC93EYP9
PMW999RK
TM3F4EKT
MYERTMLK
74TE7EAW
XKNTAL3W
MC3NXRMM
FNCP4Y3H
R4NX999F
7EMHF93N
NKCHPACL
M4FXXA79
R7EPCR49
R7AECXRA
WRKT73FE
TERMWFWA
P9PYTT4H
MY3CP4XP
APAECR4T
TE4MH7E3
77AYFKHY
K7W7WRAH
W4FPWL7W
9RFWTEAP
WH4NEYCT
XYAPWC3P
YACWPP3E
FK94PKHM
A9AWY9P9
HXMFNRX9
HYEA9LNP
3TCYTH9X
YAHLAT7M
4PWE9F7L
7LL4PAT4
KLRLMHFM
9PPW9MLK
7HKHEA3X
EMMKPEWT
WETEWRAL
9ETY94LM
CMR9LTYP
RC4FKNFA
Y733RA7R
4FYP3RLX
PEKMACH9
TRLKPATK
YMEM474R
A73XF339
7YHLCKW7
3YTWPHF3
KLEPP9HW
7W7EN3HH
99PHYK47
YLM949T7
NWFT9RLL
RAXLNRF9
C9WLPE9N
HWCFMHW4
F4T34W39
EARWNYM7
PYKTXXHC
7H7CXHAC
H37YCRYC
MFLKXAHR
PKPXNWXH
K34M3YTA
TEARFLHP
WNK93N9R
PMPFYHH4
KAERHCT4
WFN9AKEC
3FM49RHC
CYXKTYRT
M77N3H7E
LF9HX49C
F947P7XT
4CWWK3EM
RTLFFRCE
M4ETECAN
PCKEL7PK
K37FAWPM
MKKXTXKA
HX7NNX4L
TF3FLTFL
FKE33F7C
A7RLLCPA
LLCT9PNN
LYAK4EEW
R4YFYPRW
YTCEK3HM
NLXW7WTX
YR3HMNKC
NF7XAAA7
7EY9CPCT
YRRPYRXE
EW4XLLKF
NHTTP7XP
Y74EWY7F
4LNKXNAT
AMKXM77W
LP73E7CX
9FC7EXHR
XYFENW9X
LT94KH4X
HFF9H7TM
9NRNKXF4
L3LWFKPA
A4C3T9LY
MAEY4K3X
TPNRHPF7
3L97LTHK
3RCCLHP3
4LXTE3M9
FCN94WHH
34M3W7KW
FW7YKTFE
PPNMLY43
W49KPMAL
XAWX3RTC
MWMWYAAW
4EW7T49X
HLLTTNCC
PY9FP7HH
CAAF7HAH
N9AENPK3
EWYP9F74
HTA97NY7
43TWNTFK
M93EY9M4
9TFFENYP
P49TX7WT
Y9AXNHM4
CRLPE44K
MTNARFEL
Y4KE4MAX
M9CCHHW9
WWW3TPEM
3EYRWMLA
9EXWWXLY
MLPTTHYK
TC7344YT
PWAENYMX
WLEKNRPW
N73YWYEE
REN9944K
PKRXKL4A
RNXECFE9
XMR4MXKC
EHRK7PNF
PKCTWCR4
3M94NHFE
PME79FN4
HTPFLX7W
XCYFALPW
4PHFXCFT
TPCNFAN9
R7XALNXW
R7AWNHTM
7TC7MMMM
PWWFM7CL
HKTRNLXP
K77M4CKC
7TKA3A7M
9MMEA9PW
4C4EHEW7
4EHXHPRH
WXTHWLHH
H79KHCML
74XFXN7F
NTM74NK4
K93CP3WY
N9PANK7Y
99R4MWTL
9ET7C9RX
N9L3AWT7
HA3PCRE7
PXRCH4MC
METL3TAN
RMWRTLMN
TXKTFMAR
7XWPXRFM
AC9P4L7C
L3WWRNFP
9AFFK9W9
ENKFLCCC
WXKWR9ET
97NAPLFF
H7APERW4
CE3RMLXH
HTXAFKA7
E7X339YY
KYPCAPAF
FCTK4CYX
737YRHE7
NTYYMMXR
CLN9LELF
NEL37AXP
EE3PT7AW
LWTWAFH9
X7WNFF3R
MXEL3W37
LFNL4XN7
9HHFMRXM
YK3AHMAC
YX7KM7CR
PWPYWM4F
FN4TWEYY
PTTHP4XE
4XTHLTXA
ANAKTYRA
PP949NHX
C3E3MAXA
4Y7YL9KX
TYCNWL9X
YN3ECY4A
NTCAAC79
PWMNNXAK
N4FP9KTC
XNXALTKW
XCTRC7FL
9RMRPKEN
FH9R4CX9
9WKTEANC
ETYAKY9P
Y9KAPNR3
ETA4HWFT
W4XFLAE7
W3NCXYM4
C7YXYYXC
AA3CYFCP
PFYNEMHX
YAWW9RHP
XKFPRETC
E4LMLPWA
AANCHERX
YKWPA43M
XPHYA43F
HRE4EYN9
9AAY9HK3
HWYXHYY7
TW9KEHR3
YLAATEP4
XPXCPAWT
W9MRLEM3
FTHEY3ME
PELRCAL4
NCCTNMYA
7LPKMLTY
LET7ML3A
4PAYMLP3
PRMXAATM
X4RX49NW
7AC4TMN7
E33L9WP3
WH9KCHPE
XL4NWTRN
KXCN4EH7
FW4YNMYN
WMNXHE33
WERN4R4Y
A4LXLRN3
RR4XY4FW
MNW4YMA9
YAHH49F9
WEHNN9PL
L9RLA9XA
9PYHLWXA
PAFC3KCR
RWPWLPH3
YT4PE3FF
399YCCW7
RX3NAF4K
3YWWT7FT
PNN7P74H
MXELKMXH
TFN93NLE
NTWWK7X3
7CKPFAXL
RYX3AYTP
MEHTXL7P
RLXLKKL9
MFELTYMM
WFPWYW44
3EY7WKNT
R7FFXYCK
M7KKF39L
CNPYRPHC
HCCXERX9
PAENNRR9
H9NCNF9C
LA7EW73F
PWNPMX7K
P7P9M4Y3
ERNX4MCY
FRTRYRXY
NHK9TCHM
C4E3RCPN
79A9CC7L
KP9YRLLM
FP3YMM93
YPF7RNXW
XCYYXMAF
YHC993K4
YPTYHFM3
WWHXFMK3
HNNC3PP4
7X7C9P9L
TLK9K4NT
9APMRHMC
P3TRAH3A
9W9LY343
KNTYTPX4
4WLPN3T4
FFK4R4HL
KY4NTHXE
NWW74CKW
EPLNMMKM
RWPY7CM4
9E79EFRK
HX7KKLYM
YXXY994A
LTNR3APT
MKK7CAN4
PNWXPTFT
9AFTKPTE
LHNHEX4X
WNCTLHY7
E4YR34C7
WTKLKTKW
AY7TEPKP
77CKTK4N
KCC3749N
MHHE34XA
AACTMPHR
EKKEHFEN
4XMTHLFF
LKXAH4PF
FCAEE9WF
3LEHT44M
KY9HC7RL
4A4A4M7T
FNCLMXMT
LY974X7W
MFXTN9MP
YP97MRFT
H3M9MMHX
FCTLN49A
R4WAXR73
3XNR7947
EEMHE94H
NPFTHFW3
WRAFPKNF
HMR3YHCM
9FWM4LT4
EPHMKLWT
K74TP3AC
KA37TEKT
AFYWH9L7
4N4RMNWN
R4CMWNNP
9XFWX7P9
3R7KNCAA
79TLRLY4
CR7L7TL7
XXXFXX7H
7TCPNAFF
LFFKW7RT
3AWKK4A9
FMWLMTNP
KH9E3MAX
HENKLK4X
W4T9MHPM
9H7YLFLF
XPPFELL7
NKYML79E
WEWCKWNH
KCPMLKCX
TYP3HR77
C933MCRY
E7W74YTM
FRE4H4RA
FPNPF9LH
ENM3W47R
YNA3K74P
WTCPXKFC
HFNERXXW
ERH97RHT
KYYPLY7A
9AM9WRFN
K7L73EMT
397HXFRN
3YXNPHRR
PKNYRW9P
KMRMPXP7
NAHHALEY
4FHHNHNK
WT9N3YNM
4PKRKR3F
EW4LFAFF
RH3FEPMN
WC7L9EH7
7WFYXTKA
LXTMXTNA
YEKPCCCW
KEXCYF9M
MNTXNK7W
WWRTRAPT
CL77AL9L
3F49AYCW
AT49PT34
MM3ELMRH
KYERRHWF
MXYKRXRL
PK493A73
YTYRN7FH
TTERXE3E
497MWL37
P4ERWNL3
ATHNNPA9
FXFTF9LP
KE77WLA7
LM3KF9PK
FY4HMM3N
XM37M4XC
PPRKWY4P
NLKWARAL
NRRX9WXM
EFY4HN7A
LT9PXCXC
KE3YA7TH
YCNNRRWC
3RHKAF7A
H9WRAXPK
LYACXTPT
7XRPWL9X
YT9METWP
PK3M3CTP
WLM3FEHR
FHA7A4FM
MLAPFAK4
9LXYKW3M
WCPXYN3X
LH4WRNYA
T49KAN9R
MC9KTNWE
7NE4YRRN
LWTEEA94
PAW7AK39
FMTTT477
XRNK49AX
HAE3HP34
NCYY7HKH
7N4ER7EM
CN3PE4WK
KMMRRWPY
RAX3RT4T
LMELX7ML
4MWRLXXW
NETYXH4P
ANKAHWXW
MHAKR3F9
A9NKW4FY
MXN474N7
H4Y7NRXR
RA9MEKFR
HPAELTL9
34LHM4ML
77N4ML49
MX4P9N7W
TKPL3EMM
39EN3MNY
RFAHLCFF
NMRWK7PL
W9HTCMXC
WFHRR9W4
TPRRR4YR
YMEANL7X
9MNEY9CW
TF444EAC
R9PWXYPM
RRT4FWKW
YHHPH93K
EEYH33KF
C9TLYY93
7WFPNYT4
L7FHTLFX
4P4RE9FA
P49TLFXL
KELTKMRR
NH9X4CWH
KWN3XC9Y
MEKR7XMX
EPLHATWF
E4FEHREX
NTY4MTKR
EEA49TPK
R7HWX4EH
HC9WNHCC
N3YFLYF3
73N94PFW
MFWXW4TE
FP9YPMKP
M4HPRP94
FNKR3MFY
WY4WPCM3
CRKN997N
KYCCYH9N
XCFEPKRX
NNAX347N
HX3KYL9W
7XAK9AT9
KFEKKXYX
KHLCX9EL
3TW4WPRY
RMTA94AR
HPCKLELE
FMCAMKCT
4EH9RWRY
KY49334K
4FL9KYLY
EWNFKNL9
F4MCFPML
RPLAFT7X
9XKKLNL9
RAHLC4AH
YTMC344H
CEPCPEPL
RH3NPEHN
NRYNR7WR
4WWT7EC4
MTKT3AAC
HWXAE79W
TTTL7PY3
349XEKPA
3PMCHY3E
YLXE4EHC
W733YREL
PXNF4XTC
43ACWXWK
3LMHW4MM
LXHHAR3T
EFE3RNFL
T3CCFMA4
HTTNPRMT
N4FCAP3L
LKPCXKER
F7M3AN4E
TX4WY4KK
ERNLXKFK
NKFME9P3
AH4CW3PY
4PKFXRRK
FENCLYHK
9YF9C3WR
9CK7KHTX
WY733H77
MHL39K9W
FHEA74XW
KFNAPAHR
H3ME9N9T
KNCPX3YN
7YN7N9FK
F99KM9FK
AHW3EXP7
XCM7WFMF
RXNPM3WE
R7KAATA4
EKFRAHXW
HCAM9WHA
AH9ERCWT
M4NX93M9
TYAWFMT9
YRPP7R7Y
YNM9HX4T
FC7HTF7T
ATEMFYYN
KA47L44L
97TXNLNN
TNK39LKW
L4WPFYME
NK3PMMCM
9X4WCYNC
CPWEXC39
NHXLHTLC
WKCX7PRY
KPME3LYT
LTT4HFPE
FHFYRM7K
XRELX3RM
Y3XRHKRP
TCKKXF7H
347WTYEX
FACFWWNK
WA7FX3E7
77YHAP4F
NA3N7P7H
ALX4ETT4
L3R4CYK9
EEAPYRWN
PLNFPLMR
CFTM3PHF
WYKAKXM9
RRXRL7LX
FY9XPMTA
NHLYWFPF
XYY3LA93
PA4T3NWK
AEH99XK4
R9PENKN7
FCNTEKPM
XC77TWME
NPCP7FTE
XKXHYLRW
F74TWX7T
C7XPM9CF
X9WKYLWH
RR7YRRXW
PKNNXNHC
97XCAEAH
FHHALTWA
XFREMNAX
HY7TFCPH
CTA3M7RL
EL73LYXP
WL3KK9KH
XEEWWP7L
TTRKC3LC
47MNNTWL
AEP9MMTE
CHAEPRM4
4XKRAN43
WNXWM9LN
Y43RP7WX
X4C7LRW3
LKX99TXW
KH7F4TYH
3FFEAC7H
HX7R9EMT
TMXN3TTM
X9FFW4P3
KY9R4H4L
TYEAKHNK
KXYHECEN
E3TW3RNK
ARMNLP47
9HXKMN4E
FPHP7NHM
LREYAFPA
ARLYRTFE
NKT34W37
EYNXEHNC
4XHA7N7R
3KPK9HET
RTM37C77
ERNPCMF9
3TF4TN93
N3XWTPPN
YXLNFTEK
AHNWCA3K
PH9LCPY4
EPEATRHM
4YNKHHPE
9AHFLYRA
KA7CWYYP
NAEYAFTY
T3K9EFNN
CPYNYTAP
PKXEEN9W
ETRHRTF9
P9HETXYL
ERC4F7C7
FL373ETR
KKKRWTPR
L3AYMARK
HFHPC4K3
E3E4AE9L
NXAWYK7A
PLAYWKMP
ATMNHX9F
MKCYAFXW
CR7WTTLC
LPM9XHRT
NTNTCA3A
LT77M7XR
7HHAXWLT
WHKXYW97
43CYWLCR
P9EAMAAM
LFC7WEYH
9W7NALYA
H3PMWTXW
ARRMNLFX
4M7ARENM
43LN4NPN
LEPNHX9W
3RY9WLXC
W77RFRET
KWFAWYMX
4KCEWCPL
ENR3LALY
P7EYC3PW
3FW9WPLE
MWPLRE3N
LNPMCFCE
LNAYL43H
XEXMATFW
C3LK3LEA
WAFWTTK4
X3YR9ARF
KWLRYPR9
MMNPLYYT
7P9TFLPK
9FHY9P49
PLW9KMMM
N77EMCRL
RMFLYY4F
9YX9PRFM
ATHLLKK7
XNXPPLKP
YYKYFAME
X4XER439
LEXYM3NP
ME3LWXKC
XA3YPPEE
FM4WX3E7
W9CN4TLE
W7XH7RHT
ALM3K4EY
3F7CNEA7
CXPRMKW4
PRNWLCTP
HYCEE3Y3
AC3NECEF
TYYFCEMR
CNFAFFRY
Y4XEX3PA
TFT4RLHX
N3R3NR79
RNFAFLTA
FNT93TC3
KEK9NMEX
AWNFXRPR
NMLMMMA3
CERELYTL
KNMEAXCR
9KATT9EF
R44ET9XR
4PC3K4XC
FAKLPN7M
ELWNMRWK
CEPTM9LF
93HW3FW9
PFNCP79C
YHLHKF9T
XR9MKHX9
MRLCHNH7
4XLMCN3P
FRPAYX3C
NPHXP3XH
NFMMPWAW
WE4MP7MX
HRNWYFAK
M4N3MHEF
PW9YA9FH
YEYCPLLY
KLWLRCTC
TTXPTLK9
KM9RXN4H
XCKCNL3N
C79THAFW
E44WCF9T
TNK7AXEH
TAR9TL77
TTCMWPYP
HMMMT94N
AAWMCXW7
N7XTWRXC
WMRMN47P
K3KF3PFY
7YXN9EN7
KHF733HY
7FLWHHNX
FLFERP94
WMT4EPW3
MR9MXKN4
TNRE7L9E
HTNKKRYR
PHYPYP3N
MPYE4HWL
H7E4HHY7
NFNMWEPX
YMNL9WXN
4KXKR9R9
9CKHAFCR
P3ATALLA
AACLMPXL
WNTCKY9N
W9YYMXXE
L799HFH4
CRLA7CKA
CHKHRTYK
TFFTTLEP
X3RMRMMM
M3HMAFMW
LCKYATXW
A4N4XYKW
PWLNXE94
77HEY9EY
FA4NTP34
K3RNMTH7
ETH4EW3H
EHK3NXKX
LE4EMWHA
R7P7ACEX
7PC3AYRW
9KYR3MKP
N7A7HYAL
3N44YPNT
LKALWX4A
PHE9FREK
H4EFRCTA
CEMN3LET
REPLNMCL
NRERX9CN
P7EAWHHF
FAE7HRY7
LYYYCKPK
7YCKM4LW
7TPAWE7P
LMMMWW94
NHME7FEY
AAK3M43L
KLXFWR49
E3HKPYMP
YNC74EX7
WF799RRT
ERTR3TWN
HFEPNALT
T9FAWETM
PAETXHFC
MF4XEFWL
CPM9TPWA
X9PR79KY
FN3PM9KT
TR4LNY3K
79AF9Y3X
AKE3EFH9
XNK797RY
E74NPTT3
KPEXC9LK
CMYN7AR9
P73PEEAE
L3KCC9RX
49HXC4RT
94EPNAP3
HERPL9FE
37N9FAYC
XTCCFC3E
MRFCMACL
FFLW4KF3
7777R37M
7R49PFYN
LPA3RYWM
NL9YW43K
94YFLTTY
M3WH97H4
TCMWH3TP
EECMRYKR
WPHXN9EA
37XL3F3A
M4KTWENK
4PHLFYX3
AWKA43WE
XFTYNRPT
AW9CNMWT
9L7EH7TR
PCAWKR3E
PFH74AFH
XRXCMA4N
HX9MRMTC
973MMYX9
W79H3CYE
FF4LFNFM
NLHWKXWK
X4YWNLA7
X7C97MR3
A7R9HAME
A7HCE4KM
YH7N3EEK
XFX7A3XT
YM7MMRWL
MYWKCR4N
H9MCLHNN
E9LP9REE
LCFMPETW
4CE9HYTF
793E74CR
F3RA7LTM
34P4PTYR
FXT4PFFF
MPELTWNT
XYWLCC9W
PPYLAMNX
XT4YAP4X
NFCCTPAN
HEPNKWHE
CH39CXPY
AFNP4LFM
XFK3PLYA
T3MA9PT3
PAFLP7HH
HC7MAMF9
RAPK4NN4
TPACN333
AWWKM4EH
XXPRFYTT
YMYA3W3C
HLXTFX4T
NECMTRCN
7RAN7P49
LLC7AAMY
XAN7F7K4
FXEYPYHC
TYMFTYM9
KE7RFEMM
XYK3FAR4
RPLW7CLM
KR9M3X97
3L9R9AWY
K44449K7
TCKLNH47
EKAEEA9N
A7H79NFF
PYFMRMPA
PEP44RR3
9MRTR7WK
AKXCPTFW
KL3MRWYM
PRXR9HTX
P73F9NKP
CYLWFWWY
PYA39LRX
9ARTETKT
NCL33HL4
YLEM9YKC
7KKCPXXC
XMNLWCFN
LC44CF9H
TY4PHPKA
EAH3FR4F
TH7HMAPT
4RAA4EHN
RA3MH9T4
WFXK9HRX
3PPRANCL
YHMELPN7
RA7AMFMR
97YRLN4X
7W3C3W49
M4AWT3PX
K7MH44XE
3FK7A7NM
4H4MXR39
FRM97AYH
4K47CFFT
Y3WWMK9Y
EFLFNMFN
FRHATWHR
3RXLK43P
EXF9NY3L
C9LFH7YC
FWC4F3KR
RTMT3NCT
CLWHRTLM
HFATCNHP
ER7NXRAP
KAEYXRCA
93NXHKWC
HMC9ACW3
AHPH94L9
CYYKWCCE
RFF9H999
K3X9TE3H
CRKTF3XH
7RA7PH43
4KMACRCM
YERRY4N4
TTXRTFE7
WKCFFR4N
TLXX7T9P
MYF33MXN
CPN3EA4F
9LHWL97K
LTTP93L4
3PANYNH9
Y7EFEEKP
T7NLAAYP
AXXMMTN4
KHEYRML9
NPK3AKMK
PNH4KCTP
NEKRECYH
TLANYTRR
AH7Y4L4N
4KEK7FEY
EHXWREHY
9TEFT33N
ERYKNWKY
AMC43EEN
WAE4NNRM
CRTEWNWK
N4NKEPMR
47LKPNFE
C7NMRARA
994FYHFL
HYR4XPKM
MN79T9TY
3FHPXF34
CNA74THT
7TH4RC9T
MFW4HH34
WNK3NHKR
TLAKW797
3X4C4RPK
CPYTXL9H
7CFPM4L9
Y9HYAEXR
K3NWAW34
KP9TWCPM
WWWALNXN
YK7PHWP9
EAKKH9N3
TK3CXXNA
YTYECR3N
TKTYTP3N
WMCPNXEE
93W7EP7K
LWKK9R3A
PEXKCKEX
LK7HMMKY
XF39NPNK
HAKM9AXL
AXLMLF4M
HET3EFKX
E4CPE7T9
XL7L9WMW
L3CMPK37
Y4CLY4YR
NHWHYXYC
7FTXLLCE
HXNWHWEM
YNLER9NW
7CMLTXN3
FANPTM4A
RTNR33LR
Y9FNPXCC
9PP7RPY4
WH7KME4L
KYKPH7K4
X9R7C4LW
YMYLNFHT
TPMR9FXE
43PHTAH3
ARTWFY7C
NTMKWR3A
7N7AX3EE
TET794HP
NAEXALWK
R9FM77CK
PCMAHYRA
CATCP4PP
9PL9CHPK
N9P3WTFP
CY7NCP4W
MALLRL7K
FHTRRAW7
MXCWXPLW
XRPYTY49
YNRW3X4K
LCP7XHXL
PELHK7XW
FR3FKCKR
KWXTMAKM
4RK4HCNC
FEXETLHX
ER7F74CL
XRXARFAC
WCMCFA4H
YW9PPL3N
TXWEKKEE
FNXNLCC4
PHNN974P
7WA3MFRM
3MAXLEEM
FNRY4MHW
PNL4LLNY
REX3MHC3
4ENA9WHR
KA4NAH97
F339PLMC
PEH3T7AC
HLTFH4TM
K7YLAP3E
L4XKAE7A
R9CKCP3T
H73ANT7C
XPLELF43
4FHX9FXT
W7LNFWT4
7FR3RHRC
4MK4CPFW
HMEMWCKY
TFKCWN33
KCMC9XHY
NXKHRW3W
EXLTH93H
34LXXE3C
MCP3XKTK
RNN3LRW3
RPHXE7PT
L73HHHL9
AXMTPRWH
AKM3LH4A
K9YAHWR3
MMFKFHXT
RPRWPE3Y
A9XT7HER
7RM9X4MR
KFKLTLW4
YKPAAHTY
X334WWLP
9YKXHMFT
AHHNR9KR
T9LKXEMK
RWFT47NW
A9XXANCM
XM47ANHC
YHYYAFLF
37K7FH43
AF34CTHE
ETW4MYTK
E3FT4W3R
HX9XFTKY
743CR9HK
XAEHXAN3
NNPPNLM7
XF7TC3EH
EHEYHNY9
KMMHAW9F
F39EW3TT
NECTHF9W
NX9APY9W
439LYTLW
XRXH4YMX
AFFTAYYL
HAHAPXXP
A4M3E9XM
RRHWHAR4
RKKH393E
WRW9ACMM
HLAYNKFK
C379R3FY
TKACW7PR
CCFL9TYW
YCA4R3AE
CCHNXWRE
A4774RYM
XFLXLTL9
FRY4FLMN
LNYX97FR
CFK4FFPH
RA34EAPT
M4HNWMYR
9RL39RFY
AE7HFWML
EH9RLC3N
4TY9AFEL
AHCWPAEK
LLWKM7P7
EKECMXKK
FLHEM3TL
HFF9YFMN
FWAPMMW7
9W3LLHAL
TKKLKTM7
K9EXLFMM
9HNXPEX4
WPC9FE3H
ECFPP47F
7RM77NAK
XX4ARKTM
CNAXPTFX
EX9MCW43
7NKM7XLK
37H4NHWL
9TNM7P4L
HK7N9MFH
WFKARAP4
HWEWC9PE
P49Y7CRR
ARMTH4W3
F9CWREAA
TEYWYPXT
7TCPF99P
HKMKAHFE
NMCR7PNN
RXHHPPCY
XXWCXPK3
NW4HM7A9
NR4HHCCL
373YLEXR
W3YRTAE4
EX9YX93C
H4LKHKMN
XMCX3XFF
NLNN4YER
3TR9WMXK
N3474AEW
ALCKWWXH
LPK4FLNW
AMAX9749
MYX7FXRH
LEE3H77N
T9YAMK3A
FETKH3AL
XR7PMAEP
WRLMYFFM
4L44NA9Y
KEFTXMPW
HA3REPCW
F7AEC4RC
LA9YAYNT
RRH3MERY
PHLME47N
F9CF7LK3
FCKNPP9X
YAKLALCF
XWH9KK3C
NNMKHY4M
P79LPKXK
X4RCMMAF
TXRCXWNF
7HANCEA4
LTAFLWFK
RTNYLE9L
E34AKLYK
9PLA4YRX
KRKCRKPM
7HHA3MET
ARCHPHTX
TWXEX3LH
FMHMMFCE
CTTP9YFC
MC34RKT4
3WNWKLE3
X47YT7NY
E7FWN7XM
MRTHTFEM
AT3A3PXE
RWNCPCLK
LPA9F7YW
KM7EETXR
C7MPNKMW
HFHX3LNR
YRT47NF7
3EEERPL3
CALMP7NF
CX3RCL97
KHRRAWYP
3PYFPRLL
XCYR4MCH
TEANPKLX
HY3XW39X
P7THYPKM
ECF9RX4T
7LXTF4H4
H9HNMRWM
ALMEHH7L
KMAWAAM3
EX3PC9W3
AMX3FFLT
NC9TPPEN
LPL4CHY3
NA3NNXKK
XPYX4T7E
9KWX3NFK
KFPCMEFC
PMLATN7P
P34HN9FX
PAFRRNWR
CAA93MXK
KYF7AYWX
RKLWEMRR
MCPNYRMY
CEAX47TX
P4YLTTC9
FLCFMETL
CPHYNTM9
4MEM9EYC
NL7LX7LF
AFEWKFTA
F9EYCKKR
CPNKYTRL
LYTM34K7
PNHC7HHM
TYWWAN3Y
YT33HKMP
MTCTXYKK
YYTMWALK
M4MYCLKN
PCM7FFA9
P7YC4N3A
3TAREYTC
YKEL7XWR
FC9LCME9
WRLMLNAC
37YAW4LM
YXT7FXML
N4HM4TYM
RYEA9YM4
F3H49WHR
P7K4PL73
ALNRMPFK
PEWCCM37
M7YWLFC4
ECPHLFK3
M7RRNC9K
NY7CW434
LMCYAPAP
YL3KRRT9
337WKNK7
ATYX9R7E
NHK79F7M
AKEFEMCA
94LYXTYR
RMYPN49H
FT4NFK9K
XCNEKMYP
HN9YM7LX
TREWCW3P
WLL33FRR
YWALK3KT
NN449YWA
X4RX44FK
KXTFCE73
T37RFH9A
FWMFX4P9
ARC7FTMP
WTFP4KEE
PLNNWXKC
37HYMRNA
RFC3CH3R
KWXME9CK
R49YMYRR
FLXC9F7R
79AKWC9K
3MWMLYXR
T3H49WNA
F7KMEF9T
HNM4P4WX
YF3LTWE3
3LCY7T3L
CAEAPPNP
3KEYN9MR
XENTPL4T
KYFTN7RY
R3M4NMEX
X4KLYF4X
LPC4P9EH
YXFTX4C3
N43LW9PF
4CWX9TWR
LYWCHPAK
LPCE94CM
C9FFKTXC
7CE9T3FY
WWPRWMAF
37AAAWEA
MWKEWXH4
A4L7RLWM
7NELLWEK
R7RFWRFN
4PYRNK47
NY3FL4RK
NXNWYTP9
CNENAPNM
N7W47X44
PRT3YNNY
HT37FXM7
FAX3R4WY
PWT77YF7
7HLWHRFK
XFFLTTNA
7CFXRTTM
W9YKH74T
PPETRRC7
F7M3Y4HR
KTFYPHTL
NXMMCTYR
MCRKAPFP
AHTCE9N9
7KPAFPN7
Y3AHNPL4
EF3WPXHN
LPAAM947
RHCNPLFE
TL4XWYPK
LHK43PAW
P947PF4A
ATWXL97T
F3ETMXLC
M4X7FLTC
YPTK3TR4
N7PPNX9L
EPTHPYN3
3A9Y77CF
49NRHP37
RFYCPRLX
RRYAC9PY
RRFYWCE4
3WTCWKX7
EWH7RW3K
KYM4KW97
FYCAWHRF
LAMRYERA
PA3XXFPX
MXKLM7RW
AL3WCYX3
A9CRMRR7
WKPWYYCN
TEA7RXEY
ETRCX4RL
LA7PXHE7
7TK4H9RT
PWNFRTEY
97YM4LAM
7H3H4EWK
RYT9KRE4
93TXE7EW
YNPMT7WW
74WEY9XT
3LMTTM4E
P7HLAL3Y
N7L4ANCT
WWN3CNA3
XEWNTR7M
7PHPEWWR
TAPFYT9H
RY9HKCTP
4YKWELR7
ENEKTNK4
MHYYYMAR
9RNL3FF9
39M3YRH7
ELAK3HXT
N7X7N4YE
3EXWNHTR
7LMP7FWX
EECT97NT
K77YKE4P
M9FYY9LK
9EHYC9XX
7PCEC7E7
YE939X9M
F4A3WFYN
AM3PKTXW
7FW99TLR
4AT7N7X4
H3MFPEMK
LFNECA3X
FMCXAEX3
RNLN4M4W
XLNPXWTX
XFML9TTN
4KA3LM3H
TCR3Y4LK
HX3494C4
MNHK49ML
NNEXAKHX
WK7TWA4L
FRCH9WAW
HLL7ALR9
C9H9YRM9
PCH97RFH
TLTKTAYP
ME9NA44E
C3CYYMHA
YKEAENXF
PMNXFCLC
Y4RRRMTH
E3HTLX4R
9L4PEX9M
H4MEK9HT
MHLK79K7
NNXFXP7X
MP4KANKE
PYLWNNYA
XEXH3EH9
3E3WNHA4
KWYRP9ER
WRLRNATH
FXMNKHP3
CAW7NFPA
L9HYEMTL
HW9EMPP3
N9A99M3A
97EPNLHT
479Y933F
CFKP7PKF
CKN3PMW7
WPXPT3M9
ELP3AWYP
KAPC7AX9
RYPW773W
XY3R97MX
EFNAT9F3
PMCHYFCR
RE9FWNAX
HX443NPP
TWPHRT9F
FT3TNP7W
FR9LHNKC
KHXCK3NC
9P4YMETN
77NPPC9W
R7THE3AE
MMHRPL7M
E9EL3LA7
3ARTET4Y
LFNXTR7Y
NE4EPKRX
FKMAC9TC
EL3ACLKF
MFR9R7R9
E4C7FHXX
RXXR7RHL
F3K7M3FH
KHNTW4M9
9YYFXY49
9NFTNKC4
EF9W4T4H
RRKAFPY3
THPKH7F9
TF7RHCMW
MWKWYYYM
3YK4EWFW
N9MF94LH
4APYCHTH
7E74R34P
LXTA9TEA
EP4AM4WA
4N3L7KR4
C4KFNHNN
HMHM9TEN
T7ER4KFP
HE33HEKR
AP3MWP39
WCXLKWWC
WKEW74XA
R7AEY4P3
APMYW93L
NCNRKC94
NYECTKPA
CN9WN734
TNPMHALC
CCNPCTPN
7L3XYKFN
CMXM3EWT
Y47FNL7R
N7K9W37N
4P3HEXMM
NMNYPNL3
LMYFRAPX
39FCY3AW
XXLNYK4K
9H4AHLC4
RWP3T4ET
YEP4ALN9
HN4LCYAL
E7W3CLKM
C7TXEHRN
ENPMNAA9
AMY4L4MX
F9H3XRPX
4PKA4TR4
NAX3PMKN
NTKTFP3M
LAH47PHM
NME99A7H
R934KCKK
7WPYYER9
KTLYLKEC
KY4LRKWH
XKRMA3N4
4KYPRFT3
YFAHLMFL
LARN4NLP
9FXML7NC
W9KLRM7C
XEMCMP9T
XYY79T9H
CTMRPRE3
R9KPWRFH
NXNYM3PN
YYTMLEXN
T7RK7HXT
9C7E9KKR
NFCWKHNR
34NKP4KE
LRPHT9KR
KFFHYFMH
3WKNWL4L
3MCLL443
M4ERFPH3
YPM47FF9
YC3KXKAE
9RAKRLY4
MKAK3XTK
74WE3ALX
ACKK49NP
FL7PHWYX
33TEKAXP
CH4T7NHX
HWT479YH
HLX7RPFK
WLL79WCP
7K3WR7T4
FR4PF4P9
33ANKKPE
ECMHK3EN
LY4FMTKR
YEWAE9FY
YM3KX4YA
WKXXFTYL
EK3YEPPF
CKLY9H4X
HMPHML94
ALMH9TRP
TNMFF9PH
T7XKYTXL
AXRX3TLP
RYYMCP3H
7FWCXWFX
C4KW97AC
RE49XPNF
4LRMWANX
RTTCFN7R
MRPPWYCR
MMK3AK9Y
KCA4RH7E
MYKFWT4N
CAE3TMEE
RXCH3HLR
7LLH7LHC
XYPC3PCX
PFEE9PAP
94NP9HEM
TFXWKCYR
HKLN3TAR
9LNFKMK3
4X4PTCXP
HYHCAWN3
K9WKTT3F
PFARPY9T
WXY4AC39
3APL9TEY
AF7T3AP9
RKFFWFKL
Y4KLLKRL
HPXL3FWE
EKLKCTXE
F7NE9N4M
P7EP73AA
FTPXKXTY
RACFENKM
HP7WPHXY
MRCTL97R
XKA4HXYF
9RPK9NNR
XHWXAXRX
WPC9TFRT
3WWXPPC3
WX7737MF
HK4WHLP7
N3ANF7HX
LLHW7KXF
MARELEMW
EKMCHFW7
AL79TRW7
AANHRLC4
WAYN79PP
C9KKCCXL
AXAYEPNE
HL4W7ENF
T7XHHLWK
ERCKAAL3
W9PANKR7
HXRRHNXF
R4HHKL4C
YHA43W3R
ER7E4LRE
7WLY9Y7E
CCA349TA
M73CHH3C
MRLEX7EM
E49RP7WX
TRKWCPKR
R3KTMHKH
EA9X4AAE
FXFPMHWR
EERNTTTR
AF7KELRW
F4RMX7RM
CKHEFMAH
YR9ELNEC
RFLMXT9X
7KRYWAR9
RL7XYNX3
RE7K3KF7
WT7MKA79
EYT4RA73
RF9HC3TY
EK9AXELM
4AFEACWF
PA79WTWH
AR3THXX4
TF43XWF3
9RAA399P
NAMA7P9M
3LM933NC
TWECMTHA
W3HCKH9P
ALYXAHF4
37HAFWMM
4RRMAMF4
MXPME43P
7TX7PECH
YLCRXYTN
4KHXPEY9
XNHTXMKX
EL4P3YK3
XKHYMLPL
EHAK9YX9
THTP7RR4
W4XN9PFK
RPKHKKKE
H74WL7NP
YPCE9FHW
3WHHXFYP
TA33XEA3
TMCM7LMX
KEWWYNK9
RE4X3PNK
HKTK7HE3
PYNWR339
HTL4TWP3
E3HFMYYT
9TN4KRWA
MYETN4NM
C3H4AMAH
9CMCYTAT
WCRXECRW
MLCMLW3W
XYPRXFKF
KT7T9EFC
NENAAT7T
MAFRFCKX
F3YYTMYN
MYK7NAT3
WHCPXME9
PH3Y9KW3
FK94XFR3
Y4LCRWNY
K7T9TRWP
LNFW3C3H
RENHEYMY
MRL7R3X9
CM4LCHAA
RY4AH4NA
HFRFYW9M
CW4WRNFC
NR39RPKA
TTFHC3MN
3M99XYAR
FFHAAHKP
74W74ERL
LFAAXM3K
43XXWYTC
H39EKAP3
X3P9P93C
NX34APW7
AP3WNNC7
MLEN9XC4
LNLCMFY9
REYAWCAN
4C9CMWAC
3N49KCYY
3FWW47RN
PARFNKWW
YHL9FR97
TH4W74WE
HPMXELEL
ARE9K9C7
XW7NTPXR
PNYMYKC7
KAK7XRTM
YCW4AMCF
LRFPNEMM
HM77L4LF
H9MF3PFX
MCY94CLA
YFKHHATX
TR9RYPC7
EEFWPTT7
FKH7W4EY
94W3EHMY
MLHYFCXA
LY4P9F3E
L9W4TFFH
L9RC77RF
XLEAT7K3
ATK7P4Y4
MAH73M3A
9LM7LN7R
H3NN3AA7
ECHLCPWW
AF4XR734
AFAC9P4R
RPKP97TT
METYXYFN
T77MWT9L
7XKCKETE
HXYWKNNE
4P3TAF9Y
MNMYEPCH
THPNEMTW
XHANTW7E
CXNFPRKM
HKERREER
XWAL4HRE
H3MX7LF7
C9YN7MRA
9TMHRPN9
HM3WN39C
NRAPREWF
L74KL3L3
CHAYRXTW
T7XXW4NR
NEKXCFYF
4F9RN9PC
FPH9PA9E
P977LCMK
P3X4RYMC
KFMPCXWM
3HFTK4TX
P4WAPRYL
KPPNFWL3
MTXLX4CM
HHNWWPLW
T77LKMEF
7MPCPMM9
X3RHH97N
YK9TY4AX
EMTTL3MF
HWLE34TP
F9CH7TPP
9MPCFKLE
ENK374F3
79N4WHXW
EW7NHRPW
KCN4TP7R
WLAHNNTX
7TW44KXR
ALHML9WH
PH3RXKAP
MCH9RF37
KHNPRYR7
F4AELF4T
WCNKFCLN
7YPCX9YF
ARW9YEAA
HNY7CR7E
PCMHHH3F
TXYC4X3H
A4MNKK4P
CNPRP7TY
Y7ANNWXW
9A9AHTLX
4W3YNTFC
N4NRPWXL
LRH4MRWC
X9FCNXWA
CKTWAAXF
4KMWPX3R
E9F7RLT7
XRWA47AM
RYLWX9M3
4AAP7TCR
9NE49KN9
K4A49AEN
RYE77FFY
YYWYLFEA
YHCXYC9A
9AAX7H73
7M73NFN3
ARL47HA9
AKPYHEKA
PHTHCAH7
WXPKEK4M
CKTHHA4F
FM3THY7K
RLMLH747
XHYRXMEC
HN3R9WEN
CPCAX97R
A9EKXE4A
PHKR7AXK
LRWRYRF9
A4XR33CF
LPH3XFT3
MTA944RA
4LL7K9AY
F9HMYTCX
NMA9WWKY
YMXP4XC3
MAMCRW7M
KNEEP9MT
HA3T9TKC
NKFWWYX9
HX79FHKH
77PH3NHP
AHA4WW7L
FCTTK3K4
7TRX3EKM
RFEHPARP
EPY7FW7E
37Y3FKYW
E79W44AA
C3EY97RC
7TLRPYPX
HCP443KM
FNN9FREA
R4AN3YCE
K3MECFMY
CY47AP4W
TH39YP3H
LNYXLXM7
7W7H7LR7
MPF9479L
E9FTPYRR
9CPHCL7M
ECPAEHKN
CXKKH94H
3AN7EWFN
EH494CCR
CWYCE473
TNKL7H4C
CCFR3FTN
MC3PAKX3
YP7KRXRN
APCK4AKP
CX97NLFC
7CCYAT9X
MTEXETYA
MKPLH3HP
YXLNYNNR
P3HLTAFY
N3WECCHF
X4E734LT
LMEXYRHX
7LLN7HFW
NMXAWXN9
KYR3P3KE
FRKEYKT9
T9K3YHXP
CNE4HACC
7WYYXWWK
FKE7RK9R
4TENCKFT
XPAL3HLL
XX9XMMRH
XWFYPK7E
CYWALE3E
9L37YYCY
94YYNMWE
CFMLHWMY
LAWL4RCC
YNWY47FF
N3N7WRPC
EXWK4AXR
N943AT3E
T4KKM9MR
XAAXNPM4
MHE3MA9W
KW3KL9FC
F333X9YX
C4PEWRXT
WFRH9F99
99MWW3NH
7A4YTF3H
KM34YL3C
KWKTTN4K
3F4RLR93
WMA339WC
F9FT9FFX
L9YT3T39
3KMNCMLR
WCNYFMRH
YKFKRYRH
A3NYLLP9
4XK44RH7
EX4Y9FN7
FFLCP9T4
M7A9LNCC
4PHTYT3E
KCLYWFYC
FXXKMP3L
FK4HLTN9
FXNMFPAF
33TCL7P9
RNRXRAFM
C3N7N394
7KY73ERT
H4EFELYM
WC4M7R4Y
APTRMFXF
XCCXTFH9
XEEYLA3A
KF9MM3KC
WFP7L4YW
CEPNXRWE
TC77CY9F
REXKRXXT
NLMKXEHF
P99ELAWE
HXNNX3AA
AWT73C74
MLE97AY3
C9NP9TFF
9MMEW4A3
3F4K74RC
KH44RWHP
HFMA9CFX
EM7ML3FF
MCR9KHWR
L7HTE7T9
NTKN9RCT
3FRKFTK3
C7RT9NH9
H7734MWM
FCMNCXYF
HKHCEX49
PX7N7NWX
YM4FNK9F
4CECAREA
TAWKRTWL
CPX9YENN
73FXE9FM
C4RCXHFX
3PNL99KL
PECKFCKP
9XE77TXM
HHCHKEW7
FXNPYTMH
FTFAXH9W
WHEMCTC4
L4TEA3H4
7HWAFF33
RYYP4LL3
EE93NAF7
M7YHFYC3
YWH9KAY7
N3LRKPEM
TLKYAPXR
9NHWLEFK
4CWRAYAF
TAKE3XW4
MEM4EPEW
K37P9EY3
KHFX993M
7NWXH3HH
CXAANKHC
WANNR37Y
RKHKHPLX
3PTAH9C9
ET4T9PRN
HXHX4T3H
NTMY4K7N
4LW4999Y
TPYL3N3R
NHPHKA44
WTYLYC73
L7R339CM
9EFFKXCW
KT9AWCAP
MTK4MCPE
C3TA9MLM
YL93AE9T
PMALH799
LTLFA994
AT9HLCAP
NCNHEFY3
4LKNNXNT
YKLXP7YM
YXC3TLL4
HCPWH977
3TNFKEHC
EL4XKAC7
XR7WHC3E
4PWT4A4R
NNC7X3CW
43NAMXLW
HX3AYKPE
EMW7ANAY
F3EMRXXL
33XPYXH4
93FA9HLP
HCPH9LTR
R9YCE4AW
WMFCL4AH
TYLFAE94
9LYM9WMK
E9LXFANC
WCKME3F7
YR3334A3
Y3T7HWCT
99ME4PKX
L4LTMETA
CKHRL7NE
4RWRR9WW
37CRXWE4
HKCHX33R
RKLELYCH
FNMPX4AA
CXWRE7AE
KRC9PXRY
KCKRTPK7
3K4Y9TLW
XXPR3EXP
CWW7MHT3
W4MAFF79
HFLENR4F
XNA9MA9H
XAELEYRF
R4YKA74Y
XHFWRTLT
HWPTY4ET
YEPHETFY
LLPXCFXW
4H9K9EFH
9P7KCLKY
A9MEE7AN
LAKYPMCL
9WL7C7HC
RKTWKMTA
9793N7E7
WXLCWHNY
AEW4H3YE
MYFPACWK
HYKYLK4P
WAEARPAM
A4YXLFY9
R9RWXCAW
LF39FLC4
CAA49X7Y
H3TTRH3N
RY3HANEH
TM3XTNY7
MT9A4RFE
L7LMYPXX
3LXLRNRA
LX4KM4KP
H47TK9YN
XEATNATK
ANWKAL97
A4CFFXF9
H9CCXXX4
N4HKNYCR
YCWKM9EK
K73KNLLR
74TLPTHE
7WL4HFTC
H7EYHCML
ATEEYEF4
FMKAPYYX
TXKNE4RX
4MN4PTTY
YMTEP9TA
CFXMM3RF
P3MA3NX7
TELF7K73
YPRHCHPY
F3L73RE4
MHMNX9RR
PNHAHFKC
H3TMPLL3
LKYK9RFE
9Y3NRXNT
MXPM9EPY
7C9FYLM7
KFMX4FRM
KAPRXHAM
TCCFMLRC
NMXAK9F7
TWNHFP9X
Y97TFML3
ER3FR9LY
LNK4YRKX
ANFXKW3X
9FLMXLM4
WA7R7LWK
L3PFPWXM
K7MHHECH
PAC3MCHF
AYERF77C
34NHLLRX
P4PWLWR3
PWPNC4HW
YR7TEMFR
WE7F3H7A
AMFETLEP
A4L77TXL
9A9TWPXF
73MFHK7L
9TYNL7L9
Y4H7X3PN
49R3AL9R
LHXX37NA
NYAEXCKK
MH9CTT9C
NL7NTNRY
34KYEPNW
PEXWWC4W
KXFL4LRX
HHTX9W97
XTE7PLAF
FXFX4WC7
773XF7XE
EYPP7CR3
HF9YKCEE
M7AALNTF
WLNACMHH
CAHETKCH
EAWEX7MP
XEEHL944
RRYEHYLN
XWM4E3NL
R9LWTH3C
PHLHNWKC
HYE3MF3A
3E4YYKNY
TN3T3AFF
MATWMXAC
WFRK4FL3
H4AWKFXF
MAHHWKPR
4FA99WNM
K74AENFC
C3RXWC4X
M37TXTHX
KH7WMHFT
PK774Y4X
A4K4WXR3
49AEETL3
NRYMETR4
ANR4HN73
ANCNM7MY
7KR73YXY
PCYPR49A
M9YA9W9X
TMF4LW33
HMH4XWXN
LPKYEWPP
NPWRKHAE
HTNYFYPN
NL7933MY
9KEAHE97
KEHW3H4A
MPFCR9PH
4TFXRMAW
MX7WYLT9
PTHNRW79
XHC9YX4X
HHRFFPWM
RKMLEYKY
3YHTHE3A
H4ER4CXR
NL7K3ARC
FPFXYWFA
YPXAEHMR
XXRHWXNN
NXFXRTCA
4N3PPCAE
YE9TKK3K
7FW3FYCF
CHPMXKM4
AAPF39ML
43LK7E7E
7FM73LFA
HMCRNTFW
L747EPEM
YWMLLW9M
YME37PMC
Y4PAECET
X4CHHP33
3997NFHP
FRTMFXX4
N4T7AW79
CHLMNRCY
73EKYMXH
AF9KNCTE
4LCNWRAA
FENN3XNY
FEAMRAEK
AWWHH9C3
EHCLHC7F
AFNLWM4T
ARN3KTXX
9HYE7CNM
LFYW43HT
AT3RYYM4
FRTXXLM4
7KN73LCN
FLT9FWCF
77NYKXEK
THAMRNNP
ALA9YY7W
37YWAN3E
W7PCWXXL
NWRAYCP3
3TL9XEWE
KKKFT3PK
E7AFY34K
4NKKLW3L
WCHWMYXH
H3AMMPHK
XH9CH34A
THCPHKA9
NK44AH7W
7NXTXPY3
9A9FW3NA
4FWEXTEF
ETP3LNL7
XCL9CY4W
FFW3TY3X
HCRCHMWL
4WK9X77N
LMEYA9KW
LFKN97WR
KE37EA7P
3C3YP4EY
4HPT9KPL
CYKWEKFE
KC4T9WWR
NTPECFWF
CWCL4YPT
EXATHER4
9PRAFY7X
XW4XETNT
TCPYH4HN
3EYW4HPM
E3RYRY47
YC433EXY
4KCTTHYC
MWMYFN34
7LPCW9HF
4TACLF7K
LX7T477Y
F44RXRKH
L9HMXMW3
7HM9NPRW
K4KCYA4M
MHFFFXXH
YPPA7N49
7WXM77C4
LCT3YTP4
NMC7CKY7
P3AE4RYP
FWXXPETE
YXE7W9NT
RMLKNANA
E34P3KYW
YXRN9NCK
WEC3F7TN
KKPER7PY
T3R9EHWW
A33NNCX4
ELCA4WPW
AY4EYELR
MAAWXMNL
NTYMTFK7
EPCW9FK7
KXT4W4EN
FNC7R9YH
CE3YL4C3
AYYYK7Y7
9R949LC7
WKNY4HHF
37W9HX3C
3YTCXRRC
KFH79H9H
PRTTF7CC
9LFKCY49
WH7H77TX
LM473P77
KHRFHXYF
C9EEXCRT
MHM43WFT
4XCLLWYR
REHMR4FE
XNXEHNEN
H3KFAC3Y
M9TYXCXL
F4PYYRL4
F3MHH7C7
AWMY3TYW
YCM4XHKC
FWR7A7H7
MCXYA3MT
AXFLW74R
XNXCXPAH
XYKWCMAM
74F3XXXP
MHNHAMFH
TLECLFFF
EC4KK44X
WAEY9FCF
RLENTWCW
KW7MATFP
7KCCLY9F
PL9A7MX9
49XTLCKC
TTKPNHLW
YAAWCPTL
44Y4CNL3
MHA9KYWP
9PRA9CPA
A4YWCRE4
FRCXKNAN
C3TAAANP
KXPYHN4N
FA3MNYTE
Y4XEHXRF
7RT37NXP
4KPN4FNL
KANFYHPR
YYYFY7HE
APAL7PXK
4PTL3NPE
XM73CNY3
9KMWLMAN
RREEKCNP
7ACYPP7M
XEYEPK4R
KXP7P9MW
LAYFWLCH
3W3NWM3X
XA47RKKC
NENLM4TT
XK7FTA9W
RRM3XMA4
XCT4P9F3
YLMP4KFA
A7YH7CNT
YYWNCKLA
KT3NRL4C
WWN99A77
LNCP4MWY
9PN4WN7F
FYNM9CAM
3THLN4FR
MPYY7AEC
PE33PFT7
WX737E4A
TCKKLFFK
93K49WYA
4HME3N3H
MHWKCYRN
PMFWEK9E
KYNW4934
RY3YWNK9
F7MMFXCT
E3RT94CR
LXTWHP74
3C9TANFH
493PMNC9
XTPXCNCX
9R3RNLKY
TXXPRFY9
MTXMK9YC
9ETXNYCN
MYFYHKKY
RHE77NM3
TW4EMMAP
W9WYXYAE
R3FXE4W4
K9RC4X4X
N3LXLXMK
4P77XE9K
MEX9P7ET
HWYWFL9M
CTTW7R9P
YLHYK4WE
E3AWWFAK
PNL9TFX9
4KYKT77E
LNATEYKE
THPT4TT7
XHHHPKKH
C3RAECER
4TP4FXMC
HXK43MYF
LA7RXC9T
AXYWXFP4
39F9HEHM
3F73TYTH
XW9PME4X
KFNMLRKW
RYNHFAAX
EWTPCFFY
RPXXNYHE
9CR9A433
9AK34MME
T4LRNFYX
CH4C9H7Y
PWPPC7FT
CXW3W3XF
TLNLWCYK
A49WTHMF
LCWEAAC7
RNWR974C
AFAYY3NT
7MRRYNRN
AT3X4N9P
TCC4PRT4
HM79NMEE
X3C4H7FT
3TW39XEN
KL7LM7NX
4H74ECMA
WY3CAFCW
PWEEPYHL
7CPPLHTH
F4C9R79A
WHLYNCCY
L443RL4H
PNM7RYXX
R7W9CNC4
M97P49LW
HWNPHKFK
KN3EATAN
7PTL4EXE
33RLKPMN
YNXRTWF9
HYWHKCFN
4E9HANME
MPTRHFCC
RKCLMYEW
Y4YLXEKM
LEKRLXHN
PP9CHM4R
4WLPEHEY
9PWTW3YC
HX9LXFKM
377PMEAX
HFM44R37
4H74MATX
WLAPAMNN
EYENKHFC
K44L47NW
77W3344L
Y7T93ARR
TKH47PPX
CFCKTKPK
FHNL4R3A
X4KHRPNM
TFY3CMLX
KFYKYACP
R3KLWRWK
LKMHEE9Y
NXFNK3YL
C44ANWX9
PFFT49AF
9ML9N3AN
TLLFT3EC
LH74PYAK
YLXYRAEL
CEKNMPEX
LKW7997N
7AXLA3XC
TCKMN9F4
M4LMYE7N
XMPAN4KE
NCWM9XEC
ETRMXYMP
XWP99F9N
XKTRYNNR
XP9XWH7C
WP7NWYWK
34RNCNPC
3CKTRHLM
FNAPNXHR
E3Y7NNRC
EKCWXECE
C3KL7YRH
CMRXALXM
KCRY3PLL
CXRECERN
TA3EYE7A
K4CHEMEK
LNT3CWHT
CYY9RT3Y
MC7CNXA7
4YP3H3X3
F3PTAA77
PP3AMFNM
NMWH3TW3
RH3CLKPP
YFCAYC97
HTAKEAYF
M9F9XPAW
R9MCPTFE
F7L4MXPA
9LEAAE7Y
YCEC4RNH
RAWWPTMP
ML4LP4HH
X49W39MW
CE3XC99W
NFKHFFMN
YA7NNK4L
RNCYRPC3
WLPLCH97
4HRXTLWT
7EEYNRAH
L7R37WE4
NKR3NNKH
E3E9MP9X
MPMHWFKT
LXKLY9WE
RCPNETY3
F77EN7YR
HPF9WNP4
XY3WNHAR
FY7WACM9
4YH333FA
PKTLNPCT
MANWHKAM
AMHT9EAY
KYMCFARP
9PXRP7KF
MKW7YT49
MECKY49W
KR7EHXXC
XXMHHMXN
4WTHAC3Y
C7NXPLW3
PMH3RNP9
TMME944T
LFWM3NYP
9Y7FAYYL
ATT7EYW9
CTN4PR7L
K9W3X4LF
LPPYPALX
E9X7RCTR
T4KCTREK
KK99FC93
P9A4PTL7
FNA7EFR4
L77E9MNK
39MKYTPP
9XRFHYW4
PNM9KTNP
MC4WXWP3
9CWAYNXK
H3HKWELA
HE344FRY
A9Y39ELL
Y7PPXPEH
WPTPAMXF
CM4CYLH9
CYKKX3FM
Y99WEN93
THL3HWAM
NLEFLTKR
FNYNL9LP
LP3TPCYC
KMN4LFEH
X3T3K39W
YHFCK3A3
CYCAHAPE
CEWYLAK7
XCXAT7C9
KNE44CCE
C493AMLM
HWY4EYNT
RAAW4RCE
NNNYWTMC
NFYHTK3R
AECH3NAY
7FR4HKHX
ELLEX3P4
R9A4W44H
WM7T7RKA
RA49HHHE
HW7N74RM
Y4FWCAPF
H377W3PP
47CETCYA
4N7A9TEX
YC3Y9YMW
FHXCEFHK
FRM3LWAX
M7R3444A
CE473TNY
R7LNMP9R
7YXFXEYK
CHPNHPNM
CR9W93TL
XLFL4EPM
LYNME3M9
CW9HLNCP
4PEHCP94
CC99W3FE
X39FLTNK
7FTYYKEX
X7MYLT3K
9373YXYE
XTW4AC37
YNWKXHWN
RFEEW73F
REXCAHTY
L7MWHECX
WXWERLFA
NKNWL4NE
TRMRETP3
WRH94F3M
H7T3AHMC
3WWF9E7P
RW9LMPCW
P3HW9LFH
WMPE9A3M
79LRXANK
YWAAWAAP
YAK4HH7K
49LXMTWK
XKL4M77E
M9YE9AWL
7KRAKKXX
4X3R4NP7
YK7LAR9E
M37L3A4E
RW4PW9HX
NE7PRL3X
RLHC43Y3
AKF9HEXX
KH7LWYHF
XNFAKNPN
7L9HAMHX
XL9NTK3Y
M3HHCR4P
CR7H9XTT
YKLMMPTM
FAATFRKE
NNAKFL9M
HFKT97HC
WTXEEELA
AANTHYTL
7KCETLYW
KTRWCP73
3L79RWNY
TM73MRML
FCPTTHNW
XL4E7ENY
33ML33H9
9LC3P7F3
RRECC44P
HA3TNKAA
7CCA7RFA
WNTTTMMT
MTFF9F3H
NC7NYEP7
H9FK479H
H97WMMC7
TWEYH4WT
ENFX39XP
C39LRLF3
A9EMT734
H974F3EC
MXXMPRRP
YM47TX77
KWWATHTY
LPCH3P7C
YN74HT3W
CC37Y3L9
LXNXECXY
RMY9NFN9
M49ECEPP
44TTWX39
MWWLRKNL
KRC9PHXY
7RHHNALF
W4439YA7
4WPN34F7
C9ALH7YC
MCEEAAC4
34KYMLKF
44WMYL7A
E74YYFW4
HNWMMNCF
R99TALRW
33L7MMNE
CAE34PHK
9W37P4WL
RA79A7K7
W7LEWN7N
7PENP4ER
RFENRTKN
TWXR7NLH
9AMML4LX
MA3NLCWR
RHMALXRT
FT44NH9P
RNRFTWFA
AWMHXY7N
X7LLK4EE
3CNK4P3N
AL9YWM4A
FX93RWRT
CCH3T4MH
FLNLHNHH
X7E4LPXH
HEMXYMCW
Y77LRK7P
3XYKFE3K
HW4TFKFN
MHKA3P37
HNNEPLCY
4ALRF9TY
NLMKYFP3
RM73C34Y
WLMA7KTH
943W3TW3
HTK3X37F
4XTWHPPF
XTW73MFL
TAE7MXPE
LXLR7TY3
P7NH4EH9
MEKLCWHR
3CFMMRPH
4K3XTHRH
R3LEMCXP
9KECF97A
3CF3L7HM
E7XX393Y
MF3F9WTA
ETPMRAFN
N4CRA4MR
PFRN74NE
RT3ANKLN
EE7HKMYR
KTP7LNYW
WX9LEMWH
CWCNLMTX
EEEEPPEK
W4RLF3WX
4FPYTYAN
377KLYEC
CMTN3NFP
XALPR7KR
4PLAEXCN
WN39T4XC
L4TPLXCC
HARMRTXF
EKWATM7C
CXN9H3M3
HNMLE393
4L3PEFRC
YFEWEW4T
NWHMATTA
CXYTXAFK
L9T4XPKW
4TX33KLE
RX7E4PL3
KRACXFYM
X9NNYA4A
H7YE3H9A
4TE4NN7X
XW9LHEWE
EER9FCCM
LRCTWKWC
HH3T9A3K
YPMFTKPM
MLPLX9YH
R4C4KN4A
YKKX9HTM
TXKFMXFT
H39MTKM7
P7L3MH9T
PWMNEFWX
MHKYCM44
ER4RYYKP
EH4AC94W
HH9FR7AK
Y9CFXRF4
W3KNAR9L
RXWN4FXK
LH4N4PHT
XAPPLPNK
MKXTWHLK
TWYYMF4W
PRERK3LT
PANNN74E
W9YMH7MX
H7TKXFK4
3T4EXMNM
THTRMRYP
XWYKYXLK
A4NFLEA9
Y97KMWKW
PEA4CRY3
HCXYHN9W
ARPYPR7W
CTCT3R7A
LM7PKXXH
EPW3PL9W
3CF9NKPH
44MXEWFP
3NFTYPEN
73LELMMT
ATY3YMCL
HXTF3RA4
AYNP3HYT
WHALNAWW
THFFAPHN
C9R937AC
LWFKFEAK
NMAC4ETP
3FXXAEWL
REFN4CEP
YNE9MKWX
HMKERMTP
9PW9A4ME
MKRPP4FF
RLPL9CXF
7C49EWYH
7AYLMNAT
FRWAY4AL
RMWLYNEL
E93KXLMK
Y9PWCTF7
LAPLC7K7
7KNMXHEA
EWTCTTLL
ALLTWAKE
EEAWRKH3
FTELRCCF
L39MMHHT
E7YWWF47
H9N3EYWH
PAPR7TKR
49FMAECT
FM3E7TFT
9AMTXW4P
PALX7TC3
XMT9PP3P
CTHFP7KM
CPTFFXKT
3KK9XN4C
T7ER7YHM
9W4LKRC3
CR4F9LWA
YWP4XACT
777FAMLH
NPM4ATKP
WNKAHT4R
KHLMYTM4
EEWMYAL9
MELNEX9M
3PLAA3YR
TLFLYLH7
MC4TAL7H
F7A7MXXF
93AXFFLT
WN4KCLX7
KHYYYX9T
CFKYF3E7
APCLF4TL
YARTKKTT
WE7MTXLR
K3MYWYTK
9H434PL4
KECKNH4Y
47HT4HN4
XAPRECCR
HLAWYF4A
EPYPLN4K
YMAP3T3K
LR97P9LM
YCFHEWXX
WMTTRT7C
3P4TCX9M
KT7YKTW9
WXMECPEF
CRTMYNLC
LXPFAT37
39ANT7ME
9AERWPLR
AAHT9FCY
YNH9FTR9
9P9WPFKC
4MKHP4PY
HCXLWPML
KN4M3X9W
NCEKPTXC
P7FCK74P
MNFK9EAA
WK47T4HE
7YY43XA4
KWFRNA9A
7PL9ELHM
M749PAEY
33PEWN7N
FA9XWCWY
RYTT9WMW
9MCAPK94
K44EAYHP
RR9KYEPH
Y4PWMMKE
7TKPANX9
XEHXAYYY
3TP9NW93
TFKLLCX4
HCYLK4P9
XXMT43MN
W7MP43RP
TTLLN3RE
Y7YRPPA9
HY9F73FE
YYP74P7Y
PR3L7R7R
ETWRLFKH
RNEEMKWX
NY4XHHWE
CWN3TYMT
EXP3L3P3
AMPPA3WR
AX4LA3TX
WRHPRNXF
NYR4L33H
A3L4YN37
E4KRNHTE
KHHTN3NT
HE3AMTTA
WPXATT7M
YXCYFEY9
7ETKNMPT
73M7MXAY
RC9HEACC
PFKNM7LR
LFNKPR7R
4LRW9LAT
Y4ETTLWE
NAFCNRP4
N7KRKMTA
K9YF7WA4
ER9CPCK3
F43LX397
HFTKNPAF
MKLL4HPL
C3WL9NF7
PA7FLPNN
AHF9MC4N
3TT7L4KW
7PXTHC3X
4M7FFTTY
TFXNLFML
X4YNMT9L
XCNM3HYM
3PPEN3KC
4P7RY9XL
Y7KCPK39
FT7AE79F
HYLTYEMT
NAMFELHW
MKT74XCL
747A4AYH
R374LCNM
9XWLHE9X
9MCF4A9F
CNHPTFCW
TKHLHE3R
HNA4734L
37NRYF9A
9RMWMLE4
F4FFTYCX
TXLHMYRL
E3NRYWPL
HETLRTEC
W9C9CFMN
YEX9TLY4
9MRHEAW7
4XFNPFYH
MNHP3CMP
AXKAP7XM
AKXYTWL3
N44YFXRH
3RLWAMYR
A9TWYFRF
37FRTECL
AAWMWYRC
9PMXTYEW
KRWLNHRA
ENEYFHLF
RPN9HTWL
797RWY4L
33RP3HAL
9M33PW9A
CEX4PFK4
LH949E4X
A3XMYEY7
HEANPW7A
YENYKRYN
YLL73AN3
NECAMHFE
437MTWNL
PAL3XWLE
MKFCRFEM
ALR39AP9
K4K37KNF
MMKNWYAN
9WPW3KFP
LW37FLNN
YNWXL9PN
M9XFKHAT
MFHNAF7T
HFKT3AWY
KR4HEN7P
ETCTNKMT
TCY47KNX
AX94LXNK
X7P93NRP
L74AXT7Y
CLF44W4A
FFX9XYXF
Y49RYHAP
L9NCY3EH
NMEC9EN9
HHHY4AY9
H9PMTYTE
P39H7FF3
7M4HCT73
PLWNE4RT
XWNEYWNW
WHAW7YHA
WXRMREKX
RYR4PK93
NWA9LXKW
YHX3HT4M
7NM3C97F
LL7HCNYK
F9734P9W
4CNLEHLT
H9XCHHFN
3NRCL9MX
9NXACWHW
TYRY4C4A
WM7CNYAR
NFNF9HTW
NAWML9FA
7WHXWTHR
HX7TMFM7
CCX47CFF
XRYTWMMK
7LHRF9K7
A3TCRFNX
WKYXHEW3
4CMAYCEY
9RK3R9WL
NEEMCKWH
FNWKNHLT
3XHEWWYE
CTMFHKMK
FRW7TAPL
NKM7MA3E
HMYK7ECH
XXP7CCAC
4HHXRWCY
LTCN4PLW
HNL4C7CP
9N34MLR9
79KME3PF
WTX979K9
PMXNHH4L
Y4ECAWK9
YCXK73CE
9AE4AT7M
WKN7HHNL
KMF4L7CH
WLALWCEN
9RKEFK9A
W4FFMEWK
KN7LHRCW
TLNW4MNY
FPXT3TL3
ERCYWEE4
KYCEYTAE
P7PCEN4W
WA4NWWHA
F4K3WMLM
4WTT993H
X3ANKEXN
WAENEWT4
7WMKTMPY
FLANFEPC
PP3LL33M
L37E733W
P9L4AC94
37NXHCPN
YXF9FMLH
39NFHRMH
KL9THM9R
NT9PH4Y3
M7EW4RCT
WYNEF7A3
E9MHYXFA
C4A3E44K
H934E3WK
E9YXRR93
R77C79XR
7PFFCRAL
HRW4EWWP
F33PNTLM
A3MCWCHP
R3E3AWM3
Y7P43EFK
MK9AR9FH
HPAKAH3L
PY9T9AWE
MLTAEMME
CKK4KERX
WAW9MKWE
KC4TFXWH
33M9XXPA
MFKCRAPY
AX7C3Y3T
PK4NFLLF
3NXHARLY
4A9YHM9P
A7AMKAX4
RNF9RLWC
PYWYXEYK
LXAECCYL
MCWL9PHA
4W37NLRH
9EYLXTHR
EWMEY9A3
MXFCYNF7
EPFCMHAP
WXWCKL3M
W4KFWCT9
MCMNN49X
XNX9XP7H
KLWRHF4T
PLMNMA3T
RYP7C73F
C4P7MLRP
NTX47RN7
YWPPLTLA
RREWF974
YF4HLTAX
EPFHWPPF
LXRLCCN7
XFPMFKRC
L374M4PH
YHHNHM3X
9A9KH9KK
9N79AF7M
WTPFHT9M
WPPTXTY9
EWPXC3KF
TWLR94W7
MXX3CWLH
TR439XMK
CR4E3XKF
WMWWX7PP
99CNTKN9
XEMXLNFF
MFA9TWLW
P4PLMCTC
TL7FNXRE
HRNYPPFC
KEEH7LCH
FTMFXPTA
RARLNFLP
N4NMAYT3
EFELXFPY
NHPNMNR3
79CNRE3N
C9C9PKNA
7EKH9ETA
WPE3MNR9
LXM7T74A
CA7MNCFH
C97XT3FL
YCCKNYL3
E77TMLEM
7FXWHX4A
L4YAN7MY
RE3NKYXL
ACA9T3XY
TLHCRWPE
F3F3LXF7
4YYNATLL
9HHKCFWE
4PNE4K9Y
FYKPKWCK
9KAMWRAE
LKE4743P
R3LWMEFL
HMF43EEL
E4EENL9P
N3YA47TF
KM9H3F97
TR9ATKFN
MHT34TXC
HFLETFFH
KPM9XT4A
TXLFEEN9
MYWN7F4Y
CPPPCCME
KRKCEHLA
H3WCP9CA
FF4MFA99
9X3APFTA
FP3CCPYR
HKAXWNLE
LWML9HKW
9E7HCPPF
WPYMMFLX
3PHYC9TR
WFMARNYY
WWRP7M7C
XWMKWEN3
TKNAPWMF
REPALYY7
MHE97EEC
EWX3KPP9
MFETKKHT
KNNM9ET9
EFYY3WX4
KFMPK4WA
RC4PCPA9
ATXCHCPW
ALRT4F74
T3EHCA7W
TKT7PEWY
PARHM4NH
CELTEEX9
R3LEARL9
RHYYKLWX
PKA7Y4KL
LCHPKCXN
TNETNCC7
YHTK33AY
4HY9MAHR
C7AM39RE
KAYAPFLR
94WANNXR
44X3Y739
ENE47FNN
MKAWERCP
FXXMMCLC
4YY3F3A3
3ATMYR94
FMYNRXKW
A4WR33M7
M9WREMF3
MFPPXWHX
LHLMWTKE
LHT3RY4M
YPYTWLXC
NW4XWTKC
WAFTYP3T
YXTMF7PW
H3WPNWTX
77TKKX9W
YK4TR3EW
A4X3HWM7
LCMTN9MM
XP4WELWA
3FNT4MCF
4KAR4FRX
AMAYNE9X
EE77XETT
FYFAYT7P
ERHWPERA
XCK7LF7K
4MNAP7F7
KPHY7WCX
LTALPCN9
AY4YH3WK
KHMKHXRN
X479C3XF
F3TFWHYM
HHXM3CLM
YNWHAA73
ECX3979M
TCH3LRE9
R9YERREF
NPE7LCWX
XHHKA73F
XCF7PTLR
H3LHP3HH
4W3LHT7K
3YYPLK99
7T4KCCNH
KTRFERW7
HFYFP7WT
9M4AK4KR
EL37PAEW
FAK3AFC3
MAEWTE4K
E4ARX743
L3X4WRFC
MWWP74TE
NHH4AN3H
WHTMNFFL
E9YY9L4A
HRXFMW3M
MMXM7K7E
K7RNH4YH
YX9WPFPA
MLAKCC7X
T9CWRLLH
9T4NE4FM
RFXXN3KC
LFP9FM47
APT49ETA
LM44CNRA
H9CYNTT4
XF9HAHPE
97FPWNME
3FL7R77A
L7FFCLCL
WWE7CATH
CYLYKYNL
XEC7L3EP
R7KLALMT
94MPY4N9
HCR7XNKY
CPNPHAKW
7R44474C
WXNMKHCW
AHFPK4WK
RNNAF94X
K43LKA7F
93NA33K9
3LY4NYMX
7X7EK3C3
YAF7TT4E
LMETHWCT
H39WTHHP
7YWMWN47
C3N44NWM
T3H3AAKK
X4PE7PNK
39FEKWCT
EAK7TMPR
7RRFRAR9
K9P7HF7T
AENKLLM3
7WAKY743
3YRFMCET
Y3X7F39C
HXFHTHAA
YFRKLFYC
WANWMRE7
WKR4CP43
3EKNF3CF
HPCT9NNR
CN377WCK
T9E39KRA
3XANPYLN
KA3K7RMT
EWEL79EF
KWLM3P7C
RAATARRW
YKWXK4MA
AX3PK9AE
KCRXRLPE
TF7E9YW3
A934LPYA
A3AR374K
7EPWWWH3
YXET7XEE
RYHA9PT4
9EEA4C9M
PTHKW9WY
NEMEYTAK
AYX9P3A3
MEPPMAE7
XNA9CXRP
CY4X9M7R
4A4P4RNT
9WKY97NH
MRNTTYFF
A3MAXMXH
C9RMPHKX
37YLWEAW
A4HNPR9X
9LX3MHT3
AYTYT9NY
MARAE9CK
AWMLCK74
NARYMRKF
4KAC3NRN
AKRNCMCH
XKETEXEF
X9ARMRY7
7AF7EYNN
LK74W3M9
TA4C734C
TMLE9TER
XCT99M9A
NWR7FKRK
4KEPPFMN
YPTNEPEC
LCA9YHKF
XY9LNLPM
N3R949M4
A9RWXRXX
ELH4CPRE
PTHLT3ME
TLART9LL
MTEMMRCK
PYYXKFCR
3LWAKHRN
RXA3PCHH
74PECXFW
KATH34RP
MMYHRYAW
PY7A773T
KYPE7F3R
XKFR3ARM
M77NXR9N
YWLLF4KW
W7HW4N3A
MLE3X9TT
PKPTNCRT
LPHMTTK7
7M9NC4Y7
NYT3CTY3
LARFWA3X
KMA99P7L
NWEYWLK4
LXETRPM9
FXKCPHX7
NR9L9C3K
99CWCWFN
HEMEHATC
WYMKPKXY
N94KCCFC
XA3LFKEF
WPL9CXCN
YE9AW9XC
EMYWTWY9
3HPMATTK
A79YYLP7
9HTCWMRY
4ETERALC
3KWKCRKN
YP7E9REM
MRPRPYHM
37C7R4HR
4MACCMNT
7XF4XPAC
9ETET47R
XANKHCAH
33NE9NFN
7AE77CK4
HEE44XY3
P4RPHMMW
AKLKYRM7
94FH4L7M
KWAP3T9R
XLAF7ELL
X9334NC4
3RL4TLFC
W3LAFK9L
Y9ERCLYY
YF3TWTCF
9TR3WMKF
EW7LEEXL
NRTLY7C9
EYEH4WYH
9P4NAMEK
HNFNH7TP
3W7EFYTH
NM9METP4
ATNF7YXH
LPTMX4Y3
79RHTHML
EXRMXFXL
WAKHKRY4
LKR3R74T
RRNHXNFA
7M3KALKM
M377KFR3
C79PW7KA
9KHYTYCR
Y9CMH9CF
PNWC94CM
7WKCEX9H
ELN97AL3
RHP7PXRY
9YRNFPK7
9X4HKFLK
LCLNXNHN
9EKNW4A9
TAEAXTEY
9Y7KCRMX
FAT9MML9
EYCRPNWE
4FAXRA9N
FA4WTWYF
XFR3PR73
XAYCK43M
N4MLHLN7
W3XPWHTY
LKE7WF3C
ANTEEA9N
TPXRLYPC
EAWRYYK7
EE9AY7KC
HCLRFPEP
AXPKY4NK
ATPYCAMF
R3AENLL3
LMEWAALN
KLFFLRCT
9XNLFXKL
RAX3PCMN
YT3TNRFY
FXR3F397
WPMKXAPH
934LF7F9
MYP9LTNH
9Y4FHWK7
AEL3X9PM
XN4LXMWN
NYKKEWCN
EFHLYC3Y
9XC47WT3
ENP94HPX
KX9KW3HH
K7XCHHXH
PL7XW9CX
AM4LRXX9
KNHHKYMT
9NC9P9XK
P7LFXHEC
PR9NTNKT
437NLCHP
4LRARPT4
YTTYCR79
HXY3MWXA
KAKKPL3M
FRLTP4FK
4Y7HPLCH
AKKF33R3
AYHCWALR
NRX3FMMK
RFF3ATF9
3XPMY3A9
YXARK9XT
TXXWCXH9
99XM3PEH
R3M3PT34
NKF3EXXM
MN3F7N7C
TXE3W37C
9FNYLXHC
YMFRPYWR
CCYR4KXH
7H93E33H
LNT3N9WL
HFFW9F9H
ETFTPCW4
3ECWFTWX
CETNEWTF
3NAWF7WC
LPHRF4W3
E77PLENY
RY7KTPHN
NWAX4CT9
NRC7FCHC
H74ARNY3
N9W7CCY3
93LCEKMA
Y3LWRHRA
APL3TK9N
PF4TKN7W
7E7TNTHR
RPYMX3M3
LKF7FY4A
K93TTCXK
9P3HR39R
LX3FTXTA
A7L4L7RY
L9R79RF4
MLFAWXR9
R7EC93TY
FXEERLCP
PX3MCE7P
4ENMFK9N
TPRFNH7E
CPYTCKPK
YFF49WHT
Y3A73Y7H
3K9E7EE4
TPCECR4N
HYAATAPY
X7XWRF7T
K3KMFNEH
XRX3NLHN
HLEC7HMA
TRWHHHE7
WXHMLTPN
7YFYT37N
7TH7R9XE
7PEEM9WW
NE93N4EW
YRMMA7LN
NNWKELX4
949Y49EA
7FF4NLR9
TNMMMFLX
KAXRXXMW
ENP9XCLP
C4THMRW4
EE79CFFL
MXLN9LHL
KXPR9HTE
RNXEHLHL
XNAFKMA3
EYWE33CH
3P39MEE4
K9R4WHXL
LFXXNTAT
NKK397HT
FWTWXRNE
NNRC4FEL
93EXRL9K
A3C9NTF3
A4FTTKKL
7REWTKFR
4HKMFA34
WTTTHX3X
7MTEHP9X
MLMKFL47
EH43PWFH
XKK7XHRW
HACKL7PK
7XRCNKNN
PYN99HAR
HWHTH37R
AXKE3TEP
TXKYC7KE
CPL7XWL3
9KAYNH3K
T37NKEEM
F9TRNMEY
NCXPFTKH
AYNFW3XP
PAAHWAWY
FELFY4FY
9NANPL9N
CMEEWNKK
KWLNM3TY
MRCW3KLX
TT47WRA3
TWMAFTY7
97KTFLPX
NMFEPLA4
73AKHWNH
HFC994CT
CRAKTY4P
7NWEFCEL
KAFP374L
THY4KR3C
YK3RLMXP
3CKTAFHC
MYKACFNX
4AAREPYA
RMHHNWK7
MRP73AXF
YPXWM97A
7HMNHWPN
C4KMFMMP
NFXRP9FL
KEXH7LY7
3CX7FMAR
RN7REPTP
N49RLC3R
CLNRAR94
FK33RN7Y
P3X7LKAN
977LE7H4
MLH77WAN
C4T9P4RP
4MNLWML7
9LRF9RPE
M3HTM7N7
WTK34FM3
3XP9HNA3
M9AHWWF4
NAKY9L3A
49EXNXW3
YT4FHHXP
LARPKFAM
RLA937WP
CWAWA7CE
7A4RE7CM
HLRMYLC7
CXC3TKFF
YLHXT7HN
4R3LTNFH
NHHC93W7
Y3YMXTTN
4PP9WPYY
E347TTYP
4KMLKPTA
YM77AN7E
FPMTKAXC
9HT7Y9EN
FK77NLY3
KAW4HM33
X4WNC3TM
YK9RL3CA
XWWRERPR
FLWMER7H
4TPAEW7F
A474PM3W
F7NNXTTT
9CCTKLTM
R9E3LR4Y
YKXYKXCH
CEW9MF7N
WF3NTWYH
X4PTTP3X
99XCFYHC
CAWWKTPT
9KK4XCRX
HW4N37YH
RT7ACLCK
3Y37PHYP
PNCPTNPR
TX44R34P
LREL9LMR
FEL7Y9HF
PWHNACWW
9WTY4MTX
9CKEYPKK
KXPFW4RR
LATNKLHA
M7P9YAE4
XC7E7M9F
33HCAPNM
AL7FLFXN
WMTFK3EY
TT4WCR4E
EFRAXHHT
HPNLLPXW
TN9LAH99
3NYENHWL
NRMMMTC4
C43N4LR7
YNFP3YWH
NRFH4Y39
F4E9FAX9
R3CEAPKC
WXX3MMM3
KE3YNXT3
9K4MCRLR
RMF9RNHC
X7NF9FWA
KAFPFLCE
Y3FCAL9L
KR9C7WFK
YWCP9PT3
PKM447W9
Y3PXPHA7
AWYLRL4N
CNY94XNE
XLPMFNCE
3TN4CTXP
FCLNFXWK
TXM4PK9K
XL9PE9PR
FACY9NXY
RMPW3KRL
LN7EL4CM
XKC9Y9LH
PC44TL3H
WFRNPPEE
YFNY99AK
T7WF9W9E
EWW9XP3H
EYEMWRHT
Y9MYFYNE
7AHKC4FH
PLMCYL3R
A3REK3P3
RWXCLTKP
37LCHRLP
NAFN9YAK
H4NCPWLH
4T79CF3F
EHFXP4E4
3TLWNWRY
CRW9NPAK
F3TT4MYC
XP7KWTLT
TKTWXM9W
WEL9ENYE
FEP43F9L
CTHHEAC3
WMHXL43N
9MEKA7T9
RNY3RFHW
HLATR4PN
MTAX9AER
PCCK9HXW
FYKEKCET
C9LKYWPX
YALR7RWC
TK7RHFLK
MNCMM3EM
K7E9NRTA
C399YH3X
9T9XEAN4
PLNP9KH3
43RW44N3
P4TNRHAW
9TML3MWR
TTYFFWHE
FR3999NF
WLX97XEP
97FLAHEY
WL34XXXN
LYL4MEHE
TL9A93WT
MW33KH33
LKARWP3P
7P9MCY3N
MCHTP7KA
HXWMEWA4
97AKE44P
TK9AP4R7
RNLRAHWC
EC3ANLYC
4XLKLYLH
TNAL99RP
7NFFW379
EMYMKLXR
CY7K3WCA
ERH4N9TH
N7WNFR3R
Y9KYCLCE
T79AYHMW
4AWTMRCK
C7R9W494
TX4M4PEE
XAHXKPCL
WHCLNRLN
CHCEHYPM
CMFFMREW
T7NKEXAE
3P33HYRA
LT7M7F9L
RXTYNC9R
XP3PLXLX
RK7AF4YY
4AL9LTT9
RHNTRXR9
RCNENELA
MCFYYERM
HNPW9R4W
W7N9RNRW
LEWRKPRX
AXWTNNR4
CANWKYX3
7PPFHE9N
PK4YWCW7
34RYAECC
7WMXKWHE
7TN97PAW
KEE7747M
49H7F99C
LAWX7P39
A9PNCPH7
4KXMKPPW
CMAY7ARK
WCHW4Y7X
7EHWXEXX
W4A4XWY7
RRLPM97K
4FKR4W7A
NKCM34YA
XMFM9L4W
A4NNE7CC
NWAKMME3
HPWXTPW3
L9ARXMAK
MWYM7LN9
H77FKLH3
Y4EFFH9M
HMHL4EWY
RP4H3CET
7EPPE3FF
9CNENX3A
49NFFYEE
AMFMAA3L
MCT3XXCN
RK34PLXN
M3C79PWK
KK4KCEPX
39Y3FHXH
LC99RLRY
YYPTNMYY
LYY3LPHH
EKLTWPTN
LKLCNLW4
T7MTWKYC
CR97XWRY
99HT4WRY
C9PYE94F
KHKY3CCR
4KRY3HHH
9F9HWYPE
TXAKFMNH
4LCFA4PC
FPAFAPPC
EKLAH3RY
APLK9N3H
XXLW4PRT
NL343RFN
4YN9KEME
FAW9TKNY
YPLT3RFE
34EXC4LL
Y7CL7779
934FFH33
7REMWWHR
3AX49H7A
XWHXEKPN
4TAHYFWR
K3H9E3MK
TTRWFCT7
TNX9NKFN
ELPMYMRM
F7A34MXL
KEYM94RR
KCLRWT3X
Y4XM3RFT
7RELMWKT
AETPT74A
FAYXPRP9
PCPFKYCK
H4RNCKAA
RKK9WKK4
KPFLXNTM
FFTY4R3A
TH7MAXHH
37A9AKEX
93EM7MAT
PMTF9LNC
3AYCAXF3
WP3E9NNT
PEYH93P7
HW4PNR4P
HLEP43L9
PF49A3FM
E3F9FYXR
C3HYFMM3
3HHXWATP
YPWXXCRE
FFCMFR3W
W4AHKL4N
YWPCYAPY
RYHFWKTW
LNMAPC34
WNAM74WN
E7LK3MFA
N4WPN4PY
YXNP9773
XLCTKHE4
WFFHMR3C
4Y7FEWY7
L4F3W7E4
KRKYL37T
9ELTRKCL
AR9YPPF7
CWE73CKK
M9T34RY7
TYET9WC3
LLKMK7W3
AXMT9LPT
APH3EEYH
HHN3C4HA
C9A9A7XM
PF4R747A
XNLTW9MC
WT9ELCN7
3PHNXKNX
XK9FK7N3
EWW443AP
MNE4EN7P
7ETF3YFW
73RKRWLC
Y4KYYK4L
4C7WT79P
AXRW4C97
4M3TTK9C
CHCKXLEN
Y9PXWRCX
CYCHFHT3
FPL73LNT
349HXX4P
L33Y3RYT
NPYL7W4Y
NAYPTPKC
44CPY77K
4FPYK4A3
HKMMELLH
RFCNMRAL
RH4W39XC
3HYNT7MF
ALX7APTK
7MXC3RXL
AR7MC37R
XW7LYRNF
N7R3KNMR
RTECTRNM
XLEK7FPH
9RYNYTWN
A3AMN7LF
YHMXM4FM
TP99PW9F
NYKHEFNN
NCKW7M3A
C9YCXH9M
PLX4P39W
4EF7RFAL
ENP49PMA
RCLYYLAW
HFTHFLN4
L3HHF4HM
ELACRCLP
WR393P9E
XRNEYM94
Y7F9YC4A
NHETFXXK
7XR9HAP9
F9FC79P3
X3NMAF4M
9FN4XKW7
WARPPTLK
3K9FHPKM
FRW7EPWL
FEHLTE9R
NLPECE77
4T3NT3R4
XKRC3MP9
TMAACA4H
MH7FAKEC
MKTCRTCY
MF44W4YH
ETMFFPHN
L7CWT73X
PA3TR4K9
YA4CP7KX
TN4E7737
MXFKPLTM
ENF9Y9TA
499HYE79
AHA7NYLE
NRXKERNR
CN49XL9L
WWLKAYTH
EMTX4FP4
3MPA7H3M
RTMMHNXY
EKKKN9MN
NHNFH77H
AL7PCEMP
LYCCHFCK
E9XFRT3L
KMNAMWWM
7LLEFXRH
MELR9HMR
E4LXPXAW
TRAMLN3W
KPMECLH4
PKEC999K
4WX7MKMN
LP4TFMET
NHKPMWT9
7CTMM3HL
W7E97P7T
T9YKPAYN
7TFYPW39
KLX94WWF
FAT3NY9A
E3AX3T9R
AMERKK7C
NLWNCN3H
94TCW9KM
NYXPHXLY
KHFFHNW9
F7YNEA4E
APCTLF7K
M39FA4NT
4TXPNNFK
HPANY7MN
LFETCF9Y
YAT7EFPW
WTY99REF
YTN4M33L
L7PEAXLK
EXKTCMKA
EMXFLEYM
WLLA4MA4
XC9C339R
TK9KT49R
7TRCCACM
MERKFA34
ELFYRARA
RFHA4HMC
CMLCFP4Y
F7M4RP9C
AMPFEXKK
MH7HPFRM
A3FCKRE4
EAR7C4PC
PCECMX4K
LF7C4ME9
MPYKCKTR
WMEYAK34
KPKCNPHM
7PE7PAEC
YL9KKCN7
HHKNYNNY
XKRFKWK7
37HH973E
R79XMF7R
TFXRNRL3
FFMCR3C7
9X7YXNXX
4MYT79T9
K4CAW39L
3NM3CT7F
FWC3MPKH
PT4ENW4P
RR9ARYTW
EWKY4P7W
HYN4XFCF
CNHLCHKW
XKPY3394
KPXAFMRW
YMWLFYRM
WC7M9PP7
YYWYXFNA
PF4TLCAL
W733T3PM
LH3NKLPT
FXXTMPNC
NL9AHX3A
E7ENT3PT
PA7EAP9F
LFNARNER
9WMFXHFF
MRAPCPCT
MHT4FWCP
KTY33HYL
L4R7Y7ML
F34MFHHN
4PP7TL7A
LARFXW39
KYPWWFXT
TL47HT7Y
N3RE7XYK
37PTX4NL
LNTWYYHP
C4KLKYPA
R7MEHWPL
T9LLM9TE
EKCM44RW
XA9RA7NM
TTR77FWE
CA7MMCAX
Y3RKKYNH
WHTYF3PK
PKCHWWFP
9MCHKXTW
YHN9P49K
WFMXRWPN
9TH7MLTK
N9TPTMKL
RMAC7XRN
3CCMPK3H
7MWWPXAK
PCRMLFTW
4CM47YXH
7KRFHMA3
FL4RACRC
LYHMW4C4
PL7T3P33
TCW7LNHE
77MHTFRK
NCTENW7N
7LNEYF73
H4CNR7NC
AW7KWA37
MRL9L7CT
7LW7NNPE
MWPYRTPW
X7TXEWLR
W4LNNL4T
NW4PWFYT
3CM7PA7L
TNTR3LYC
T7ANMNKE
R9NNMWHL
479PE7E3
W39NEYMP
KNPK7CNX
3HXFNCE4
3L9YXPA7
XW7K7W3H
N9RWTK9M
RPEAW3WY
R3RNYW44
3FYMYCN3
AT3TECXL
Y4H4A7Y3
A3MP3AM4
43KH7LHA
P3HKCC7L
CNMRCE3K
P99TPHTF
3LRLRAET
CCNTTYE4
XRRA9TFR
K74TNXKM
KPX7WXLN
MKMHC33R
XTN99RH3
44FCMFYX
HA9KWTXT
3L9EHTLC
WR793REE
K4AHRTYK
7YF3RAX7
NXTWHMWN
FFL7FLEF
99H73PK4
4MEM4A7R
N7AF7A3P
YLXET4NE
7WR9PP4H
P3ELLMNT
CKLWHCLW
L9KERNER
WT4CAKLM
MHWRELWX
LC7PEMYW
MCXPTFER
LCR4WHPC
L4XK3L3C
7PKX7CH7
AAE7Y9YP
CMYYKNHY
KA4AKANX
X79HPWMF
RTTCTL3C
HACKYCEM
4PWYPPEA
EMYETNMA
7REPW3LC
TY34WR4E
4WFHMXFT
H99KLNXN
H3YPNCHK
XNEMAM3N
AP3KYWFR
FPYM4XXH
KWEP7E3R
TPH4HPEW
XKXFAEYA
MX3L4MFR
9Y4FWTTL
A97EAYC9
7LEFPXP7
RXKMEF9T
CPTF3LXF
THE97AAM
F4WWFYFL
HMECET3M
H94FPCW3
CPLTEY79
T9YKH7LF
WHXAPHHC
X44T7AM4
XN49RWP7
9LELXF99
RA7R4YLR
CWMRT34X
KFYLYAY4
9AHAHTPR
LTX9RYXP
PNY4LKNH
P3LWMF9X
PPLT9YYH
F7HMMMYH
PLKALRRC
XP7RXFHH
4NMEKAWX
WKHXPHNN
NTFMAEEA
NEPR4E4X
KXLK9XAM
YKRKM39C
YLHFHH9L
7NKKLWP7
FLNFL4KF
3EKHYWPW
PE9Y443N
XNYMHKFH
PKEEWPL9
K7A3K9AH
RL4ACN9Y
WHEK4LYM
WCXPRMNK
P44AKFFC
WNHAMEHY
HLTEKCWF
7Y9WT9RC
43WW7YFN
LT37AWRP
YWKRH9C9
E3NL9MW3
HM7NKFKY
PMTATR73
AERAAHHN
F9WWRXLH
RFMHXC93
CEFKREAR
9FA7LKPR
4NEYLFWN
479WTTFM
33TWNF4A
9HLEM4N3
9FMLE4EF
W7FYPNMF
CLFNWLTH
4R9LMEF4
XA7CMCLX
K7W9PXAR
L3RH4PM3
CXANHY9W
F37PPFL7
CXREYK3X
WK7TKN37
NXTFC7CA
LA4XLYMA
7PYW99LH
3PT444WN
MK7EHXMA
YPAK99FC
TCF9LMKX
CK9M79RT
CH7K3XMW
C77ATH9K
PMAELWCP
4XRWXLCE
4RXMKFEK
M3XCANAC
C3R3PR4X
ETW3PXR3
7AY9Y4TP
3R9NP4WM
L3AX9939
HHXNP34R
PLELA4RA
RLP3739A
HLXX7PHA
EAR4CHY7
MLX4YN7Y
KHE4M7CF
KCEWKAWP
K4KMT9PP
4M797YX9
A9M4YKFY
7NLRTN39
HYX9A9AX
PPPPN7NF
WCX4ACFM
KEXXWC37
RLEEAHKK
R3NH7LCW
ENN4RTN7
9MF9PEYL
FMXEPW9P
PRTK9KPK
A43HLW4X
EMRRENNC
MF39AN4M
L3PE7F9M
FPHPRRKP
HKPPX47A
N793CKP9
TYECY4EE
HCNEHYAL
9EWL4XKN
3WAWRRAP
3LRY77YL
NFA9CWNX
ENEXMW9T
XWL4XX3F
FW7F9YY7
HKX3HH4T
9PH43K74
YLKMTPMR
MCWTFCWT
K3T4NW97
EE7LR79T
L3XT3NXT
PXYARFNN
MCM77FHN
HPEFPRYE
ETTKKXAM
EXCN3PYH
CXCAHW34
X7HKCCRK
NE3YMRAX
ECCNH9TP
9NPYHEPR
TEPHPCCC
PL99AR3T
799N7KLK
P3EFTT7A
4H4E4AE3
4PXTT9XW
4CERPXXC
3NHR4EMN
9FH7R4KC
7HNX9N4P
YHXYMAFF
XF3RA3LT
4YNLELAK
WMLLRHFA
KN4T7XWL
9C9M7NEW
HM44KAMR
7REMHMKC
FMXTWTKP
9YNFAA99
K9KCPXKF
NR3Y3T9T
XLWMATTE
CWWKKT3W
AFLMY9MW
CML3AKLX
397PPY9P
4W4TH94C
M9AR7934
C9WTYWCW
Y433LKMM
HLFNPRET
RXEF49WT
CHRXPL94
RA3T47F4
WF3AN3TH
33E4ENAF
YLNHRRKC
WWT7MWWL
WMN7TXYX
7MHCTLFM
9YWWWRYH
LL4CKK7E
9EWX9XWR
EWMMN9PF
KA4RY9K4
WYWKMN4A
LNKRK9HM
4E9NW9H9
CPWEHCRC
RX4PA7W3
XA3HNKKH
MFLXNLPN
TYX4PXN7
NEM37KNA
WLLFPRLE
Y7XCR4C4
HK7YPRNP
NRL3HKEP
X44TH9LC
MMNK73P4
3WENY49T
3W9PX44E
CTK43AWM
4R3CYEMH
LHN7RRX9
APNXLA4C
7P7CEY73
CKFT7A7N
NCXRALLN
FENXREEC
PTA3PRR7
YRE4WWYK
F9WXKT3M
MRRTHFRX
NHKAPFL3
PT3RWNKL
3TPP3E9A
CHFN3R44
9A997KP9
YMFAHATW
YT93KCX3
XTYTM4KT
PRCFPML9
3KAYAA4T
7PC4HWLM
TLY3P44F
MEMNX7AT
L37F4NET
9KXCMTHY
9RX4TRLC
LH7ACH3F
HLF7YMXM
ETA49MYC
T9LHMKPR
AF49PTXT
WACREN4R
TE99PF7E
CK77TFW7
XXKARKHC
3TECNA7T
XXCFX7KT
YAH9HA7L
CHWHEERX
3C7E3KXL
K3RLEHTA
WTH9A9Y4
AE7XM7NK
7E9AN9MN
YYC97NCM
TKKF4C7A
Y9WEW4EX
T7KHNEHY
A7N7CM93
MMNE39EW
AWP7HTMP
W47TMKLR
3YLFP93W
H4CXH9MH
NXE9YT7N
7CMP9EEC
NKWWPH4Y
K3FPYMTP
XM4KE9KK
WMYCXHFE
7FXNLYCA
C9FE4MW7
794KNE7R
7RPYMYFW
9FXKXN93
C977XCAX
7MFA4HR3
KLNKFR9N
73ATWNPL
TKRM3AAM
F4RFWPYE
EFRC47ME
RC4EECYE
MX3XE9KR
FPHFHW34
973YL9CN
7KMWAW73
LTWWHNWL
YTK4MXFR
9NXP9C4K
YRFY4PAE
99XH3RAP
LTANYWYA
RMAAFK3H
HRA9CNWY
CLRTE3ML
TAKTTTKH
L9XR9XNM
AL4L4XWM
YALXXPTK
EH7EKLTE
YRXNR94T
ATHMXKNA
44XMYXYY
HRKEWFE3
Y3CKL3EP
A3FPLT3F
HAAWP7EH
EFW4KLMT
3NNWHWN9
37XLLYLT
3RW4AFWR
4E7FETXA
M4HXEY7T
EA79KCFH
W47RXKRM
M7TM73KH
ETW9L3PY
YH3LNHXH
PEAEPNRF
YYWAYXEF
7XM3MNE3
M7E73CNK
AXLHMY7W
KPTMFFXH
LY4YK3CR
ERTEPLRC
PWW3RXT7
FWCYTPF7
LL4HY3PH
MAW4EE77
NX9NMAME
FHCYT9LA
39EFLNWR
LX4ARHYE
AH4A7PRT
TA3E7FLA
X7KAL7CP
AXC3LF77
WEXTYHCY
EYWTMMWE
WXNTA4MP
NTAXKPNL
RK9W43WW
KEX4PCYP
CMMFRLKW
RPEX3NHF
LECMR4Y4
XAEL7MF4
WAXCCAPK
N4W7ERHN
XNR3MMTR
LWMFW9WH
W4NK4YNP
4CAW7P7X
ELMETPHA
WPKWFFTC
MLTCYXYH
P9X3X47P
WAAPACK9
YX9TYEC4
TXTYK7NT
99RCFAA7
7AXAY7RL
CWX9EPAW
RWKHAA4F
HLE9W7LF
NWKLEKF7
73W9AKX4
7MPNPFNC
F3YXPLTR
4CKNA4K3
3AEAHXNH
ETCKML4E
W7NACMRC
4HNMKEFC
4NFTEFPF
7W4FL7H9
K3RKTEW9
P7AEMKHY
HCRCKNHA
CKP3XNN9
RWH3CH4P
F4NXKXRE
3CKPYL7F
WP3LXKPY
MMKFKC49
PRWPNXMP
PE7NHXC9
E3P4W7WY
PMMFYNAL
4399434T
AWFH3FLF
EL33NMP3
PNYEKFF9
L9RRHNCF
A474YWAN
9YXWT3F7
NX4HW4MR
XNA4EWP4
WW9WHMTH
K47EWMWL
AW3N7RKW
PTXTFNFX
F9PLRMEK
LTX7MWRR
XCAYLP4R
CTHH4RCR
HRLFTWYK
H3LTAHKF
LCM4C3EL
97NFPFCF
MNAKTTK3
HMF9K4R4
34YKYETF
KXXAWC73
MXANNF9Y
CMH3PP7M
M3YKPCXK
KEF4WLTP
TE44AMXM
LM3HRMAX
XCLPER43
7ALKCFAR
4HR9L347
LHT4YWFF
AX3ELERC
MPNX37RW
NWCEHXKW
MTMC33N9
MAFYWHYR
T7H9F3L3
KELLTAA3
CP3X9E3L
3CW73YNK
7NERAX7N
YMAX9AWX
EWTKFNNF
ATRFCF3H
43NWHKWA
N7YKFAN7
XR4HRPHT
AWFEM3H9
AX9HTNWY
MF3K3RK9
YL9MXEKX
PY4KEHAT
34WP3EK9
HR4PERPA
C44FHRTM
HWHWT9KY
MMLTCPCF
W3PHWNHE
PKAFRYHW
Y7FXRWAY
EY7LKX9Y
RKTKYHAX
MFNAYCPP
NY7KLKHT
3TYRWCN9
RATA49CR
CKYEX7HM
M7H3KPM7
EHXRCTYW
X7MP9X4T
37KATKXX
W3TLPPMK
XHFM4FFC
4RWAPHWX
HAFLAYC3
H7RW9YAY
YAYTC7FW
FL43ELXR
4NPR4KMR
HPAYP9RE
3MX7MPXH
R339PRML
KKKXC44Y
WCCYETTN
NRTWKE3M
E3YNYFWH
3NHC44MC
XMXAXCCF
T3FHYMKE
4R434E7X
F74L3XFT
WAPFYE4P
XPFPYYMN
RWNEC374
HRAMWX9E
T7T4WL37
PMCXFK7E
LNFLFLFN
CHYFLYM3
X9TXXR77
HRPC9MHM
NYLPFMHP
Y7HT9THK
NR4EMY3K
7XRTLCX4
77KMPLCX
MHWFXA94
3ETE3PRW
9ERTPX33
KH4LL4YR
MF4W9YE7
WTKHANEH
CYXLC73F
FN3WWKKN
C4MH9M9H
TAYMAPEP
RNA9X3KC
PFFKPTLP
LKNFLHXE
AF74HP4C
WK99FXM3
FYAE4E3T
W3K4R3KE
XPPK7HAL
K3739FR4
YKWAL9Y7
M99RLK97
W4XCREH3
XXLNFKFL
TMANAXX3
YEE4EHR9
EHCX9EWA
9TNCCFPY
T7LL9734
7TMRMHX9
K3NKC7EY
7WWK9RWW
M79ACXRN
AWPEEPMP
A3FNW99A
LWFY74PT
CYWKYC93
7R9K3344
REXE9HKF
HE4HHCEH
3FF3HTEH
WT79P99E
M3MLKRRT
YFWHXPLC
KPC47HF3
MFWW4337
P3XX9FXN
KCFTERLX
H9TL7RPP
43TEHHLY
NAWAW7WA
3W3RRFA9
KWR4HYPX
CLK9RX4X
AXFEFL93
EPM4KAA4
RMA7XNAP
T4AA7E74
YFYMER4R
MTW74L9F
RT4TA9AT
RMNCLA9L
3HM4MCHX
TT44M3CH
E3KFRHAH
MMF9MMHP
CWCC943X
H3LN4M34
LPRLPL99
P79ENH74
M9W4FH7H
HYKN9A9H
KKXXEPWX
RKLCKYWN
EHKRN9LM
PRLYMCN3
WEMR4K37
T3KKCEM9
AYW3XHYN
4YXTFNYY
TERFKXRR
PTERNCHN
9NC3CLLN
ARY99Y7Y
AAYYLKTY
XNMH9XH4
EKMLCMXP
AMWTNXMA
R3F4C4WN
3K7W799T
Y97YNWXK
Y4NC94XH
LY3WNLCR
9TNT3EC3
A9KF9EET
4EH97LRF
NWM7PKTP
TXMYCL7Y
9MNC3N4W
KR4NAE3R
4RPMCMCK
K34YR479
KXH4KH4A
YT4CAKM9
749C7ENE
LF4P3RAK
R4TKFKYE
9FT49LPC
P7KKY73K
LRMXHTFR
H49ANRHC
NFLRYHYX
LKYR4YLH
LCRNFTF7
K39F7R4X
RCEPRFWW
3WK34WNA
LEXECTFH
479PPPLR
4HLWFL94
WN3F39LP
CLW3Y9CL
FYX7LK3L
FHA7M3EE
E3RA7P73
AWKY4HLM
WM39LPPA
CNP4N9XC
3Y4RAHW7
7HYF4RXN
C49PRPKA
N9NRXANK
7EC3R9CL
YXYRR97R
MKR4T93H
YLXPFHHM
YRYWTWTE
NFWRPHRW
XRLCXW3W
ANANR3FL
34EX3YAW
WENC44Y3
EEYA4PYL
3MPYFFFX
HLNR9TE4
9E3FCY9K
LEW3PEFE
NRWFMCTC
N7KKNWMH
LWPMAE9T
77474NWR
7TFYHTKY
H3PWLMKY
KXF7YTPL
T47RF9FX
APKXEFYX
XYYL4MRX
3ALXWELR
3MMCMM7K
X9X7XK7K
ERPW4NER
C4H93LA9
MF9E9MKK
NRTFENN3
3RRAE3EC
ECWPNPXW
H7ER4F7A
4LFRNRT9
3MFKXEYP
EMPTM9TM
EKWR7T4T
CMRWW39F
7HKNKW3C
33TY79NP
R734E7YP
CHN4LL4P
M3A9RYMH
TNT39PKY
FAFEF4FR
EWL7THXK
7PAKFRXK
WWA9X9W7
7Y3H4KYC
EN4KLTAF
KA4FLPAK
TPM43FNW
39HWWPKT
XPNHECXK
YMEF9MYT
7HPWRRML
CMKFLWXX
HMCHNA9L
3WRTETLT
ATK3AMW3
9NHELKNY
PEFCTTCA
MPH3WLRK
XE7N7YWK
PW4E4WMM
3Y7L9RWE
HNMPYKH9
XAMLC374
FPL47X9L
HPXXPKRY
39WFRNWM
PXTR3M7W
H4C3FP3R
XL7X3FKL
TCYKFPRT
XC3TKKX3
LELCFTRA
HPEAKP7M
74HK7XWE
MNRNKMTX
RYM77ATY
XMW7E9RP
WKNPKRH4
F4C3W4LW
CKKNPPY7
FAKT77NK
4LT9WAN7
HT3EERMM
9WNX9P3Y
LEAF3PRM
KPMFWLRK
HA749KTA
TTAENAHF
9YKCEHT7
TH9Y4HH7
RMHF3WN3
CRHP4CWW
LPKYA9TN
PEMW9F3E
A3TYRLWR
3PCP3LH3
XNA4YXYN
LXWNWFLY
F3AH4TAL
4CMXY4RN
X9TN9KLA
CFALYRM4
XHN34NRT
74PKC7FM
RYFAT49R
7XX4RTPT
7KCFC73X
KWTRLAW9
N4NANC3E
AEMPNYP9
Y3TNH4RY
M3KHLP3M
3TKF47CH
P7FLK9WN
WKFME7WF
N9NM4RRC
WC7H4R44
EN733CFW
XLT7RMHW
HNM9YXXR
XXKL4A3P
K4HXMTXY
CMATWMNN
WMRRKKPX
PEMANWKK
4X3YPWR7
LA4KPWKY
F33ELCCW
3RN33XXP
XEFAEPRA
NMFPNXN7
4T3CNMFN
TX393XWM
PEPRF33A
W7YF77F7
TLL7KACA
XM34CLEH
CMMMXLRT
9MYNP793
ERNRWEFR
RTPMKAMY
MWLNA9NA
WT93XHT4
WNNF7CNP
9XTYHN7Y
MKRC9EFH
HC7PXW3A
XL3TYCXT
TEANC3AP
C3HRN9XT
K397HAT4
LYAK7EF9
33XMHEA9
FNY3AYYT
NK3TY9HF
EYYP9MXW
CK4TEXY9
9ELTHA7E
LNMWXXMK
3YH4CLLM
MERRFRE7
TE4KA34E
4H9747WM
99FYPH4A
EF47M33L
74C9LYR3
PM4CC3A3
73WRRP4C
MMW7TP4A
TY4KWLFF
CNRLAYA3
PTHAM43A
43RTW4CR
C77NR3WW
97TFKN4C
LL9FKL7M
KFPTTFXH
9WCXCLYE
CF7AEAAE
74KPKCLX
PA4H9EYF
7ELECKTX
CXYXNCAY
X3MHPNCM
7HHEYLK4
THKYMPCW
KLEPH73T
9WNWWYHN
PTLMK7LP
MPKWNCTR
3N3FW3E4
4K3XNEKY
434WHYLF
FEF9WAAX
NFKAFW3A
NNMY3F9H
FHPHRHYY
PNYHEFW9
NAWKM7PL
TFALATEE
4T39TCCW
97EM3HKK
EL9R4F33
L7N37WM4
E3H7RFWC
PAANH3W9
FXKNRW49
PA77M3XC
YW7RMYRM
TXLERN4E
ETW4RMC9
YF3PAAEA
KMRAYRHC
EEWTF4X4
7WHKCE7M
EPX9MRNN
3EH3EWER
FW94P3RA
FYYNXYNK
4W99CWMT
HNEFKA7M
Y9TE3TYC
EK4KWFEH
9N9FHCWA
XM9KTYXW
FYR9NNX9
4YRHWL9E
EHLPEM4R
RKR4LTA9
494NCT74
EKN3PTKR
LLCPEMKR
TFMWCPF9
N4WXPAR4
E9R9KTLM
3WE4FW3Y
T33T93AC
3LLLRMWF
HTYERLPE
WYLAHA33
3MM4XX73
PHYKAFXF
NPK9FWKY
EHAEF3T4
LR9YLX4A
LFRAH7T7
PRHPY99H
C4HFH3A4
FRXAKPFM
XMK9PYPA
HNTFNF37
Y9WAPTKK
RWRA79N3
FRY7YYX3
3ANTEWYX
MWTKEKN7
N4NLK4EC
LFEHRYLR
PNMPPEHT
E3CPKRHE
RYPYTF7F
FFFC4C9M
399LPAT3
WLRXCYCY
XK3LP3M7
E3KHCH3K
3XFHNW94
HLPYNW9F
97LWNRCA
PKP4HLCF
TC7C9NP9
9E7LYE4R
7NLAKTPH
C4KC7FPX
N9E44HTA
AK3Y3E4A
TFANAX4M
3P4A3FLL
NAFWX7FW
F9WA9HWP
N3F94WY4
CWP9ELXT
XCP743C7
NMH9M9HP
AWK3KKYE
HE4CTKFL
F4WNNRHN
RAPHF7FR
73AR74FH
HM9YLH77
HW9EFLMP
KWKX37M9
YR4AM4RW
7Y43XRMP
ATTAY9PR
R9C7MWWW
C4WTXEFC
PCX4LYPY
X9APKPNC
4ERKPKYM
EWYCKYP7
NK4P97XP
MTTYK4XW
H4WNL9RK
339FECAE
AXNCYNWX
FMKRXH7F
YPAERWT9
WFN4PCKL
NPXY7RNW
ETL94A4E
4R3MRRCR
FHENHFNY
AA3RXYPC
7WKEEMHX
K7TTF9LF
L7WWHE4R
C3M3XYXT
RFMHPR77
E4P3CAEL
RPLLHALK
AARXK3YE
ELAEKT4N
4C7CT7XF
4FCHPHTA
MK3YHCY9
X3LKEW39
L4CFMHFR
EXM3E4HX
WX3PWP3E
CFWNPFTH
3C7T4TNA
R9X9NFR7
RCMRKLWP
YKFCHEF4
FW3MMM9K
C33MPP33
MHXYEFP3
CFFN47XN
HYMR793N
FT9H4CWA
74FXKMAX
WPK3TFXX
P7797HNA
4HYX7NXY
MWA933HE
TWXPXHLC
FTF7MM99
XWPMANAR
73AKMFLK
TELAXE47
K7WYYWNP
P4CLNHPX
NXRRPERC
94KHWXPE
7FRHT4PE
YFFCA44F
A4MWMRYW
HCWRLXW3
RXMCAFEA
F7TFXTEY
FXX9EAPW
K7C9YPLN
XKMHYC3C
AHMHKYM7
NRLEELCP
HLTYHMAK
WPWFKYPE
HWL49NRN
KTYEF9MN
FWHMWN44
HYKFPPKC
4KCWX733
CH4HFHMC
XTN9NECT
X99997MT
NCT3T3R7
LPC47Y9P
C9L7EYCA
P9FAFL9Y
KL7ALNLC
MTLE4CPP
RF77EA3H
LNFNMTLR
KYWNEYMM
R33HANNX
TKNHFWRA
M49PERX4
KFXYCY33
NP7TNXXE
CX4CTN9A
M4TWT7MT
9N9KRKN3
AEC49HAR
ERHH4HL9
NWNX4T33
EMFTREXT
HHFWTTTE
CMMAMWMM
YRL3YRYX
9XPM9LFR
4YW47T7H
N3MHPCA7
RFYN77WC
NFXXW7HK
MRKXXEPR
LXM94P7R
F3RK3FW4
PW9PTLCX
X4TMH4KT
EKM3KMTR
FC4NWYHN
FA44ECAR
YLNL3XM7
R3YL7AMX
X3YNKTAM
ETTXNWNR
E4YKP9PN
FX9CFMWW
Y3YK3PNL
FK4YTNHR
3KMCARER
MNNNYPRC
TKFFLMCX
H97AN7YF
A9TXF377
4FFPLCMT
F99A3FXK
EX3CF4MW
KMWHMFFT
NYPHFHCP
7WPCKHWK
RHEAPTR3
7R9NCMH3
3WN3FYL7
CEY7TY7Y
7YLPMP94
F4PTE9TW
M4P4TAXM
4477EYR3
PAP7EWHA
AEYCFWM3
WWELFCY7
WEXLTLM7
MX4TMYWC
CTLC4HMF
XEAM9XHL
TFCTNF9L
RKL47CAE
FKNEN7RA
FPHYRA49
X9WRTRYN
Y3MXENX3
M4CA7F9L
TMMEFK9F
P4A94P39
TPKYLXN7
7AWYR9EA
XPMFNTHF
94CTKXNE
YHX4RTML
R9P93HAE
PF7443MK
LFENYEPA
LHCCCFAW
M44CERYY
XRR94F7C
A4HY9M3R
4X3CRX7R
MHLA3N97
KCALRPWH
LE9F9XLX
XKCCCKXE
7KCYAL7T
X7MMYTA3
TCCTTHHN
H4MTCWCX
CFCY9KYX
337MPXTW
WAR9RAT3
4FFWNPX7
XMM3TLN4
W4RHLAT4
MNAK9LHM
MRMHPKRY
9RKRRPM3
94TAFPPT
R3RW39YF
Y39XE7EE
9N473T4H
E7T97XKK
FPY7TXMN
FEL9MLWL
LWPRC9LP
FCLFCWLK
WAH7CLAF
NKHNMHWC
3XAHAXT9
RHHNAXYE
C3FFE7TW
EEXK7NNX
HT73TEKR
X7XCRXXH
T3PWP4K9
KPPMRHKT
FNNFEXC4
WHWWFWK9
PWWFC3HL
C47K7A3R
YX7AKRM9
ET4WRWF7
R4C4YN9R
MM9AHWCL
TF7XAEFC
WA97MX73
9LMWHHXX
EFTFE4HP
L7HFMLXR
A94XPEP4
KECH3C9X
PWEWMELE
KP3M43WA
K93CEARH
9YTEKRTP
NH93T33N
THW3AY3E
E3PME7AC
YX7Y3NNR
7MXT9RL4
R3MT9XTX
NWFCE4CX
XAC4FYXA
ACREFXW9
LRCN9YPA
TCXAPNRL
RWTNTAR7
EECKTMX7
7TY7E9FT
4937AFN3
TLM3T4AP
4REMRCHC
9WH9A4TT
LAPEF7C7
FLXYRHHX
XRKERKH3
R9HWRKRA
WWKTCFLA
9KAKKXWP
FKXT9YMX
HKLHFT3R
799RCPMW
L7MXFMRT
ELX9NKEK
WHYNEAY3
C9AYNXWE
WRKPKNYH
RTC3N3TC
KWE9M9YM
YNA7NFMA
RLNYLTCP
ECNKKNAR
K9KFMXWP
RT3FFC4X
P7W4CEMT
CNNEF79X
EEC7T47R
W7H7KMYL
CLWTMF3K
NRN4R7FL
N4LCEMYK
YW7RWKW3
XMMFFTR4
M9E3YFMY
X4NTWW3A
EE73Y7NC
M3PERCP3
H94NLT39
EYXEHMA9
LNR7PMXH
KH4HLP9K
XYA97YMR
7YHRY4Y9
LK7F97F9
XF9TMPYR
ETXWXY7Y
HMR7L3PM
LFWCY9EC
37HECY34
47X4FF4C
FXHNKRW4
XLAPEPNP
XPRAKF9C
TAAWW7AC
EWM3WANE
KN4NTLRX
HKLY9FYF
PNRC4WMN
EENT7LR3
AYKHL4FF
AHXKHACC
RML9RKH9
M43TM44W
PMXXHFLM
KFTLECMW
P4HN7TK4
F4ALLAXL
XFNTPPL4
EWK77NRY
4HKHECTP
W4HTFMAT
T4TYYHRF
NLKWHPF4
KT7NPA4A
EEPRRC3W
X4XP4YXF
4XEY4FCK
YLHN4EAY
YFAP9TCH
WHPLL77C
CHYXYMLL
KL4TKY9R
4H7L9HM9
LHN4TEPR
RLEP9RAF
9YT3MTY9
4Y9M3WRW
9F93AAMN
TMATRAEX
WCAXA9WC
PKPKKMLL
WPRNWKYY
TWMW9NX7
997HP4EF
EWLKN4NC
TRLCENLP
CXA9WR7X
F49NERK9
4CFYNNNW
PEMY33EW
MTFXW7LA
CHRPTXCA
HT4YYFHX
PF3WLKPH
PCK7LWPX
9M4T9MET
HL3P79F9
TT7KFYFW
4MWEM3A3
RLXAN9EF
YPLENC4E
794HNAHR
R7PH3CPT
P44C4EPY
T7YM9Y7E
PNRRLPLK
MHYH47YY
WXWAXXRT
TTL7YNKY
X3AA934E
PFYCYAF3
ACWTAEYK
7FRRXW3E
NKT73LNL
ENACNKNW
MPWNCHTY
XWR7CRCX
MARTLNFR
T4AX7HXR
CFLANWPF
4LCAREFP
HRATNT4W
WNMCK9RK
PWLCW9EF
CH7MKNFH
WWHT4RNA
X9KET7XW
PHFP4L79
RK4E9933
79YX9RW3
NM7FPPMX
PPFF3ARW
XL3KWC3R
9LYM4CNC
RRYMPAWC
WC9WHHAH
4X77AFKF
FXTECWNP
EWEKTPKA
9NWTFYRX
9YN93HMY
P4NR3W7K
KLFNXM4L
FXCWTRNN
7XTRNHAN
MF9WL9RA
W3HLHPYC
YC7XNHLH
99RPF9FK
LEYTAMYA
ERXYWPNM
9XXXMHYK
F4KP3KAX
HPK4WYT9
NAA77MEA
4WMXT7KN
F7Y3TA7Y
NLP3YARP
KFFT3ALW
XA4PNMR4
AT9HTHCP
KT73LKPM
PCR4KW37
4MN9NR4X
W9LNTCH4
NP3HA79N
9PRFHNLX
RCCHA3RH
F7EK4LEA
LNX9XHAY
7FEMNMKH
AW7WFXE3
M3RCCA9T
MNN3ML3K
TNH3P3AM
3XPFFFLT
FEEHLNX3
YPT3CT9A
EAX3NWEK
3MEMNT4E
A4KY7TE3
K37CRECA
97APC7AE
4LAHMXR7
LR4LHKMF
X4PKAF9E
L4LYHPWN
MW4HNM7T
WFRFTEYK
334XCYTE
FFLX3MTR
PRRXY3PN
FYCRMXHL
XNEYCMCY
4AAAM3LW
H97KNRAP
CYLY77FX
YHWWLYFX
Y3YMHAK4
MYLECLYF
3R7P9XNW
3XAPFN7H
YWK4HLCT
3L4TRTK9
YP3R39EF
HAHTWLR7
KEMHYPWK
M993NMH4
7TMY9AYL
TNK3HEXF
AWRHYKN9
HK7PTRKL
9LCF3PHC
3LA3EPXF
MTPNPEFM
ATN7X93P
PTRMRFW4
NPHFWWPR
4TXM7MN7
94337PXH
KFXRYYMX
K7NPE3AT
PAWCRLRW
NXPKRLRH
CC9YW7AY
LMHKHFM7
RLLX3NTY
CKKXEXHH
3MKNNRY9
TKAMFLEL
WN3AF34N
X3MHKFL9
AHYL9HEA
EX9HHRX3
3MEXRPHP
W93AEFTE
7TACCEKP
TH9RE7W9
AWCPF7KY
LPNRNTL4
CWMYT3EC
49KLAFHY
AER3XE4F
9KCWN9TA
LCPHAC99
HHK44LYK
X7CECFNM
MWN4PK4F
3X4WWAK4
FWAMCWNF
H339NF9X
CPH9XCX3
TW9AXT4K
KP3Y9YWK
M7RCKWRF
CLEW3HH4
PXNFAP7W
KWH4TMAE
7M47X9F7
7CRLAKW7
MNCNXHFT
CMKRHCMR
M7FETR4M
TKHHH4MF
LWLLPRPC
3TNRC4HA
CTA3HE3F
AHMH44Y4
C3R9HMMA
YWP9CXPK
KLXXFRNL
W3CPPREP
LERLRFKT
LNAYAEYC
LYAFAPEL
7YTN7YH4
LYRMPP7T
WT7TT7N4
EA9K3E39
HWMRPCK9
CCRH39HH
T79XXYNW
M3M9C497
WMNFKCLT
K34HFRC3
H7ECH4EC
HRC4T4LN
LHKTPAXA
CLCM3EFH
7RP3HAKY
FTW9K34K
34X4PWCE
RHMPWCFC
HNFPTXA7
F7KYNW74
NH7TC3AX
WLEWHYFP
RYP7A7FX
E7YYF4NH
TYX9WYWC
PTF4NPLT
Y9FYXYFR
Y3FF9CRN
3C9M9AKK
3P3P7NN3
3EHH3APY
4AL3C93P
37RH3FET
YHXHXKA3
TK3CWEPP
HPKKYF7M
LCKFE9AW
FWHM3AYK
NX4CERMM
C34R3HEA
4KPRPCMT
PYM7RE7F
AHE4Y4WW
4N9W4X9H
F44YNMC4
H7LTM43W
3FK9CTXY
XALEXWHY
7TWRYRFA
LAR434MF
KCFXAF47
HYXK3R4T
XLL7NCFC
MFF7TNCT
LRLKRYAE
CXAWEF7K
NTNAHHEN
7YXLX93K
73WEFAYM
CY7E773C
HXNKX9WC
LKHF3MY7
TKHXECKY
K3EY4AAW
T7NFHYLR
XPPNRECF
7AYEMWNF
FWEP4LAR
FF7AFKPT
MLAYXCTM
N9FCXRP4
FRHRM79C
FW77393C
9CNFETMM
WF4N3KKE
4XYMPMKT
WFH7HYR4
FKM49MMK
RFE4Y3C9
HKWETEEL
PRC7444F
XHH3KYCL
7WTM4L33
94E3H79L
M43WAYPA
4HAMLKX4
PWPRKNFL
PFARMA7K
TYTMNHTW
MRRXMWLA
NLWXEHHM
LPPHRCPL
K3PAHEHX
MLP47E4M
EF7K3FYC
Y33WYLER
PA3N3RXE
RCLN73TX
A7ER9CM7
A3LFECN9
XLTPPYHM
4CCLPTWE
X3Y4C3AR
XNMYF7RK
N3HL7NPM
H4PX9PK3
RYNLAALE
T3493LEA
LMWX73CW
9WCALR3P
PN333AYC
C3WKHHF4
FXR74C3M
KMKTXRE7
4YYRTYL4
NHATNNP7
XPY33P7Y
MFCKTCNW
YCWHP9AM
W4YTT4W4
PWTCYMCA
AMPENN9C
CET7AXLT
7Y9XXHNE
N4RK3Y7H
HRFRP7YY
C4YAFMA7
YA4PL43A
YATTKEKW
EFMFCR7L
7AR3X49E
4MCM3XXX
7NP4H4RX
9PM3R93C
FAHXWWTA
XRYWPCXK
CFYLFX93
E4X3PX73
R3YAHMA4
RA4XYKR7
M9XN99KW
Y4YYT4EW
MFNHYTAM
AKTYLN9F
ECRFX37P
YKXWLKY9
T4HTKKPN
W4X3WFE7
A9WXYHHA
MRXHCPNN
74AM3YMP
K3T7P7LF
A7MEC9HW
PF3YXYRK
TAEN7KHK
MMRKELX4
WTLNELFY
CN74NFAX
3LRXNFRH
94NFA7LX
AW37EPKN
H9F3E4XY
WXLPKEHE
3HFHKNWN
AAEYM7MH
CNTELETN
9CLLH9FF
TRP34THA
AWTCY4RW
WMTAHNEH
79TM7EFX
MKC4ACXT
YTE7YAWW
LTT4LRLN
CXKWCXFH
3YPFHAEA
3YAHHRF7
TEKWMWHT
MEH7MWWX
F7F9XFTP
W43LWN3P
P73P4Y9M
9E37A3KC
PNYCCHHX
MY7PCFAX
FHWEM3N9
TYLF93HY
N4W49P9T
9CK9YAKP
N3PA7WWF
TT73L7NN
NPXEH7PR
34WX4PNN
CLA3FCWH
C3XPH3R3
LKEM74EN
W4AYYEAA
YYX47HER
R3W74XC9
3MXW7RCP
NCKF9M9R
7CKKCXPC
PXAPCWLE
TMACLHF7
M7MLKY94
ARKPYWWL
CM99XLP9
LNTPHL9K
3X3AK473
YW73979E
K7WEKNPN
ETH3TTRF
3X9YHW4E
F3LXAW9W
AHK9FHWC
7WXTC3KF
977AKRHM
F979NWHY
PYYHNF7W
47LWFNN3
YMN43KMW
3MCYHCNM
C9CXME9N
LYHRA9XA
KYKPN4TL
4F9MKPAN
TFFA4LNL
YE7R4EYP
YXKRFNNH
KRA9YNY4
44KELLC4
MA7E4TR4
3XE9TYAK
E9M7CLX7
CCTNWWTN
KERXCLYK
F3TPPMNR
RKPCRKLR
TRKHF7RH
97TWLN9T
93XAXTT9
W7A9WT9Y
P973TEYH
7R9WTWWM
3RRXPCHH
ECT4YCLL
FWEMMKCX
WRPHLFNN
4PCCXPRK
AH374X7C
RY4XF9CC
RA9PMEC3
EXXCMYKX
WL7TYNKK
YAPLATNN
RCTKEW3L
PYLYMXCH
E9NHCEXA
LH9P9ATW
RHFWEXE3
3HCL3WKY
W7EWRRPK
R47NWKTP
XKFTWHMP
LALNH4F9
4WHT4MN7
KA4PCTCE
7PXMM47P
T3AY39KX
PKXHYTPN
9E9HXC7M
CCHA4CWT
LWEHWAPH
TH7KCEX4
EKXC7LWN
ARNXHXFX
LTXMY3R7
97WA3YPR
XC7LMWHW
EXHPPXAT
KFTHPRCA
WAKHART9
WLCMK99H
W3TA7NRC
MERTYCLN
9CXYYX9A
HY7KAN9L
PMC9RXT9
HLKX39RH
FARTL3H4
NPYH3FA4
AKXYWCTN
NEH47PX4
W4H7NY4P
YKCKLAXA
H3YFPEHA
KNR3RP9F
4CMR4YMP
NXM49AAF
EWHF4E4Y
EM7APWWM
W3FFHLLM
TEKFY3PE
EXP79XEN
RWNFEHT7
TRYKN9YL
3AHPXNLL
WF79W7PX
H3FL7PYN
3WP33744
FFWXMTTK
EARNRAAW
HA4LRAH9
7TTWTT9W
LHLLMATM
CM7XAWE7
AWE3XEAM
4ME9KK3C
FCCHLKEH
HWPNFELL
RFTATC7P
TX77RCCW
E3P94PKL
AEWA33L7
LCKTEHAT
KTW4E9FH
PFNL7TCT
4HN9RNL4
M3RCRYKW
EMWLREF4
YAPMWNMW
MWTX7N79
NANYL3MF
P3NKXN4R
YCPHTYMP
WMKEML7X
RKA4CFTC
9RXNLN73
FXYHPRRR
9X4TH3H3
X9RXHKP9
XHMYWER7
EEHYTFKC
YCT7WEFA
KH3RRLAC
RYCLATF7
T9RNNWNM
7MTRL4F3
YFXKLP47
T73RAE7F
CYLY9YN4
YH3MMNHE
E3PLKYXF
7RMRWM4A
CT3RFALF
P44RYL4R
4EERER73
K4X3H7TC
WHH74F9Y
KRXNRA7H
TNLK7F49
4T3LPMTL
C497PP4R
ANRE4EHH
43FK3ECF
TCXCLEE9
79LWPNKX
Y4K9E4FR
YFKP94AA
RWAWKEFA
9H3YCWMC
4A7CW99H
YPA7XYFK
4ETCC7X9
N7RAH9CM
3MTA4RNR
3LPAYA3E
CX9RLXLM
CCKKWYL4
RPYCM9MN
4N4K49MA
RH9LX3HL
Y94PEKTR
ATN3YF4P
TXF7NNYR
P3H7TKLX
RFLM9M3C
XMTMWEWY
A9RARWX9
PWWCX93P
EPNRPKFL
4RE9YE4H
KXA7FWCK
P7XEYNTN
NX44HYC3
7CX9MEYP
RM4P3AEH
3YEXH4RM
NFYFL9YY
LRW3K4A4
9PL7XW39
WHP4FRPC
PW9H39KM
WMAARYLA
EFXMLR39
YYHRM493
C7MXA333
7KXTRYEA
H4WRHRYP
3CRAK7MA
EEXAP7KR
7TNYFK3A
47NMLMNF
HL97XEFY
3M79XAPP
4YMM4NT7
499M3YE9
K9AP7KL4
XPYM34ER
9W7EWFH4
RPCH4A7Y
WTEM9LM4
WNFRMFAW
CEWECHKH
RWYT9RAN
TKXTWPCL
RAFETFF9
RLHHPE7A
KYFPWP9R
KCNEC9YR
MYF4MARE
374WAMYF
WHFCRPF4
XHPAERFL
WRXWWTK4
NNALENAE
MAN4YYT9
KTR9N4PR
4EAMN3C9
M7EP7TEP
M3FATK3L
XX9CK3TE
9H7MNWWR
TL9FHA4L
FE7Y97YL
7YW39FCN
KHLH9FFH
YPT9LF9E
RYNLAMAF
E4XRYPKC
377X7RFA
C7HTAFNF
WHW3PMLC
WNHWA7M3
R4MKPHTT
PHNC3TKA
EAXRX43R
AKNLY3L3
TWYNYHYY
MTLFKHTC
L9FA7YM3
3WLMW9MA
E7YWXK34
LPPRYX3M
X4TARLWL
RPCNFW7P
WAHCXL37
FFEFERPM
AHRRA3LT
A7P3WC3E
YWCYLNEF
RX737WMT
3E7AHNA9
KYY9XXYE
3XYP4E39
FNF4LLRH
977NA7NW
WYN4APHN
LA39H4WW
M7HKKNCE
74KXTHPE
7WC99LYF
AW94KC7R
RNTC4FRC
MPCHEWAL
K3CHATCR
WTHEWL9P
MLA4FXFX
3HXXRPF4
MRXPP39C
KERM9CW3
XPY4NRPR
ELY4ACR7
WFNXE4NF
KTAL9KYH
CKYNNPWT
4PLYFKXY
3XRWRHYX
XLMEXNYP
WFPAR4K7
AKFPEKCC
A799CACR
KMPPLKP3
CXPLA3CL
PP3YATE7
AYEYYXP9
PE7NXHNE
3K4H44AN
EHWL77AL
WACPPEHN
LT3FKEFY
C9YCPFW9
CH4PRTWT
NNHEXLYM
7AYEWNX9
YNTEX34M
KTCEPRNH
MMHHNKWW
CRXYTFP3
3RMNNPC4
LAPFMKAN
RFWKYYFM
A7RP3PR3
MFKEW9WN
3NCEEKW7
FAFHTKWK
H3FPHP3F
E9T97MN3
LK4WYXLN
W9XAY7K3
MNWXHL4E
RELTT34L
M7E9977R
C7NENWHR
N7RHECWY
XMT3XKLY
3H3RRH4T
KREF9RHH
9EXN7HEL
W3T3EWPY
N4MEYYWW
7RF4E4HY
T4AW39KX
WACPFKA9
499ARWTH
4KLYXMPA
WXHX7LWY
ERRY39NT
ANPCAMWR
MFF7R9TY
PRHECP4H
T9PRTCFC
RETWA9MH
EK9RN9TM
XFMXTKMN
LAYETK3F
XPFK3PXK
LCRP4YCF
WMXRYAYT
C4AXFA9K
EN7HYNH3
HTRFTLPX
MH97HXYF
RMRMCYCT
7TYPALAL
FY93KRTT
74YPYFXP
NRNR4WWR
9AYYALPX
TW9CLH34
4L7XMACY
YFMXMCLT
9TYTFERM
KEAY3ELK
HXMP9TTN
YNPCLLTL
X9YH7739
44LWLT3X
HK9CLNEW
CATCE9RE
ELMKMAKM
LYE9AAWW
7YWL4MKH
NMFXLH3P
TCMR9FKP
A34FEFTE
XX7RC79L
AL3TPTLM
REAKWEHW
WMRRN3K4
WMWMAX9C
HWPYHHRE
4KEMAEM4
KFREK3F3
HLNRA3N4
HHMET97P
Y9TTYF3K
AT4N4A49
F3LCCHH4
Y7YY33YR
CTEP7MEA
YKRH9MP9
RANFLRTW
P994PNLX
RWEC3NTF
XFCCRHH3
LLE39N34
AFEPTTFE
NFYL7WYK
XM7C4YYC
THCHL9L3
FYPHP4RL
Y9HRMLPR
C3FPY9WE
KNFAYEPT
4WNYRET7
PE4RK7ER
ACKCPWLL
EN7W3AYX
FXN9HRYA
YMFNKLP3
A74K4CAX
KAFYFHCN
HENH9YMA
YAMMKLHF
E3NRXXYR
KMR9N3HL
KY3499KC
TWCLPKML
M9WLRNYT
FN7N4WKK
X49FAR97
CTNAN9NK
TWWLF7PM
PNXAKN3W
7FH7YTM9
FL49K9LP
LLTH97WE
MNY9YPLP
KCRCFPYY
NRF3TXA4
TYW73E93
EKKCNYAM
9TMLWHW3
F3PEMT3K
493K9NFR
EWPR4L47
WEMEFRK7
AFKHXX93
LTE9HCK7
RYLMH3PA
HALE4YH9
LTX4EAKC
YRRR9XRR
A4HFFAAC
XMPALTNH
NW4TT4RL
YCXRPMK4
LME4AA4W
AARM9RHT
A93XWLYT
9E9YEF97
RHKHEEKE
XPYA733P
CAFMYF4W
XHAE4KAX
NYPEWH4N
TTFF9MM9
AWL39MNW
MCETWFL3
AWNAK9P9
NC4RCXA4
PHEPY7YP
WLMFWNFE
EA3KYY9W
PT7N7947
4XXNYTRL
N3WNHPWM
LK7CFH3N
4TXLFKYH
FMM4FX33
AYMHYCCY
E434KPF3
PY34PHF4
3LPFXCMR
W493XKLT
9NARFP39
PFXR3FYL
3KAY4TP3
FR7MYAEP
AC9AXTM3
NN9K7YLR
3P3CAN7K
KLTWXX7K
XAT4HYC7
NLHMRLAT
FETAAMCC
L3N4LPWH
YE7LCYEF
MTKM94P9
PPA4THFH
KXRC3RA9
33AY9XXF
37XPYATN
PXFWMETE
RCNAHYWN
CPXHCFLM
H4EKXHWW
PMATRCCC
FKXW3A3F
A4AMXC3A
EPW7HNEP
NMLEL4HE
HETPTM7Y
HWW4ACTY
N4XFN3NE
NRHA4PCA
THT74C7L
PEWN74CE
F3CKT73C
TWMXRXWX
WCWKAH3F
YFNRHNLY
CC4HWHRN
RKCCXC3L
PFKFLCLY
E43CFP9H
CPTP4WEE
PCT333X7
TNYPENX7
YEKTMXAH
LTNL34KA
FRTKFNTK
C9F3FFCH
LKW9AKMY
HCK4M9NE
H4HRRYHX
MMKFLL9T
HH4W9KPA
HTNFCT37
7KP99AKH
MMK9H93C
H49YTMTR
MKXEFYKA
YCTL74HA
A9C7ETFR
A73NNRMF
E4H94474
NMFWYHEW
EYY4AWTX
H97NLXKM
YHM9N9CW
CL7RY3RP
X3KEA9PW
7HYK3TKA
3KPK9XYF
7R9PC3KA
YXRM7HEC
LEWYLMCH
K3C9MFLL
9RXTK4KM
XA77LCMR
PKNKEARH
R7KRYNCN
Y9MRALFC
EE4TLLWH
7ECCAH4F
WP7ELYTW
PLHKR9AM
TRF9PH3W
P4F9PRHY
FWLMWY3P
T7X7RAK3
WMMHNMLF
7F9KAKYP
L4TL4Y7F
NNLHKL9M
7CPP4MCY
AKLA4WPE
T9HE9LLW
C7YATLE4
TMKWEPXC
W3K339L3
K3MFEMF9
HNE4FE3K
EXTAYY3L
PFALEPA4
EL3AK7AN
FKRNEAE7
Y7WWKR74
KKF37FWR
7LFE39YX
9E3TRHTF
X7H3PCRN
YYP34YXF
AM349N99
9ALWLP3R
FLEPN4F3
WKHL4HF3
7PXWEHHC
EYARKT9R
XKX9PAAP
R4LTTR9H
XKTFKNWH
M3YERYR9
7YHTXCCE
NPL3XMKK
A3PXYM3H
3KTRCWLM
73AHH4HM
XCW7WTEW
C737CCA4
WEWX9LY4
PTXY9CPX
LRM4YMFT
PT4TAHNT
PMHAAYK4
PLN4C9YE
T74L4PAY
RLX4E9HT
7W4HNMMN
TCRRLHR4
HC939XPW
Y4EXMH37
NK4LPHPN
YFXNTY44
EK7EK7AK
WFLE4FER
YMKTP3M3
LA3PH4F9
47AW9XWY
AMLEAWPW
A9CTLCXK
K4RMEAMW
KM3LERCF
9KLMLXWF
ANFL7AF4
F3WA49YE
FE4ERE9R
XFKXCXMR
7TCLCY9N
34TE7H7L
MYCEFP4A
KR93WWNP
74FWFTHW
LXTMH3LH
PE7FLC4P
YRKN7PCF
MLMMT7FA
K7EKMRR7
TFTPEFE7
KAW9HPWM
CAYPAYAH
HEFN4LP9
KNNKAAR3
ETEHL4TR
RCXKHLKP
NYWA99CP
9EPFMN3K
YTYNAYYT
NF4NWYCE
LEK7PN7T
7PYECNWL
XE9CNWEN
R7CARAEN
7LC9YMMM
7XFNPWF4
XWA4ARKM
K4WPFTFC
7N9TAN9E
XY9CFYTC
4NAMHT34
CA793KXP
TPYF9HAY
4L77EKCW
XWMC9Y33
KXY37FH7
43LYKH9K
TNE4LYLP
XPHKFPRX
M7TANAWX
NR4MYPNL
7CKTTAP4
RXKEYXP9
Y7XE7XTP
7TRH3TKE
RWPFEHX4
TYC9EYCX
3CXAM74M
HMYNYARP
3CL939YK
ECARXCFT
FRHCKLNW
47LYPYAH
EYTW3TRX
FMRL9P9P
YWACCMRF
HRRNR3AX
777HCLRY
L44E4XL3
WKCXMCX3
WC7TNLC7
KHT33MFK
TXNXX4A4
MNCRT7W3
YNKACPAM
AYNLYR7K
W93NXPNP
HPANMY9F
RMW4CM3H
3F39CETT
W93FNY7F
TY3K7ACW
RCETMA7H
NHAKFF7W
LNYKK9PX
9YCEHERA
4PXCYW3C
YWM4NW73
F7KH3WYC
A9ACNME7
CRMPKXTW
TRCAYARM
97XMNNF9
W9MWK4F7
RX4LAHCX
C9T73HW4
AWLLH9F3
7C7XPFT4
LNAHF7XM
CL4R3HMK
7T7FKMPY
HAEXLPMM
W94W4MK7
MFYMREC9
PACYY3KA
NWRNCREL
AR9Y7LTL
YTRNXTWT
RF3YKTYM
TR3HR4WW
H9HXMEAX
TYA4ALH9
EPTTC4NW
HECCMR4W
3WKXKPRK
NWHPKR9W
TWF4R9FM
3EXWAEEP
NH9KARNN
FY9NFCXP
H3TAAF7L
7KXF3PPP
PCLNFYWC
AEAXLCRN
TX3ACXAR
PC33KN4W
7M3T9H9M
FHFMXKCF
P3H4MXCM
MW4H4MWK
KM7PHYLP
CRFW4NFA
3WCLME3W
C4RXMRHE
WXH9F3MY
FLP4XCFT
M97A4FCC
ERK7XREE
PH3KLRNT
KAMT9TKW
MKLHCCME
KRLKT3TA
YXF99NEA
FALEHYXW
K9YL44HF
FXKKRN3N
XNMYRNYF
4F7NK4Y9
N7CY4WHW
HEYPAXNR
HYM49A9K
7EC9RXFE
XHL4TR37
NN9PTYPX
YYR77H9C
9TCYMXLY
MH3FPRXA
A9WMWTMF
NLPLTE9A
LRTXNAAP
HTRW7FFF
97KAM9CX
4NAAL9YN
3FTF33XP
CH3ENWYH
CKK9A74K
LPT3N9XK
EYYTPENX
XW4AMPRC
34F7CXXN
MYTPE7MC
3NWHRCAX
XKWHPMWX
X4PLXKEH
PNHWC79A
TMXXYKRW
YWTPP7XN
W9XFP7CX
7NHXHM7E
LFX7E4FX
9T7LYFFF
3AACPF9L
NMFT4YEK
RX4ETNF4
XHNLEER7
K4ARRHM3
KHNNNRRR
W7HP3PL9
TXXCT7ME
PPTXYK73
FXWAWHHK
WKCCAWEP
XNK3NP9A
HF4AM4RR
A9RTYHT9
7TCM3C9M
39EFHTYH
4RRPNYPF
ENAWT3PE
KPMMY7N7
ERENKCCX
KY4TWKLP
TLLE93WL
EXPKRYFE
H7L74WLT
RX43AC7F
44EP79LX
XEAAFFP4
T7YTTCPT
PNHAR77X
RXHMCXEC
YR7L7NPA
AXXT33XE
YEKKRFCR
K4W9R7PM
49C333K9
WHXHRC7R
KM3ANKAX
RFEPKP4A
FYRTHT4R
EWTHAPHK
RAWYERT7
XNN9FLR4
L44PLKY3
AH43YNXR
P3PF4TN9
K4AW4PCH
4CETA7E4
TNFTM99R
MX7WE3F7
MTH3AE43
34CKX9YM
XNNEY7XN
AMM94L7X
T9X77KRM
9FKTM3EA
4NX3MA77
9LFCKPN3
RWEEHKR9
ATTKPF7M
P39MATYK
W7M9AW74
9KPLACLE
KF7HCNHP
7KX773HC
LX4F7XL9
F49LYMFR
NWLWNKHL
P33FWWCY
HHYFA4K7
FC4PAT3W
MXPTNXHC
HWAFN3F9
MHYEYXT3
743433HF
PKMH9TCE
P3HECMEP
ET7FCCLK
AWPMYX4X
49WKTWE4
KLKEW9WE
KACNHC74
HCFLALNY
4YR4NWLE
TLN4PTYA
3PFYNPWP
93M3F4KW
HYKXKKAF
TWPKFKNN
XL4WCM47
F3YYRY3P
FALY3CEK
7XNR4M3F
FTHMPXM4
NPNFA4AF
LYRM3TFA
AWKCM9RP
3C74XMAN
CCACR7TY
NYKXCP4K
WHRPEF9A
7LLWN47M
KR3Y7YEY
FE7AWWR3
HLK94T39
NKKTRFMP
3PYA3P9A
RK4CYR9A
YMLETY9M
AXWYAHXX
PY43XYXK
H9TMXK49
A9HCKXLC
3LLW3KET
MRKEFCL4
33Y3M7KT
PF9L3F3X
LWNEL9EF
3WXEMP7C
9F9YKPCL
CXTPL7K9
WAXW3ECP
3Y3X4K4H
PWTRAMXY
3HRPHYA4
WWPCRE9T
YHK4CRHE
734XWL9F
NFACTFHN
PPCYWWY9
34R4TWTX
RLRLATYE
FEYFMHP7
FMXHM3WN
LLXAARP7
NTPLXWEC
K9E7KHTT
49RT3AH4
FLCHHWNY
YPYCY7WT
LKXN77EW
3LRKCRHM
L7HWYKNM
HALMXM3H
9K94R4L9
P3YLPPYE
ELEWLFL7
3F94PEEA
PPRKPL4A
7733CYXP
7PF43Y7P
W4MYME3T
A9R9YPWR
AWMNE3XH
CMA4E9YP
XPMMWHCL
AEWXF74F
9CXE3C7N
43RAWXWT
973KF9LW
3TWXFXNH
M3MPR74E
HH3RFENT
XNNC7EHF
WX99KMTF
993EL3AR
YKC9CRXF
7FLYT7YY
YNPE9KTP
3CP3K4HC
43P77XPM
LTFMCHRF
74T7E7WP
PAAENEHX
NFKNXW7P
TRF3C7KH
T4HWCAFF
RFWN9YWL
4XKXC9R3
EL7RWMM3
3HFCTEMC
MFKHHKLA
NPC99K7E
MLY7NY9F
HFACKPWF
HPTE9E99
E4M3FKW3
ARTXATXM
9W7M9YX7
XEYYERCM
9LMLCXNL
TAMECRX4
LAPEXRTE
XNYHTCMT
TL7MEYR7
LFKTEXAY
47NMKCLE
47RETH9N
3ETTNXC3
WFCH4K3X
FRYXXXXW
LM3PCLEN
T7WYPYXE
WW49CPH9
KWPF3343
MF37LFFY
RHAECHCK
LFR3C34Y
C3H4RCN7
P3R793XL
NCEMFTTL
ATL4ETHE
93Y7LKPY
W4NFPW7A
7K4TAYTN
XTYEHPNK
F7M4TWA7
4RL73HFP
N4AHNTXT
KY74LFAC
TRETL4H4
AXETWEYM
9REFEK9Y
RF7NCTW7
MEN4HHCW
WK4WNWWP
PRHKATKX
KLC3TCMN
RMHXTCRY
X4CLK7NY
LFLLWFE9
7RPRYHYH
FARM4YLF
HKCNPEWW
TH4K4YWM
LEHNFWAY
KH3NNTLW
3HHKRYY4
ACHAMPTC
RL7K39NH
EPCL379W
HKK4TAR3
AN9XXYRW
HXTNH3WL
MEHNPCYT
MLH9F7YK
N77YCN9L
TMPHNMXE
7LKPAAPH
LXLHKCF7
H4WECPKX
LRCCWLYX
HT3NRLN9
XNKLEYFH
NR3F9XRK
TYHXNTYR
TKKY9EFC
F4RTXRXM
FAFYR7PE
37KK947F
XLKFARAT
HHXEKXPM
RXH9TXE9
WLMHLHT4
N4L9XRMM
MKH773Y7
MRTTKPNA
KCYA9XFY
33PCWHY9
R4YMMW3T
7PFN3KMR
ACYPARFF
F9MWTYLH
ANRRK933
4FRAELL7
W9HYTFFK
HKN9C4WT
9WENRWK3
H9W4YMYC
RKX3AYEW
X7CFWMKL
T7HY3P3C
7EHPT9Y3
ELH7HYTH
YYKKHTAM
WKCE4PLH
TWCLA3NK
L9YX9FC3
NL7FX49R
4FFC9KWP
LFERYK7M
XTTE7LCT
977RF9AR
CYMRAFFK
X9T3N4Y7
73WMKPLR
F34WKM7N
LMFRREKL
3M7AW3KL
X4WMHPHK
9PPRTX9C
MLAW9RAE
X9RF3RCA
3MN9CEEK
XE79MXEP
79R9WR4L
NXKK7MFE
4X4FPYKW
CA7ATPXN
7PT9PNWM
T374MFXX
R4RHWFEA
CAC7WL7Y
X4FRM497
9MX9RLHN
APKRPKLP
XCRC3KKW
FXTKRYTX
Y797YCKW
P4KNNAAR
FETPMTPL
ENALPKNW
NMPHA7RA
KL3ANFW7
XWWR49L3
PFXHEFNK
ACALXCH3
33XFXFFN
F74X3CNM
PWXWXKN4
374T4FAE
NWM4NFRE
MM9TXCYX
F7YA4EN7
WAHLEYCK
YCTHKMKC
A3HXR4WW
TEEPTPRK
KK47RFNR
9CLNYW9T
W9LHKA7R
NNRF39X7
TX4PNLEA
YRNKEPAP
3TT37PEF
YNP4ALMY
HAP9TF4L
KR37M4AY
PNFE7T9Y
YLMCY7TK
9XN39K9T
K9LMNTTT
TMFTN3WM
KAM9MRNL
7MFXH4CE
YTKF73ET
4PTLF4YK
APFELY7N
CY77RW4A
TWR4AMPY
KFRWN4HA
7AKPE9L7
WKNWRAAN
RLE4Y4PH
X4HMYFRW
4WFRLK3M
N3EKCH9W
FMMX3CCK
4LCC3KKH
KFMELTXP
LW37WKPY
PRAFPKHY
PH9LWKEH
CMYEXCMP
HLKEY4MX
KAXMKHA9
P7THRN3E
7HWW4NCC
HW37P4LF
NA4RY7FY
RA9ECRLM
NNTNL99T
XKWPWWLE
3CFPCNFT
PHAP7AA4
KPMKMWKT
PKHRHAX3
9CXKKX99
E7FKLFMA
9ARMPEML
RFHF3TTC
N7F3AFFK
NLLL4X7R
RYLMLXR4
FTYAXYYE
P7FEWMTN
CNTCMREE
EL9YYK4N
N9MA9FNF
FTNKYMLR
NFMN7W4X
PNCPPL74
ENALA7MM
KYHYWFKR
9RKL4WPA
TFAMA4CN
AYLN9MM9
7AKC4FT3
CTPTPFFL
E73HNL43
RT3YEKNW
9WFXATKA
KLTREAC3
NXH3LXPP
YWXC979X
PLMN9P9N
RFH9FCLH
4M3ELTK7
ELAMYM7F
ATPFERCF
KWCTFRAR
K3493N7T
FYARRL7A
MWECEWNW
93WEXK47
4997TYEA
ELL4RFYA
4P4LK7HK
M4PYNLLR
LRF73N4L
7KXYF74E
YECHKRRH
XXN99H3K
T33MWWH4
3HCNL9CK
MHACMCYH
P99W3NAW
CELPTNW9
9P4TX4EY
MPRMHM9L
ERYLNEXL
Y9HNLLRF
4X7TMKPC
C3KECYPA
XFFHAHLX
CWFPFTAX
TEWLFAEM
RCYXFMEK
CHECALRC
34KLLXXL
E4ELCEYT
M4M33EE9
PP9KH44R
F4NHCRA4
LTPCRMRF
CP99WFX7
MR9ARAN4
343NKCPA
FF9E49FA
9HYLWA3N
TF4PARCN
RTCFYKC7
99KH7NXN
4LAAFCMT
FKTPXYEK
3TLH3PA4
NFH9HAKF
MT9YWE43
XKTX7YYX
44TXMKCW
3TCTHPAA
KYH7MWXN
RL3YNEXH
T7FYRYEN
7YRPWK4A
YY939RR4
T9PWXETN
NYRHK3HX
4YKAEYE7
XNNEYHPM
XCE3C4WW
WHEXHWAT
4AYKEKRC
FENAL7XY
397MNMWF
TEW7T7HM
KLNNTA3A
9ERP39EH
H4NAXWEY
AY74EE94
Y9343FEY
CTFH39FC
PPT4KMEH
N9KNCCHW
MRT79HFM
N9M7TXY7
474RTMMN
YH497NNL
YWAT4FCW
FC74YYH3
KEXN9M44
7M3E7H3X
4PPRKXMF
C3LNCEXY
LKCE7HLM
4YMACTPX
EYCWYX4F
WY3P3WYK
YPPH9T37
3FLEXLME
7AENCMEP
N3YAKCKX
WEREYAMT
9P4H4W74
4R9MAWPF
WW4FXEPW
F4HRFMMW
ACEL4RXL
34MTPXR3
XY4E4PNP
YNM4T3CK
FP7C9HTH
K9WRFFPM
3PCHRWRA
9CN7XF93
4YHFRM3H
CT33N7A3
N7TLA7AA
TKH3M9LA
NMXTNKFF
XNYPRNXK
ENYEFCN4
79Y9CP49
MF3HEX9E
YAH3AKHP
99PPMWFK
3T7EXLAY
ATWR7RN3
CPXLX7WR
WFYNFCNE
7MKMCT9M
LTRRXRMW
7WT7FHYA
HYYKTKFP
RXMPFTL7
AWH37H44
XC9KFEYE
4REEYLNN
TXLPNKMX
X99FNEL7
YAC3T4MP
PAWARXNW
HTTWYLPW
L7XRPCRX
4CPEFAFF
3LN73HCW
7XY3XXW9
PP7HCHRM
XHF9PH4X
XMWKCA44
33AMY4MN
X3YECYLF
YTYKPRNL
4PRHYRMC
RHF4PERM
T9CLKFYH
K9MT3PWP
YPEENAAL
E44M3YHT
EART3ACC
L3TN9RPX
LXY4XHLK
7L4N4XYH
XAYPWMXY
P47WFE3H
4NXYWXKC
7XLYL7WA
C43YWY4T
TMTYTCPP
LFR7XAKM
9R9AYCNP
FLLMNPW4
L9794YWP
74PT9HTM
FNN9PX9K
3PTHKN4X
K7ECFE7N
NMP3TEHE
ETRXPPAR
RCL9WAEE
NXLMRWEY
T3ECTMW9
4EA3FHTK
M7NPW73T
PK7FAFEH
W9NHMC7P
M3KRXWRY
3TY49PYY
M7NHLX97
RY4LKTLR
X4H7EE33
7LARXLC7
3F9CACNN
4HE77AH7
3TAW9CX7
9CFW4EXR
XXMP7TLW
NKYPPXKN
MM9MLY9N
NRL7TEW9
PHXCHNRM
HCLXRXWH
E3PHWPWM
F7XYFECM
WPRFXKPF
KMKK4XPC
CAR7PX7N
LCMK3FLN
7K4HLRMH
NLXPXTAC
WYMR3WLR
NRK4T3TH
ECEK4EMN
XR9RFKFX
WYLRKXTN
T3XFNN9F
CPLAC7AX
FLYXKXT4
3CXK7YPF
X34HTL3P
PMF4A9ME
RFLFHWEC
FKW37L7P
WCXFK4P7
FPXHRRNH
R7XFKN4Y
FXXLMYNL
MPE4LH39
YTR43XMA
E7C73LT4
P4A7L7L4
9KPHXARX
FPXWWAAA
YW9ATKYP
XMEFPMRY
EEARWCKN
NFXF3M3C
4FYTEXC9
CT3XYE97
HCKXEMXE
3TCETR43
HFKRM4L4
TKE44H37
CLEXN447
P4MKEMAK
WE3YWF9K
P3W7XX4T
WTYLHEEW
RHKR4MEN
7XCANYTT
LCTNLAER
LER9AFH7
ELLRPACX
YMYAK9PE
7HRMTF7P
YLHHXYY7
CW7MC74A
HRF7CWHW
HTNTTWY3
WWFRWTPY
LXKXPCRK
3CRTFAFM
MCPM937H
HHHTCKTT
XALMFPXH
FWMTYYEF
XYANCW3W
W73MHFTX
3RW9YFNH
AA9FPWYY
9K497HYF
AF4PMHA9
CCAFREPE
FLEWRWH9
CRWPPL39
7CRPXXFR
3FMHH9NT
FMLHW4FR
FCNLWRTP
HF7TNR7T
K7Y9EEFC
XY473PXA
MF4PNT7F
RMFKYY9K
P9LHTWXT
KAMCCAKF
CHWME9ET
MLEPA4LL
PN3TPR73
W99THTCE
FH9NTLPC
HN774CMX
7MYAP39H
PC7474X7
E73HEAMY
KXY73MFR
N3XA7LPX
HFF3M39P
PWT49NAW
PKPAKE79
R99RPWYH
MKKFWHFY
CYWPAAW9
C3ETWFFC
Y9FYYEL3
39CCNT44
AFMXTETK
XLATXMKT
MY47WCRC
FHE9XNTF
FMMR7XAK
9LW3FM7F
A73WHKNH
9MM4CMTH
TKW7TXNK
WME4AKW4
RWMFAR77
L7KEXTH9
EFKWNXCA
TFCYF4A4
XRLELFNA
3FAL7C99
9Y9KKP9Y
C9RAAMT7
9FN7NH9R
EATHKHK7
7EWE3W37
LY9FYTRC
M4CH33KW
ACR7KF9T
YXM9KWEA
7RPLCMLP
7FPWY9L7
RKTWFT7A
37T4WYTP
MPCEYETW
YL9HEMMW
R9T7YTXT
XCXCLEKY
TRY4EKNT
HCWTM7FM
NP773XKT
EX4RLE34
RYWC437N
MFH3979N
P9HKEFEN
PCAMAFF4
TC77PY34
HFA47X7Y
YFHKKXEP
XHXMFCWH
WXEMTH49
MEFFKNAF
EPATKWKC
3YKF7RWE
A7RN3EFC
KWCWERA3
AMTA7XCF
HH3733Y3
93A4NLFX
HN3YMHXR
EL3HWLCH
4A99KLW9
YA97XKRX
CM737EHX
47RAYELL
9RK79FMT
AAM7L9TK
E49XEMAA
NTMLC4RE
9MPCWAP7
LPWHY9LL
3H4WAPL3
NW7NKNWL
4FHA9F3F
WXNMX79K
MP7CWWKW
YE3YEYAA
LPC73A4M
AEFNT9WL
PHEM943E
KK9FXNLL
XN9AHKKF
P34HMYXF
MLYTLY39
PTMKAAN4
AFWCNFYF
FWWLC97R
W97MX4CM
YKH3TPEE
NRPEX77F
7ETC3FXN
FYP3M73C
XR3TXXXX
PA3YAEFF
MELTNCP4
YKAANWA7
CKM7FPTH
RAWT7HNR
NTKF4XF4
K47N3XXX
HKRXY9AM
NA7N79P7
3MNHWWF7
KT9LCLPP
KKAEMHNM
3ETW9HN4
TMKKLTR9
9MA7PWWT
A3X3K9KM
HPX7XAWC
7CW4TR4N
RHRPREPN
44P77TA4
TPARCFLF
MCMPPN9M
9E3XPMM9
AN4YTLAL
PCKLT99H
9X4Y9XEH
LLEPTR7H
CW37P4FK
WHTWRW3H
ECEAYWK3
KY9N94EH
LPHNXXHH
YFF9WXCW
XPWCHLEF
KNL9KR9H
7AEL7LKH
WMYL9N4T
WMAKECF7
YLKCN9HT
RW7PTAKM
KWPLH399
LFPMRPHW
FM94NKAP
WHNXLKLE
YC9WAWML
KEANH4EM
9FLXCXN7
AYMWN9NT
AHEE37T9
A3L7KTEK
9PLEH3YR
PPP9KK4L
T4N9TEYP
HN7TYFMH
K3W4ENAA
4MCHFPCK
YEC7E7FT
MNAXCEAW
HR9PF39E
4ARFTHNP
CXKTCRTC
T4LFCRWM
MMRCC7KA
LLCAYAY7
39HN3AFE
YX3T7MR4
K77KMHYK
KPHHXKTN
9CNRT9KA
7L43XXFH
KF9AYLFP
CHW9NMH3
M3NHREY7
C3LHEXPF
74HA7CF3
MXEN7K9C
KYXMLCN3
ER9MRPR3
WPMNN9LH
MWW3L4P4
3C3X3WAE
C3XPHRRL
4A3H9KE9
3TMLN3XX
7WYM7C3X
LNTF7LEK
RFWFCRET
XPKCYWCY
EHC4XCPH
K9HPHYW9
KLE7CAEF
7FEYMTEF
HCEAPCME
KKFTRXRM
99XWAWMA
3XFMT3YE
R4N3A3WN
WK74WKH3
4MA7HPAM
WX34Y9TH
FXPRWA9H
AE9LCFYR
ENXRER7K
LKYPNN7F
7RHT773X
RWFTL9EP
C3LXK9FA
XE4E44KC
7EPFHLT7
4WM4KYLK
RE93PP34
93X3PC39
FLY7C3HP
T3MM3NCX
RTTKXFCR
49M7ARHL
E7T4TFKE
YKCALYEE
MW7MR4RH
YHX3YKR4
TXLCRF34
K7A7HYXP
YLH7EE3C
Y4P7AF49
MYH3EKCC
RXMHKT9X
RMYY4W3F
4NCRNP4Y
PTTX4MRX
XFKN4RCW
XPCACY7T
LAC43HFF
EWRHMYWH
9PNN9XCM
XPWH9RXM
TLWWCT34
LPE49KCN
K7N7MMRC
AHWRHPHY
YF3THTR9
HMLMRCKK
74E9TMXR
HPFKCW3F
TTXWLKWN
4Y7YEC7E
L3F9YHAM
494NXLNE
PA4T9XME
KTT9YYNE
4TK3X733
99LMHCNF
PWYKXYMR
RPHFYX7C
MH9EP474
RH3AY7HE
EEYNXNAP
ACPK39HW
AA9YNT4K
KTPPAMWN
3CLPYFAL
3CA9ATRL
XXFN4X9Y
4TC9REHE
KY77WNAL
FCN7H39P
CTTWF7YT
P9XNWPRY
YFXXL9WK
MLLXFACE
R9MA3W7X
3L49YXYL
W93LWFET
79MA9MYY
PTEYYYYA
C499RR79
EHEANEXY
3THY4LCE
4KRK79P4
P9AYWCKF
LPMPK9NR
PFNMLCRA
7MXTKM94
NP7L4TA3
WFNP4PLT
RNHXLN39
MKLE77KA
MTYRFMAA
TPRRMXRM
TEPNRP9L
XTCCY7TN
KYEY3NE3
3RCF9N3L
XMH4FMHK
LX7NKPM3
NLTMK739
THANXMF7
4K9CTTL9
TNYCXKPK
RR4ATANL
C7HLMK7N
WWC34KMF
TWCMKLXY
F4HMT3FY
MANWA74X
CPRW4AHL
H3RNE3EF
P4KE3A3A
NKKYH99L
R9PLFLPT
4FHCYNXW
3H9ERFAX
7RWCR734
4T7ETAHP
M7477KFP
HN7MCFEH
HT3KNWNH
H9CPXWMA
WK9CYWMA
H44PAXNN
R3PEXREN
9ELT7LKN
WE97CFE9
EPWATPF4
4M3W9FAY
4W3WW9C3
PXHECCW4
TKC7PPC4
KA9KNC4P
LRYHFXC7
MK3WET9C
XWKPTW3P
TCYLPM7N
FNARRTM9
CMYXYATX
MAH794CX
HKXX9CRH
KW9C74RN
MPAYENE9
9KLMFLAA
R3Y3HEE7
3A4YAH9P
7WEHHT3L
7AEXPWCK
4WEWRYKC
HT9K7T7W
PM4RKC4A
MLFMF3EF
PPCCE73N
YYNWPFAP
XYPFLWCF
9XYKAP33
47KY79WH
97YFTKFN
MNE9XH7Y
H7XRTR3E
AMXWEXXL
FFCHNWLN
TC7NAEA9
WX7NKY3F
AR9NW3WF
4WAYLKRM
YTK93YTW
M37NMXKE
7ECMNYA3
RYY9ENCL
9PLEEFAA
HWY9M9E7
A3YHWAKN
KRLXN493
7MNYHMWA
XNWWLMAC
HP9KLCH9
W4XYMF3P
PKMYTWTK
3XYEXENN
MFWAYMA7
PAPE4R77
WHT3RXCM
C3CR4AYC
RFFEF7R7
3ERNXMAN
H37AEFM3
WTCTXL73
F43K7HHL
KYYT93LW
RFKMCWYP
W4MFFF3N
K4XY7HXH
HKCW9ALH
LEAWAENX
AT37Y3NP
H3AYXK4X
XKFMEWLR
LAA4K4AE
WRCYFFEC
E9CPLNRW
PYM9347L
NALRE7HH
METELFRL
XYH4C3LA
RFECRRAE
WKXT77LX
NTXM44LF
KCX37RP3
7MWFN93K
LKE79AF7
RLAXTKR3
PELRXLWW
4L337AT7
EEC7CN79
4CRP9XWC
RAMC34LN
N9P937FL
4MYKWH99
34HY4MEL
9YYRNMPX
EYKE777C
K7MAHHEH
YKLAWXRW
4WNHLX3H
9WWTTCL4
AHE3K4KW
LMRWLRLE
9C9W4THE
P7Y3WYCP
RET4K4MR
RAXHN9CT
FMKECL9Y
FPT7CW4P
4HRHLMCT
TTFT4TE3
4E49XRXX
7WECEX3X
HLALX9P4
RARYXTH7
AEHFC433
HXHPMPC9
4WFL7XCC
HRPM9N7C
XAEEN99R
Y4R99CWC
WNPM47F4
APE74FAL
HNYWEM7R
RWT4W9XP
3CN7R7FF
YCEAPWK4
TWF7X93T
THFPXH9H
W9P93PNF
RKYC97MK
R4MAPAYE
44H3WC4Y
CK3WYRHK
L7THT9XM
RKRHAT4Y
YF99LFPY
HLYENAKN
W9FFLFFN
TN4WNXX7
3NNHEFKP
NFWH9XLE
4XENFT7Y
TT7ELFYW
PKWPRRPA
PPLP93XK
EAAXAE3H
E9FM4KKC
P9ME97EL
YRPYPRA3
33WPNLT7
XP4KA74C
4H47ECM3
EFREN99F
YCWNNFXE
TMLRMRFL
KLTR7HEE
AFLFY4YR
H4FK3MPC
RNEHLFLT
THEH93CM
A9PMH9LE
7FWEPCP7
KLWFAC3E
YTN737XP
LFTFFFAC
TMP97HMA
WNEAPMP4
KMWRLHR4
K4C7EC9C
PALP9XYW
XKLK44CW
KRWH44NK
CNFFCY9E
HWA3L7L7
A4M4YNLH
3KTPT74H
9AFCXLMX
A4C7XE4P
AAP77THN
HHMPL4TM
9E9XERMY
XCNRYX93
3PYFCWNM
Y9HAHTHN
E9HF9XEP
NCLMM477
M4MWHTT3
EAC7Y73A
WLFWXAMT
HKHNHTLW
MCT9PP9N
KXEMMLXY
3PAKLLE9
9KCP9FY9
ERWCKY47
WP9XY99X
YM4YWLKT
CRM3CECL
N7XAHYAE
ACTATC3C
L7M9HYCN
T43MAFFA
NPNKCEYK
4EXH3HAR
Y9CMXPKX
KR4CKKYA
LT4EHP4C
PT3KCAYR
FAW7E7X4
ATYEMM4P
94XF74EW
L7ATFXTT
CN4KXXYE
933ECR9F
H7AM7KLW
WRR9EKP4
XYYMEM44
CKWR4H7A
T79CF3NH
K9MN3NF3
RTWFPPMK
WKNK73NX
9NCC3XNH
M4LW43LT
TWME7R9C
PFAAMM4R
RKXWTM7L
4FWMF4RY
HPXP4TP3
PP9H4E44
4KEAHCR9
CCEL9KPK
CFM4EMM4
WWKYRC4Y
LRLH7EPY
HRXX9W4K
T9K4XNXY
AEXWRYXK
E9H49L9N
PW33MEPE
WX373RAX
WRRXM3LF
RNR39HLA
A4CPP3HC
PTK7PH4T
XFHELWCA
7EPMH3YA
YM43FTK4
3YKMACMC
H474FMYF
7ENFYA7L
HT97ELYP
PPKNXL7X
3P3AT7YY
Y7R37KF9
PFEK394R
KFKCCLFR
H7NC9R73
EAPFP3PH
MEEEREPX
WXPPHFPL
9EPHRCKY
44TPECXR
WWYH9HPT
HWFHPRCW
M73E4LM4
HKKAT4L9
RHEPLYNC
3W7TN7EY
T9METCFR
3YFN7KK3
W74NRCRN
39MX9LTL
AAC9PEKN
L4FKLEW7
W9MF9CAF
9WYWFYWP
REWRLNA3
7RRAYF3W
E9HTEYKW
FY94YKX7
RHKPTA4W
XPA4YHAP
TMWFLTAK
PFA7F4R4
ERH9XXLY
PHK47XFN
7LYA4PRC
MH3NA7NL
L3T3TRWM
7RF3APFC
9PPHKK3C
HNKTLNMP
XMH93EMH
79RY9EY4
3ARFLWPE
3RMKHT7W
9CTE97XK
7ELW7YMC
XCR33X9E
NF33YPYW
PA43AETH
ENCTRNC4
HMWEM94T
4HNRR93F
9YFYW9WK
CNKKMHLH
7MTWNMKM
P9CRWEEM
RX9MWP34
MLYTKPWY
3ANY79M7
WLTXM4PP
X4HEYW7K
YPPWPRTC
WAW4YH7M
YHPKXFPK
YMRCNE7E
KN9PNPAL
9WHCNY37
MHRXR7FE
3M7PWHAK
E7HXWFK4
CAKE3EY7
YCNYEHTW
A4FEARTT
YWXWAF7R
4CT933MN
LY9HYXL3
PAFMXMPR
HRAWTAWC
YL79PY3W
3XEWEPAX
9RK3APLY
PENNYL4E
CYYKLTXR
N7MERLHN
REL9XKPY
PWKANPRX
CXNMW4AM
4AHW7HKR
R9RPTC94
74H7C9XW
TTRPAK4X
7RR4WCH3
ENNKMTMH
3EMTKYYA
ARKLNLEE
L3FTAWTN
Y37KACLC
FHLLERN7
LERE4HLT
7E4CEN4H
FXXPR99F
E4CY4PCW
LAPLHCY4
KW4XCYNE
YKFNX7XW
7ME4CLEC
9T9TMFRK
9M9NMK9T
WAW7NRHC
M3N4CX4W
YKRCN9EY
YXHYNFPE
LC9YCXL9
KKHE7K3T
XKHMMEEE
FTH7CFEL
LYH3YMYA
YRXTFYLP
HEYN3REX
HWE77TMA
747F3HTY
CNAHYPX3
WP94T3YX
XC7LWFR4
NKLKRRLK
K3A9CNYY
LM4W9XN9
9PXP3YF3
7NTTP4EM
EHA3AWXR
3TMTNP3C
YTEFHH97
4PXMYPE7
NHW9MARR
399YWRMP
49XTT4NE
KYLLLNLY
C4CAAR9M
YF7HCPF7
WNHHYFWY
W4A9TPFW
Y9AXRAHF
HT7APFTA
A94LMXTE
9Y7NEWAP
EE7NA7Y3
NL3KM9CR
FKETK3X4
H93CFRLE
X4PRK49X
E49KPCLH
E9EYN9PH
HW4FPXMH
NEE3CEWH
WH7XFYFR
HKTL7EXC
ARALCPWK
ELML37TK
CR793CXA
EERFWK3L
9LFL3FAC
XFCYLCM9
CMKXKW9N
3EEKXLYC
MHLEEF3T
CFPKHWMK
CL73ANRF
39FEAN49
NKRMH9TA
9YKT9ENL
9LLMFMFA
3T3YWR3R
F3PCPMPP
K9NR3X7A
XXPL7N39
3WRRFM4H
YE3LWPCF
ATRA4XK9
L7LCMKAM
HFYL9HHT
CHL9YRPP
7HFKX4EY
TF7PMEHX
ALM4YWLY
L4EHEY9A
73WRT3EC
4WWKCP49
C7A7AYXK
KNM9NMFL
KFXKXKXE
CRNAL4NX
TR773FER
K34N7Y73
RHMR4WWT
7W44MCTF
RCT49XMP
9LYXE3YA
NCYWHPRY
PXP9NX3E
RFYX79K7
3HNK4ETC
RPFHW9ML
MYCN4RPX
E9YRTN49
YPNNTYAR
M447PWNK
THYNNCXL
FEHEYPXF
TLTFRAAW
KY4HKXE4
CXA3RWWM
LYAHCFAM
CKMTC9M4
ATC7FWXM
XWKMCRR3
W7EMCH9F
N33YHHMF
FX34W7EA
LYCYCMC7
RWNK7XCY
NM7WKKY4
EC4WHMXP
4NRXACLR
Y7MXR33T
NWTFEXNX
F49HR333
C44XKCWR
KXRRKWEE
RWF733F7
XWFXFWPK
PNRKLHET
NKMFYYY3
H99TXMRT
W3TE9TAH
KNPMCTHN
TAPXLW74
HM7F43A7
44MMXLWA
P9E7X9RF
TWKRYXFY
7XY3YWY7
WCRTFPTR
LXXTAY4L
XKK7YKYY
WPK3M9N9
FAKP9LYR
AEKW99RK
PHH9PMEA
E9MAHKHE
W43LAL4C
H3T7WCNK
7LKA4PM4
HFTXRKNY
XNRTXFHX
WR3E3HNF
NTPLFAXT
LEPNNHPN
MKRF3XWR
3XP7N4MN
H7NM7PTP
NC3H73TC
PNFY9TW7
FHW9TCKH
KNLTE4NT
XKHXP9TE
4RLY3LY7
PXMAH3MA
FC4T7FNW
PLYLKFRW
3M4KWLAA
RXANC7T3
YK3PEYK4
FY3HCLRN
WWTWRCW3
HT7LRWRY
WNRRK4HR
MXRTF7PY
WW4F3LRX
MR4NEHEE
A7LL3337
4M4FPKF9
3RHTTEL9
PKL479N3
74NFAWEL
7XLPNWRX
LR9AFEKF
LM3RPCCP
CCAXR4LW
FLTCPKXN
FKRNW9CY
M9C7Y3R4
YK3FW9RW
LTFPT3AR
NYRF9TNM
MFHWYYEM
4WH9WKRN
PPKLWTP4
Y4Y9X9YY
WMMETNFK
9XME79KW
33Y49K4X
C3MHPCP3
44NWXME4
7CTY9EAW
H4XK49M7
RTCF3EK7
7XMLRYEN
RTXM3CF7
KYXLXX9H
9Y39P447
PLERR437
44X4EKAH
RLC3MKYL
AYFKTF3A
4X4H9ATX
4LF3R3WL
RNTL49PL
KPLHKCA3
HL43TN3N
P9RKWFXX
FCKLCMMN
TTNHMM7C
WEEKTME7
L7RNYAA9
3E7PYLEL
3RFP99A9
LPWFPXEY
4WWNNXPM
XPACHHXT
T3YTKHHA
HRTLA4KM
T4PW4HFE
NK4Y74XE
9A33444P
3P43XTYT
NLCYMPNF
EMELE7T9
34MPWP7A
9N4AW49F
RHXAHWEF
T7AK499N
PRWLTLMH
H44APN4X
YP3MXR3K
ACLKWWE3
CNC9WXWE
3TT3ENE3
PCXXWTYY
73XA9RP4
3MHNRAWM
FN4RPEX9
XKWRMYLW
3TFFAKRT
AX3WPNTW
CRC7CWRM
APKL7WXW
734NE7TX
HY7RRTNK
74XLH9MY
YM773KA7
RTNH3CK4
ATNAHKR3
MNLTTF9Y
WCCCYT43
LXKCA4XE
TEPTPETL
KHXWRPN3
ER7PMNK4
ELPYPKWX
H4TFAMYT
9PTEFKHF
9P4A4473
YPMYRY73
T3A47AW7
FRC7EE9H
AE9XKNXF
WHYAXKNP
ATFAPM4K
4WM3FWYL
CWE4WCN7
N7XLAWHA
R7HHKKF3
LKPXAKKF
FRFR9W3R
WY7N7E9N
4CXKM43X
PKR79WRP
CHCKCP39
A79ACAEN
HWLTPWLF
LF3RFFFM
NRL4XK4H
H3R77PYN
NLC9KK7A
K9XF3FCW
3AC47CRA
E37NPT9Y
P9CTEPLC
7PMNAL97
MR7WE9NR
L79CRYWT
XCLMXXEW
CXAFTPCN
N4CWMTR3
7WRRTYNE
X7RCPNPL
7CNMF7M4
33C9C4LM
MFXE4P9K
HMETFXPW
XFT4MNFH
RWYYCKEM
9NMNTMPF
P7PY79RF
PHNRWLPR
4MLRYTKN
WRW4XYLM
FKREYNXC
R4NM7Y7F
WAWLT44A
3WMAY73T
NYEAA47K
KRFEPNA9
YMFY3AT3
7YHRMM7R
TCRMNWPR
RFCP33CX
EYCPYPLE
MKHKML4L
YTWAW43E
3TL9MY4A
LP9EPL7M
7LE3P7RE
YH9TTMPE
4TTRALAP
44R9YKKE
34EXWFLY
YFC4MPAK
9W3MEMFW
YNL77PCT
F4HHNXYA
WNPCTA4L
9EHFCMFR
PEANXCXN
ENFK9FL3
NHKL4PXK
M7R9ERKA
NPY3YFTE
XCYHMEHW
7RWY3R9M
4NLKARN4
37CAXTFK
NTMXTK3T
CW3Y9LCP
934RK3EW
NLEXNE9Y
TCYHFMYE
LWPKMWAA
CWXCMXHA
E3HEH49L
4RRCF3WF
C473FNLL
EWH43MTY
4RXRXK3H
KXPWMRKR
97TWNYLC
ET7RLWEP
XPP4PNK3
FT43E9CT
KMHHCLYP
ELLHHWPF
3WMTY3M3
YENXF9HW
9XPMCYN4
C3K3CRM9
HCWKXW9T
RL7X9YN9
YK3PL9KP
XYL99MRX
A9TT3C3M
4RM7TXWK
C4PHKELR
CTTEM47W
R7Y7L3L4
3PNK7NAA
AF3ML9RX
HMCKX3CM
CA3PTLX9
MML7KLPH
4LXEFY3H
ALPRRMYP
44W4XRWF
XW4NFY9N
449Y4F7C
449FXHWM
MMLFCELC
Y4XMHHMH
LHMLNXXF
THTFRTM4
7EPT4TX7
P3W4KW9E
CANFE4AC
9C3EMP4R
9ELYHNHC
79ERT39E
MKTXNHK7
PKAMHHR7
PT44KTKW
939MWFFM
FKRWTREP
A734RCLT
7NCHT9YP
LL9C37CH
K9ERR9C7
933FWFNN
MP7NXFMN
493LTFXR
TN7TX7FC
RHHY7ENF
433P79EN
MNAKERYM
AFP3LWFC
HXFNWF4H
M7ACKKHK
3E7XP43F
WKLTMKM4
HHE4XCPN
E3R4CM3X
7NFWPXWH
PYY4RR4X
TXETMTYE
PTTNTFXY
KM7XRTYK
T9A7X7FE
F9PPARFT
H9C4RYNY
CE9TEHMK
EXCNLF3W
WL4RPAKW
YHCE9XHR
AY3797N7
RMNE7CWL
4HTFA94W
TCRFYWX4
3T3NEM4R
CXKRYPH4
RTK3CALN
THHAXW9H
9KH97CML
7EH37WPY
KTRMTFMR
HX7MP3TY
WXXAY4HT
LMWNKNTM
CC3XTTPW
P3TXRN4N
NTY9LYEM
3A7L73XM
CRK3RKRN
49MW4TYN
3TXP9TMN
XFX4XNP3
X3LTAKM4
MYHAAF3M
NMYYNT34
NMR4XW4H
WPAFPR99
C94KTNE4
THHH7RRR
FY3NLCNW
XPN39HPP
4KRW33HE
7F3CLX4L
L4PLRPHN
47FYMKNP
HH94NA9K
RWECXTTK
44477FN3
3MWF9KNC
N7H9X4MF
9RRXPX4R
RR374MCY
WTHENCAX
RHWFH9LY
X9WAN7N3
C3YLFPLP
XA4HWXH4
MTEN7HR7
NT7XKME3
W4EAXCMY
33RFC7WK
F7WT3CWY
LKKYE99P
9R4NLELH
F4WYFMXF
MCRFPCY9
N9Y9RNXE
4L47LNPR
HN4HCYXA
LY9W97LM
PCYM4HNA
4KF9XX3A
M7XC3TYH
CE7NFXYT
ARARY9CW
7TANL4CC
MY9XNKK3
WXC7WFKY
9K4XE7XC
MY333XMH
9FLKFMNP
WA3EX9C4
FNAPATAN
WHKCM3LN
KLPCR4AT
YP7YALFL
XY9WE4K3
M9F4FK9T
EYXPFMXA
EMHY43YN
WY997PEC
T3HCCPNC
M3EHNMPP
PCCMP4AX
9PAPNNNE
ETHNPYWT
CYNMTWXF
74A3M3R4
XTCYW4FF
MF4RNHKP
P9YYLAFK
PH9EKAHF
RRHMYKWY
L9NLHY4L
7XY4CF9K
AXFMLRT7
TWMWXNPH
XYRKLWER
R9LNRTMN
FPFX7A44
KLKXAX7W
PLTA7W3E
KCYP3E9M
3WK33HMF
P9ART3PY
NEYMT4LL
TCRWFKLT
XAAPT944
RXHELYXN
N7AX3XW7
PW9MTRLR
FMFK4KPL
CKFHKCH9
N37HRTM7
NPER7YTX
T3MRWYHP
4ML9WP9L
PFA4PFXE
RHH43LML
X97C7MC9
CFNN9HX4
YY9PAK3R
XEKN4WM4
EFR9XCTM
TWFWREWK
KH4A7RE4
73CKKXCN
X4XMFYKR
3FFWXTX7
HKTHLHTY
4HHMEYET
EFLEAKNE
TPKFTTK3
3N9NP4TK
W3H4YXRK
H7X3N9WR
3YKEXPAM
Y3777AYW
RKMYFTH3
TXTAYC99
MH7793RA
PNERAEMF
347TWWNF
NPX9PAFM
TRXAPHHW
RKN4R3TE
44KHPCMK
74XXE7EM
9LCRM9CF
PLKLFRXC
KWN9XN7N
7XPTXK9Y
FC4Y9AWL
CNPHWHCK
4ACRMAC9
9M9FLF9M
AM3PLHW9
X7ERR4KW
MKWKAEAK
MPRFAHTA
NPR3Y9FE
3NCW9WAF
HTY3MYW7
YFFKWKCE
YPTNXNLX
FKLTYEFE
TA4THY9F
K4P3HTNW
EEHWKHP7
R7K3KCKA
TA3CNM3T
LR9WYL33
EKTFRXYP
FEYTCCYL
779XFCX7
F7AENT4K
H49KPR9E
FTTXCL97
XLY7PT3Y
LA7HE7LK
AMX4KCP7
PFMF3P74
YARRLWCP
EKK3YMWR
EMCKX3Y3
LEY434XT
WRE7W9M7
74CE4YL9
7EYW9PPT
3AXTAHCH
R7M7AYWM
EE7RHNCH
93FMC9YR
C4XTRHFC
TM7MXL34
AFXEYHEH
RRAM3EMK
7AHCLY4A
FWR9XN7W
AXWR3RHE
FRCXLL4X
9X43MAC9
NTK3YFPC
W7XNKYWF
F3TMYY7P
AMR7LN9P
AYPXRFRF
3KTEF9TM
XR9T4EA9
YXLYNPAM
CK7KAAAP
C3NNTF79
9LN7N3FF
RMX34L7C
7C3WR3EX
KTTNLMEM
WFLACMWX
NCKXK3LK
RWTX7R7M
T3HANWY3
74Y9EKRT
M9HRPFTK
P77LMNLM
HKTC9CLL
9AKNWEMA
A4TNHEXR
W9WENKPL
KRCYWRHK
7Y7TA4HF
L4LEN7WR
7AYN3FXR
9MPCWNWT
LYYCRHCR
KALXX4EH
XMW9F94Y
LYRPHPPK
TP3LTY9C
E4P9A7PF
C4C7RR9R
EYW7PREP
9NLKLPYR
HEP4PRYF
3RFNTE4W
WYEA4F3A
ANXXWW7T
YHHFR4EF
WMRXYE3N
XHAKMXY3
L4TWRPAH
43A3TLAL
PPRKXK34
LCX3W47R
NRHCTY3A
W9KAP4LX
YX39TPAX
PKYNAFEF
RH4YAH9T
EN394ME3
ACRWENLY
NK9NK337
3WCMKRLL
3KHFTP7R
AN3L7TWM
TETERWMY
3TREWKPN
FWAFECEK
FHCCAAYP
MNE4MKXR
9A4P7KWM
MWYKCEPN
EYTFTPL4
EN3CNRFY
3TKNF7NK
PCYCYXKH
NWYNPWWC
YPE9C4YA
EMH4XMLE
ARFKKFYP
HXR4ALXF
C7TAAACP
NK4PXAL7
Y93CYXLN
NMRHXW3W
WFHP3APA
99AK9M9T
KTFFL9MY
NAENYC9A
E3TKR4T7
YETLYRFY
NAENN9PF
WRWNK3HX
FFA9AR3N
HEHWT47X
TE7CHTWC
KH9T7AXW
TL44TTT7
XRPEWHLF
F44PTLKE
CY774KPN
9T4WYXLX
YWKKTY9T
3FXHFYHM
73FKRNRE
X7WLWYWR
PLHT7FRL
XE4E47MW
CKRNXMY7
7WP4KH4R
YTRE7R4M
HYYLH344
PF9LWK7N
3C7R49TT
Y7MNXCXA
PHR4NEYL
A7TEFLLY
A9WMXCRP
7RPFPKXK
TTE9WCCT
3WK99WA3
M4W3YAYW
MA79LWYA
4YRWCPW7
CHPYAHE9
C9Y9AWAY
ETKK9ENF
4LWHCTRN
YN4H4L9Y
7HYCAY79
NK7HW7TH
TRNFTPFK
TLEKA9KL
YFAM33FA
4T799KWR
3XKAKYFR
9TEWM4HC
LEWT7Y9Y
F4P3KN7F
93YRPW3L
9KLAYTKX
RWNAFMMW
NWFRYMXF
Y3E4AF7M
WAR7XXWK
RTHHPTMX
AEMAWWXY
77W7C4YN
CHERLP4A
KRP9KE9H
T7WL9CEY
H7F9HTFM
9N79WTN4
44TY4MCH
MEHTELYP
443YXM7M
AW4Y7CFE
4Y43FPFA
7RYW3RA3
AATHRWML
LK3L4PEC
LTNRKP7W
7ERW3WNW
MFXN7MM7
39NXPRTM
KM47MLYY
79RHHWNN
9KHCHLMR
W3KWT9ML
F9LXAYLF
9WNCHHKF
FAK7EXEP
3R3TEPXR
W9RN3TTC
RLL4WNFL
CACNT7K7
7FR4KRH4
44PLECFC
XF34CWCR
FLFXT9PW
K9K7KCTF
TY74XHHK
F9YAHP9R
KPWEX997
NWWAWNFC
FYPFKAC4
CFCPE7HF
YT7XLMF7
F43E4PME
RMTMFTE7
TPELL74K
C9LWYHAF
CXPFM3MY
YHKAYT4P
HK99F33K
CNFAYLHN
W7LMKE77
CHTKFECH
4PHNCEAK
LNLNF9NP
NA9WEF4C
HTKKNRXT
4Y3TXXHN
FRRA44XL
APYTRAFC
37EKFFHW
43E9HAKT
TECNPRYL
R34YL7YY
7HMXYLRY
TCMEMAYN
WAYWTACW
3RHKFX7C
LNXMT3CE
XWFLWW7X
FX3CXWTR
AEWPWFW4
ENMF9NYM
EHMR99EP
74MRETAT
AA33FARA
EWN7LW73
RLFC44M3
MF3K4N7H
RRMY4LAE
FTXYPEWR
WW7WRCEF
MPL9FTYL
3KXWW43A
TRFP34NK
E9LME7H9
M77P9RA7
4C4R4YTL
YPY9N97A
TFARF9KE
XXACECNW
WYK3MRR4
M9HY4H7N
YKNPCNRE
CKCF474E
KTX9N44W
AEL73YKL
RPR7EMTW
KPFT3LYN
X7TRW4AE
XLCWXPRE
KKRN4WTF
HFET93H7
TCFMPWRN
EEYNYK9A
AYELEC9X
MN43MRT3
EW7PNEPY
PY77LFEC
TXAMREPK
3EWYL3FR
T4C77PN4
4NHKW4HY
9KCXRRLC
ECH7XAL3
4FMK993P
Y49WY9YN
FP7X43KW
CTKHMALF
MY93HP3L
PP4X4TMY
AYPLNYWY
ECKKP3E3
HNXLLR4H
FKALTHHC
MA4TCXTT
LLY3KWPW
9WFMRAEH
9TE7PHML
LWTYXHEK
LM3EF3MX
N7KW3MHM
4L9P7NLC
93HNP9XF
NAWXHEM3
9RYYHWRL
WFKKYFAA
L3HYHRHM
M7FCK9XM
X9WNAEKF
W3KFTM39
RTWLHFHK
EYNPEMH7
YAHT4TP9
HT9TH44Y
YY4934NL
TEHRHWXL
MHY74A4L
KCHT3WYR
PYE793XT
NH97MFFX
3TNYNNR4
WWAA3WX9
LALFAEC7
Y4PN3K3H
37TYWLRY
LXFT4L74
FYNXFKAR
FLHMKTXE
9R4NLF9C
HXAK9TKX
RCLMHP4R
K3KRWEAE
X73KPTPY
K3XL49TY
RR3LMXPL
LFWMN9RH
HLHYAKA4
XKXTPEWF
L73APFFE
FETKWXEM
LRWFCWCK
9YKCCLKN
PW3FF4KE
LNHA4FNE
9YPXM3K7
NM9YERTT
M37LLWA3
MPYC37XW
HREENN7N
EFTWRXMT
HNH3H9EY
E4P7YPMR
T9YRET47
FXX773FK
MAWYCTAY
ET4WLK9L
3H9TMCR3
YHM4AEPR
P493NYA3
F9HPPHCR
F4C7NLML
EPHYLNHA
TR9FTXXF
HK7NK3PN
CWL33WCR
EL74YHFL
PXCAMTYF
TRT3TPWW
WTTX7W4X
7MH4TPEL
WWACMH3C
P39EP9YR
HA477RCY
M7K4KKEY
PNMA73RN
99HKWKLT
HNR9N4AE
XMFX4RFF
3CANX4XY
NMKH4TXM
A7PFX9LF
K4WF37EY
EN3RFYMY
FT3XWKTN
7XEPCPAR
FYPEMXPL
9HEP9TFF
L9R9YK9C
YNKEAM9F
RYER3PNH
7N7W7ACT
CMPW3E4T
K7L9FH3H
4RRLR4RK
WEMFEMTT
E4XE3KKX
TF9HTLEE
YHA9ENLW
AWN7A3W7
AFT33TXT
4RF93KA9
FAYL4AW9
9CN7HFTA
WP9WYLP3
YAA9KTE4
PYYYR77H
R7NCYCH7
74AXNHTF
MFXXL7HP
3TYAM9P9
FKNRL977
H3H7A74M
KKAX77K9
N7FWNNH7
KC97CANC
YYC4C7NL
TLMT4TEC
PPK973HF
HWA73LTC
RNR4RFTY
MTA4AFFT
RPRCXN7E
LFRKWWPA
CPEP4T3P
WWWL7L4M
YK73XKAE
A9LR9PLF
EEXTHKXL
93K3T9H3
PPWRTKW7
74ALLA3M
KR9MLLF3
FN7WYELR
WRP3M3MR
AKNHXA9H
KL3LAF4P
ETA33PP4
73HH4NTA
FEK3FF3N
3N3A4YKR
TEFNHXPE
7KEHAWMH
4CMWNEAF
MRYXF9FC
94HHNXTT
CKPHP4MH
WWCL3YHC
XR3YLL4M
FL7K9P9T
XXRFN9HA
9AYMY9AH
3HE9HCCR
W779PCK3
TXKMKXTW
3TMNEP4N
LP9PP4L7
TX7MKM9T
LAA4WMK7
7C9LEWHX
WLKYPX7H
7KNWLNAY
PRCH7EWR
97AKE4EH
Y4KLMHAA
XC9PLK4W
CFYLL4WP
NNAFKCLK
TMC79XWX
CTN94NTP
4EPXC9WR
KH7PPWFF
XR3KRFAY
HKTME4AP
47RYP9NP
9LLYHAL3
XACHKH3F
TCWTEYRN
NTCHKWEY
TLXPYF4Y
37FYLWHA
MCNFPNY7
PLKAK399
7TNE3CMH
NRFHY4NY
X73RYNEP
9F44YKYX
K4H9LWLA
FF7M9YAL
YP9WX77H
MR3CTRXX
ATKW3KAE
ET3EHPXH
F4C949NH
LTYLML73
HY3PWHN9
LTN994TM
CM939YMA
7YWTNEA3
RNKXFWW3
97F793AT
R3W7KCRA
WEMF93WA
RXCKFRYA
RPNRKK3P
4CT4FH7A
FYW7RPEK
HHKLAPNE
HH4KCXNC
XEY4TEAC
4ENTXK4W
7FR49XNR
FCR7WFHF
FHFTF3YC
7N4NNK44
CAMNCAPP
PW3T3KYY
K74RMYPP
AMYLYCA7
WM4K9947
LYCH3HNR
K99YFCHX
Y3TAE4PC
9TWWLFLC
PEE9REWY
NWCTPLRM
PKWKK7MT
9NT9NP97
9X3WRWKP
TEXHC49L
KLATEHAL
LKXA4WMX
FNLRA33A
HT9MY39F
KKYWF9CM
3XX37M3R
TMCF9FX4
Y3AN773P
X7CTXM9E
KW94FYKX
FNN479EC
HWXKKFFE
F9RLMMNC
MTCYHE34
HWFPT7LR
9TFTTMKH
RXFYKLTF
9HNWL9TH
FCK4TYKH
YFM4WRWR
NHCMRYFR
MWM4EPK9
CE4XFXR7
KATWNXLC
4CLC7ECK
RTHCFMFX
PN3WTF7R
TTNHNXCN
PY3XATCF
F37KR7FE
TEKRA4YT
CR7FNTXA
FMCLPNXY
KPE9R73N
AW43FCWW
K7PEHWW4
3CMCNNPX
YPXNLY7R
NERTYRMA
LYLC7X4L
TAL4PX4Y
FX4WKHET
Y49M4FE4
CAXRPP97
E4NFFXML
34744PKY
7YCP4FTX
3A47ARA4
YLWKMH4H
7TKP3R93
7R4FARC4
APKWF9F4
XH3WTTKW
TFYYY4PA
7MY4XAHF
9N7PH9TE
TWWRT4RF
CK7PLMYC
3TH7TMF9
EA7XFWEK
ANPLYE4R
977NKK37
PAYYF3MA
CXT3FLYW
AF34PXEP
AAEH7F3L
K3MRELYT
KTCFF4KK
7N43CTX4
RLXEY4FE
LYAFF4WN
9XREK73E
KXCR79MX
7P33Y7PA
X4RCLEXK
YNEEE4N4
4AEC733R
WXP94E4R
KK9NFR9H
X349YTRY
7TCX3KR3
X4W7RELW
LCNC3YW9
FPKX3CCW
WCWKLLNH
HATK4MNX
NTNKHWFP
WPNTTYHH
AP7LP794
CEP4LH3L
7RPEW7WK
ENYC4TYK
T9NXWT9N
H73KHYEL
W7YE7TE3
7NRMY3YF
HRYWWAHH
NFLFRXLT
HXKKYNM9
YYPM7KKY
WAWME3RA
CWY3MTRC
XXRT3M7W
CLC3L4ET
LRX94TA3
PXRAHHLM
F9AM343M
KKTE77L7
F7HREXTL
YHM3MFCP
4WT3H3R3
HA3WL4PW
WXTEKYWC
LNFT73CC
XETWLYMP
YLP3FNMM
YWYA4KPH
HCLKWWPL
M4939FAC
KNCTYM4T
PTCAWH3P
9XEPHPPW
F99NPYXL
E3FAY347
ETRALLWT
AA4T9N7M
AW4FTLLX
FTW49KFM
HHHMTC4K
RW3XLHAT
FKPMRTKH
3EFHWYNK
9PY9R7WP
ARPYTHFA
PNXNEA7E
XPLAWYNM
XCFMPARM
TLFNPREY
PW4C9LFC
YMKRXLPW
4RELPHE7
LKHHWXLP
LR7YEMX9
HRPKPWEY
FLXWAEC9
ERNY4PC7
ML9HEPTK
XXP7Y3W3
TWRNREHN
K3K7WKTH
AHAFMMEM
YCC4ECKW
ALWLAPKY
TM7LYXCW
Y3C94HXE
CMRL9T7R
WLTW9ETX
P79E4LMC
XA7CXXWF
FMPY3NP4
KFAAL4MK
LXW97LXK
FXCAFYTW
NM7KLPEN
TKCH9HNR
KL3XRTNH
WLFYRRKN
4EFA49NE
WHC3A7AX
LPTTYMNK
W3MKH7FL
RL9LTXMH
AE97WCLC
XMHPM9CA
99HC37WX
HRH939W9
9HMKHCCR
4LA93RC4
YKPNWPT9
L49K3EPK
HX4N7N3T
PCFMKPLC
K33RNF3F
LNFXFYKX
HFAHYMTY
KATC7PTX
9T9WCHC7
PKXN4MEW
Y93AEHT7
44TYNFWH
P39NAMW3
LMXCM3PL
C7RNEFNK
3X4WW4AR
HCELMALF
4XCKMWNK
MMCRK3MH
F4TNHE74
73TXH3LM
4TM9HWK4
TL9RWFYF
PRXACWNE
9T3Y7FWA
W3EHMRE9
F47M4ANA
9CLEEEXC
EECCA9RK
7E9RX34L
FFECEAHK
ARLFRW4F
MCCLRLEH
RAKX3F3Y
TA4CWE9L
EEL3CK4T
ERLMPM7H
ARACK9KR
EEPPHEAK
KX9HRFKL
R4ALHAMX
WW7K9AAM
YKA93KKC
RAEPAXC4
YN3PYWKT
3YPYYR3F
RXTWMNRP
YHY4AYWT
TMKXEXLE
TK3L9CWM
AXL947W9
FL4KETN4
MYX4YH7Y
T74TPXWY
RFPETTL9
7PTKAMX7
4YK9EWEE
KMWK3AAT
AR3T4N9F
C79M44WH
RM99XC9E
4ANYW3KX
3RTXX4NF
MFX4K3YL
LH7HHKEX
K74NXYFX
WKWXM4YM
P7L4W4NK
LYYMRAWX
E9C3KK9F
7W99LWMF
ME4EL7EY
LWHMP93R
RRXHHR3M
XRK7YECA
7A3RWWWK
KYAX73EL
LYXE3FLR
XEWNYPC7
RLRHY43M
H7TA7RAY
TE4PHA4C
WAAAF9LK
XERT44H9
XK9MY77X
4HTHATAM
7MX7R9RW
RAKLKMEF
C77PWWAP
FHFPT4LX
9HCLPYYP
NT9FMWRY
MTKWR9MN
FLEPWWCK
4973TP9F
3PEW3AK4
HHLPPYYP
LFCHHLKA
XRCM4M9M
L39MF7CM
4A37LTEE
ACRCLFEP
APKPX7RP
TXRKEWXP
C4RY344K
9L3WXKMN
LCAMFPL3
7XR477FT
TY3WXCTL
HPM44TCE
7C4HNMCM
TA4PNR9L
LPLFLAMK
47EYNPWM
ATXKMLFH
Y9TAWYH7
K9P3Y9RL
CPF3AACE
KTLN99MN
RW7RNMHE
MN7NH9EK
KM3YPML7
4ELMEE7M
XLN73LAL
CF33FTPF
R4E7XPFE
9PTCFP97
RFRXMM7Y
KL3HFKRL
TMHATCP4
WXRW7PFM
TF43NNCN
T9PYEYRX
PNX7CWN9
ECEHF49C
AE9E93K3
YE4CT97W
FK74FN49
CNMMX9EE
9X4C9AAA
WPR9RRN4
YREFNP4E
F3M9RY73
WEPHX3KC
WF3EFKLR
YK39LPAK
AYCKRMHC
CRH3TEAE
EC3A3KKL
ECYXNCEY
3LLRRN34
9CHETE99
3YMYTTWP
RC7NFPTF
RNCYC7LN
RTT9WKE4
9T3RKM7H
HKWEWM74
P7F9YE7P
47RRTR4L
F3Y9Y4FT
WCRPN7CL
4M3HPL9A
4PMHHNWN
PL4YPLPC
K4XPLFX9
3CM4FP97
37NH3H74
4LTCEPXK
P3N3P4LN
M49CWH4H
RLE7PRWE
MLC4NCAC
Y9XWTCXC
A7K9EATT
FHKAMAXX
3RXYRAPE
MMYNNLHA
WEN37CCE
437R3MWL
AFFXE7AN
L7PTAAN9
WMEANH4M
EPKPLLRX
M3HAYX3M
7TCNLHWM
CMTFC7F4
9473A499
3T79T7YP
7CE9FTXE
AETECMWY
RKFXLXCP
WNX9APFH
PPPRTRAT
NRCT47WP
CXKPACXL
Y3H7A7AR
4HCEAL3T
RPAFYRXH
YEXY3NLK
C3HLPPLR
RHFAYC74
YY7NHMNE
43K4999A
MR3H7TAR
4W97NHAE
CP7LTHAA
MKKCXAFE
9LAYFPWP
Y7CWFT9X
H4F434AF
AFNRMKM9
ARYHRMHE
FPPYLKA3
LRYWXHCH
RXCEM7YR
F99XLM4A
HF4W74X4
PYN3ELRM
4TFXC9CC
HCFHX3LT
MAHHXLKX
WLWM9NAT
M97LFXRC
MWAPYARL
MW3E3MFP
K3KPRYPM
L3E39KLK
AWMPYR4F
AMEYPHFH
WKNP7NNA
ALYAYEYF
9FH74KAY
7HA7PFKT
ECH7XM4X
EREFNCC9
HCN999PA
9LPRRAT7
TYTNWAYA
MCXK4X43
KXW7LX4K
XWPTWRPP
943C9WKE
XLCKREMY
XTKAF99R
H9WPPWAY
YTRTWYWW
YC9WETM4
NPRNH3KM
P9CF7KAA
X9LKNRW9
MTRNCKPP
LKHHYAKR
C4A9PRHC
WE7YFEEE
9X734L94
C4LAKPW4
LP9HFCRF
XXATKANK
WA3FPNNF
NWKFLRMA
9XM37KET
RKH7LLT7
YF9N3TCY
73L7KYTX
F4CM3HH3
RH3MLEWL
WTCY74RW
PP4RNKFY
CMPW49M3
74MM4XAX
KMCATX4H
99P377FE
HFY47PRC
LTY4EF9X
YLAHEFAC
PM3KE9WE
YWFCMWF4
P943X97T
EX7MPR4P
9WE9K7XX
FWCN97KY
3E4KK4TK
LCLAXYK9
PLWEFK4T
AEPC39NP
WNYLXWE7
CELRXFE4
M4AXAHWL
XX9X4RCK
9XYHTK73
LNX7P9HX
YR3PRLRK
3TYFWLHL
W33ALY4Y
TWME47KY
M4LEWH4P
N4H9P44T
4RA49XCN
9CA3YFWY
KN3LAP3A
NWFE49FR
737AECPK
LFM3HLLK
W4MWMFL7
MT47RKHW
P3ECERPH
E7LKCFWE
LNLTKAPP
WPN3RF4T
PCYN39HP
X3RPT9HN
HYHNNW7A
9LFXMYKW
3RL3A4RE
YA433CTK
34KWFMYY
TLLMTWTW
EFXLLN3M
NXKCMN3Y
E4NF3MXL
RLM7WM3H
YERRAEEM
4A47ENRW
MMTAMRHW
P3L7CAE3
A9WT7YN9
9PCNCFYT
9PLERMKP
CKYPMPWY
4W7R79TC
CFLCWALL
39TXFY9F
L93KNCH7
FPFX74WY
AATK4PR7
4X3FF37Y
WMP4KXFF
EXWAAFLT
ETNX3M9L
4LH4FRRL
99YA4N7P
FM43PPXH
NF9NXAM4
3PK7F4PT
L97PLF4W
AMWPTPYY
K4X4Y7CT
RMYLRAMA
C4YT4AYH
NKFMRLYT
NKRXETPP
9RNKFCF3
NAHLPCPH
E9E4K43C
FLPPFP4N
LATMLWHL
79CCXK4M
AKTREK4A
C47CWERA
7N43HHYL
LHLLWH9F
7LKYENWP
TR9H37AL
WHCLTNYW
HNTTNLXX
Y3X9XWKT
3HTELMFP
KLFHNN3R
4N934TMN
39YEMF3M
MRHMFRCM
W3P3KRYF
4YX4YTTP
PX4CYF9A
9AFP7XY9
YX3KEXA7
NLC77AHR
TCFCXYWT
WYML73F9
MCYW7HYT
T7A9PEHH
YC3EAWR9
PTL77HMR
RL4N3PT3
F7YPT9E9
NRRRFM9H
7K7TELCE
XF3CYWTY
4XLMFLLE
YHC9TLLY
XMENPARA
TMKC3KLX
7AHT343N
PWXN4C3T
YEANLTAE
779N74Y4
EX4TNFXC
MC3P4XXK
YXENM93M
C99PW37C
NWKPP797
MEHMKLXN
FC4XNE4X
9XANNHAT
ECXPRYHR
TRFXA3NT
WHHKEKY9
H4ATCRKH
NPLT7FH9
ELHHPCCW
LNWTACTE
7WWTFLHH
4CFNWL4T
4KH9XFLF
AME79WAM
7MXC4C74
W4P4PEN3
TFW9MLWA
A3P3MK74
TECTWKLK
9PHCNHLT
74C7LWHK
H4EXN9HM
9NEWM9CM
TWKR7FKE
EHK3TEMP
CMK9TCKR
ENEP3XMT
HERLNXA7
WTANF7PY
NEANCKRH
MX7XH9MF
AXEFPCH4
4M97F4YH
XPXLWFA3
K4HLLW7H
FPHWC7HY
PTRRRKLA
AKELX4RY
KFTYKL9A
H3RR9N9W
MMCTXXMT
FPE9XRE7
WXEXE3HX
KRA9733M
49XKWN7H
F9TX7TEX
KALR3M3E
9M9Y774X
XYAWCTK7
NEXLY7CH
H44MFXCL
FA93MPNK
MFRLRY9C
TKMETX4H
C9M743EW
LF9PEF3A
3NEW4FR9
YA4YA3FK
P9KMTXLK
HEMLAPAF
WNCKRH3E
CW9KWHYE
N3W49KFL
CMYMEYFY
XCMF9HKK
XNLEA473
EXMRF3WT
W3EXMPMH
FN7XPN9A
XMMKTECA
X44HLP4L
CKCTCA3C
KWM7CRMT
7EMAXMN9
THX4PRMC
NAWAXMMN
WL4P93KY
EEFHLE4N
MYHYRYLK
KYLCNFR7
7LWMCNY9
ACYA9AMA
CCTFLLHR
PA7ARFW4
AY33M9RA
E4ENYMAY
ANAARPYY
FP4L7A4K
EA77WLPR
NMK4MWLP
CCL9F3YN
NW4CKTYA
KTP94KYW
KT9W9RCT
ELNPHFKR
A9TET7AE
XPLCENW7
3L4X3MMW
CTARH34E
MKPMFXEP
3LNHKW4F
N74Y3TMR
P4WL3YTR
7RNTWFWX
AWNRK99F
PCA33LMT
NNCYF4A9
YCN3E3LL
4X7RPE4H
Y9CMYA3N
ALXKYWKM
XREAYEXW
TP3HTYY9
HWLY3W3F
M7ACPMCY
PRWYFPPC
PCRNXR7L
4H99FKM9
T7L7PCNW
XLRN9T3H
MFMAF37P
K7YXX7PL
EHYLMFAN
CCMXFN3E
CYH4KCCN
WTW4FM3X
APNLNTX4
RTNNHPTN
KW4RX7LR
7AK4WNXR
P9EEXP4X
7TLLTXHE
PPW4FCLA
3XXTM4PL
KWHKP9WR
WNKMNLRL
LFYMPTXW
FEP3ELFL
PWARKTFC
NKRCPK7A
M3TXA7KX
FA7AN3HY
93X3P3LW
MXPRT7WR
4HNE97AR
KLM9MY9F
KLPT3HKC
PKNWAXCK
NKELWY44
NRKFRECC
WWKPKLPH
TWYEWPAW
NHTMHR3K
3F97CRAR
E43TYEWP
CAFENLAF
XCRHHA99
P394YY9A
4EE3LYXE
TPNH7NFM
RHH3ENNM
ELMXNW7P
ACPRK9AK
MTEAMW3E
NAMYKYH7
PCF9YCP3
LH3XTP4W
MKA7H3WF
YH3MYKCC
A9RWTAXF
9RWYFLF9
H4CCL9MR
RHX4M4FH
X74RK34M
WLRAAFHN
TRXA7KRE
NRXRYX9N
REKYYYCM
7EL9FC93
WMPEP3F9
W73PCEPT
YT7CRTXL
NMNCXP9R
LXTFPC4W
MWPML7YM
7WAXPF4Y
P7H7MPWR
7NPAYHY9
A4T9FFAY
3XPNXNTE
FT4YRTXN
9KACTM4A
T43A9HKW
33ERFFYC
XW9ENX9C
W3FL7PMM
KP4MNECY
XKPFPMK9
4KY497EA
EYMHNCMT
9PEFNTPK
YXCKTCK9
FRC3CYTN
37CW9YRF
LMWRN3HW
WN9LF4WR
E4XLCXFA
ELXCHK4E
W4KN99RF
FYMACMNT
7MW7MTTE
MF9RETK7
KT9FPKXC
KNW4EHLA
NPLKMAFF
TNTT3F74
NFAK3EFY
H3F4ENR4
994LFNRA
WPK7AKY9
HTF3Y7K4
AXXAFECT
WCMCH4E9
RAM7XR93
7NTW3WMN
TAHMHK3P
9Y3W3A7W
KHLCTELW
TPL7TNWY
3LNPCRLT
WFFNPMPR
ALLXT9AP
74HRYAPR
PPEN4FPK
LMHLXKAA
CW3T74HN
AE4CCN4X
TCNACFRE
CNTMAM4L
WRNC4Y94
YMHMWT73
EMKYPKR3
LH7YKE7E
Y3P4MR4H
ACNCPTY4
EPANR7RX
74CAXXYT
CCLW9CAE
7A3TXWWL
N9XXTK7C
973NYPPL
PFE4HRN7
MCCM3TK9
LLKM9FYA
XR93L3WT
N4RTTA4P
MEYNR7MY
Y9XNRW34
WRL4CA7R
KKX7PXLY
NY3N3EAP
PLRRPPMN
4AYN9ELY
R7ARTCMC
MKFW39NH
9X74XNFR
YMP4MWH9
Y9T4CMFR
LXKF7CXT
XXFPA4FF
LM7YLLY7
AY9RTTH9
KHAY3RE4
FRR9K3W7
NWCF4CT7
P7LPAXPP
PX33ANCN
R43FP4AA
ENYA7KWH
W7MMCFR3
WLARXRLC
F4WYXCHT
9R4C7XY7
NNYHLE43
E7N3PY39
474XWNKH
P7XNF3PN
A9RLLCF7
MACPRNNR
PAPKM4CT
NX9Y9PN4
3H7T97KC
CF97F99T
FPP9L9NH
HA33MYXW
WFTKR9KM
H7K7MCLK
7MKXYHHK
NLTTLEKR
AXPMP7EN
399KATFL
MKKMPFC3
L7F43ENA
74EYHNT7
3K3E79A3
FWPA9HKW
ARNY4MNF
A3FC49RM
Y9PTAKHR
TAHRATXM
ATPAPRYF
MRRF74KE
L343RF33
LARMCMYH
AMN9AAHR
KTY4MMAW
CLX7M9LL
3K3MMWY3
WLTH3NPF
XWRH7CFC
PREL4KE3
X9EMAAY4
RNYT9ATN
RTHMYA7T
ENF4FM34
E9NXFFPW
EACEWENF
A3KNP9M4
MXH4KKPA
PL9FWL9H
XHEFXMNP
X3AYMKMY
3T4RAYM3
HKTFP9LK
3KK4HKTN
RMWCEFKL
E7MEXC4K
9ECKWF9L
PKEH947F
KXE7T9AE
C34YME74
PY7RL7MH
RPRW7LLK
NFFYNA7H
4X4YRPLA
H7WT79ML
YHCMRL3M
TPCKH3LL
LNHCM4TL
TKFAPR4A
LNLTMFNT
47WE3MNX
KWNFHWY7
FPENXXNW
YYRW7R7X
A4LPY4YW
PTR9NAXN
C7N79TXP
CKXL3Y4H
XX9WNLKF
WXTC9PXL
449ARH7E
3XATCRR3
9Y9ALPC7
AMR9E3HF
793FW79T
HCL39CPF
LR49ANE4
97T73ENL
LHHT4LRT
MEP49W7L
TYTKKRFX
PYFFHC3P
7YPNLAKR
PAHXW4CR
4Y3R44LP
L34AMHFW
4T474KLN
TNRA7YYK
L9L3R3X7
P9EX3HNA
C74Y3PWE
RMXR9K4F
WWALFHW9
FEFX4CCX
7MX3MYXX
Y7FEFY94
39CRY9MP
MNHPPH4X
3HTELCY3
W97TWMRY
9FK74N3Y
4THLY7NA
FWEREHAP
MCCHTNLM
TEC393KP
A3YAECMA
K7FEKTRT
MTEKPA7P
RXHA43N9
WECXL77M
KWRHR74W
XRK7AN9H
RRHL3CLC
7FHFNFMW
RXXK4PAP
CHYNPRRW
MCYLHNA9
LKFEXRAC
WXTLA9X9
7TTFACC3
RLXN494P
7XCKCMAX
T43MC99T
CYT4E4FY
FCW3PT3E
EXT37W9M
LH4PYWAN
7XCKNLF3
L9TXK9FM
34AY4N7H
7PCN9K77
CYWX7ACH
WAKR7CWR
LHKFRYRE
A9LKMLYW
K7H3LPAR
KTKFFL47
ECAKCYTT
C3XTPMLT
4FFRREHW
4LTEL9CE
X99R9PLM
WNCEAHR7
HF3W4HEF
YTXERXRH
KXT4KMPM
CKPHFMA9
TR9HEXNN
9L3NM4K7
XHFWLCRX
FRC3YEYL
7NNWXWMW
XTAWP4WR
47L3FXN9
A3TAE4RE
RYWEKYFT
Y4H3FAL9
4TWLWM4M
MP4AEEC9
4YR3E9N9
M7C397RF
MR4A4XPX
CCNEWC4F
HLN39NKA
RXTYL4TH
4WLL9X7H
C3W7TWMK
PECTCYLF
7NR4EWHM
HMYRKYPC
LR99CPEF
4FYCTLWH
M37YEM7T
77NLK9AA
NKNENAMC
RP3PR4LE
FPWT9ACA
CWM7HMM7
9E7PLYFA
4WFFCLT7
9EHHL3LM
E7XKN7KC
MWPYPEFF
TKWCLTMP
F4CYC4WH
9RR3LP3T
ENE3RT4A
WX4YANE7
RLLPPHLT
HH4HHKXM
AHHXC7FN
YL9T733C
9NW4FTC7
PCFEWNCN
WLMF9PM4
HMYTRLFH
C3YP9LF7
CYM9WTRW
PWL94KWN
WHTAKM7X
9XNKW4W9
Y43AW77F
RW7MNCHF
EHL99X7X
XEW9R3KK
N394HKCF
AKLRANCE
FLTRWKHM
CAN3PMYR
PPTE33FC
N37H43YX
LWKNWN74
AYXK9TTC
TNWPT94T
PPKPYEA4
RNWPCHCR
WKL9KY9F
F3RX4W4W
W9N9PW44
MA4FRMRF
F3L3PKYY
7X9T3LP7
EFTCFTAE
NEARWYMK
X74MXFEC
4LNHNPF7
3FFX9FRP
7HWFKNKW
PFYNMEKL
979P4PX7
NHL3TYEY
YRFYYAWL
E3CFFKRL
4RKH9XKH
EEKYY7YK
WLLLP3WT
FH4XMTKM
HA4FRCEH
NLX4W7X3
NFM3XNFR
H4EHY7T7
N49XM3PC
ATKTRNYM
KNKXWLKE
CMAMCHLP
EKXKLW9C
FMA43WW7
NW3F9KYA
ECELEEN4
39P3WKPK
4R9AAYMT
LM4TXTHP
F93LAAA9
XHPKMW7L
EPTF4FTL
CK9F7PN9
NX9RPPHM
AFEHN3WA
9HECRTMX
FNRR9YCF
4EL3YAT9
FMRNN7WT
YEEHMTTE
M43FK9AP
AYR94WNW
LFCWWEXK
NFPAF4FK
YWNTXEAC
34RRRKTM
NENX3Y9E
KH99KH73
F79K7XTL
YE47M77R
4XKXWF4X
44MCKWFE
WF7NFHAF
CMXC79KN
PME9PFRW
KKNRHRXA
PL7K34CF
CTTNWXLR
XF3WEHR9
NN3C4F4P
NXCFWP7M
KFFH3EYX
YAPH9LMT
XX3LLAHP
C9PX9PR7
P4X4MPY9
CN4TE9MY
YH9RPA9T
MP4XH4FN
M3FAHMMA
49YKM3YF
4PMHRRPA
MX9NCR3M
4P4XNLCR
XNC7YNHA
RPWE47LN
PR7YWXTW
EANPEYEP
39KT4FE9
FHLP9KMT
RT93KCR7
N7XRWMH4
PMYWRPEC
34FRE9M7
XWPWM4FP
YAYXPWMH
HP4LAMPP
AWN7LT77
4YWHELMK
RKFWFYKM
AKP9NCM4
EMKXEA7W
TLKF4WNC
AWTR3A4Y
AP4HXNYP
7MNPYA43
RKM74TL4
WCA7CXEW
PHNNTRLL
7MR3TMLF
HWKHNY3F
YLEE7FE3
4AFAYACP
M7WRHXK9
3A3RCWXY
YWNCXCNX
TFEN3XX9
TCL4WHN4
FHCXEN9A
KKT7X3MR
W7HE7KAA
E437L9MY
PLMHH4AX
CRKLCAMK
TRKNRCRT
MFNN3YMC
KAXKY799
XM9MY3A3
7YKMAK74
4C4ACXY7
ER3L9ML3
LCFNFMHN
NWTF3YK4
X4EC9N9R
EYRFYPM4
T9FEMNEA
YPN9R9RT
CYNKECHP
R9LELLM9
FCH4YF4F
EWEFCLR7
WWFWERKM
LKNKKR7R
3WL4WXFC
RAMFPKN4
WWPM9Y7P
49NTL3WW
RP3HPA7E
A4LHLTLH
7R9WXA7A
E7E9YT4H
YYNPCL93
YAWHKA4M
HAHXYML4
CMCHAXWK
39XY3X4C
9MNTWML9
7L3HWREH
RYNC7Y9X
NHMMN9FC
3RWCYWKW
CNLFFCWH
FKWYNLE3
X4AFTKX9
F4TPN4PP
E7X79WA9
4T7W49FX
A34CWR97
KLRNL3RL
KT7KWLN9
4WLRK34A
YXHN33A7
3NLAF4XN
XF97F7KY
PCE97WC7
NWKMKC94
RCFWPKCA
YN4ME73X
4LHEF3MF
T3PPAKXT
3PCM4K3N
XCNM7C33
43MXHT33
XRYMPLHT
HWXHMCRT
KE3F339A
CPTWRAN3
X4FRPM4C
EMETCFNW
TAPLCRFW
9LWRM7E9
F9RTMLFL
CYE3K43P
YFFLYT3C
ELF7RLAP
4HHHAYRE
R3MAWCX3
R4HXCRFM
N4P9NREL
CNN3WMEE
NPFLFR7K
TLHLAW4R
CMXRY44F
WCP3FNHP
AX4XEHM7
WE9XPR7W
X7RHLX7H
KXXFRX49
XM94A493
7L4KFT7F
KRXNT4W7
7RP3M3CX
TFFLLCMX
WW9E99RH
TWFLHLCF
LAM7PW9L
347FHLME
KF3HERMY
3MFTPME4
L9WY3E9X
NMNR47MH
WM4AXLW4
EYXX7MKK
4NYFRKPM
NNF7L3M4
XPWWX4ML
H4RK9FLF
4YMFXTHR
LYCE4APF
TWHXMXHY
RA4HX9FA
NKFEX3F7
C4NYM9EM
PLC3RTC4
HXC9XNF7
3TRP4KXL
LT9FAX3T
W9ERYTTT
NF7NTCKW
9CWPEX4K
XE9YPNTN
RPHTWR37
KPWAAM7T
3A437YYX
4KAEW73K
E7FER3P3
RYNN943A
K4LM339L
CNNPXKWN
MX4T4NX4
9TYWXY99
ER4H3LEM
KCYENXT9
FC94C4WM
AWTEF4YP
RNLET4LA
4NAPFK79
9PAXMR9F
9X4P7KWF
LFCFCFR4
FWW44N93
394NR4TL
PPNK3NXN
CWHHHKNF
H3WPM3AH
RMAY4MLX
3CY4FPMF
KTAYMRPL
RMEP3ANM
M7NTLNCF
PHMTM4WP
T7MKNCXE
4CL9MMRR
YXF7WTWY
XAPEWFTY
43MEHN3F
L9L3HK3M
XELCWTFA
HE39XPXP
HHNENWWX
LRCWXKTL
47PF9NFP
K4KKLR7M
LKCY3T43
CHPRHFKL
M9RP7X7T
EKLTFM4K
M4WAC7C9
MHW7YXYT
3YX9CXCC
RCRLLY3M
PXYNEFW4
XA94RYLE
9LA7CWFC
E7KX7HLA
3P9MC7XY
FTP77WMF
XFM44WAL
NHKANMYR
7W7AH4YL
4A3CEFFF
H9F4HRPL
7RFK4RXP
RNAN3P7C
C9AKTPPE
P9PMYACF
ANTNXCT3
M3Y3PH4H
K4PAELFA
CMNMWKYE
TWFC7CA4
ALEELX4M
YC9ERFK3
XT49M43C
C3M773LT
77YP3XT3
EX3FFWEP
MCXF34RY
RACL4CNE
KN4PEEXR
7XKEYHFL
WYPALMRR
LHCNFEC9
KFAX9WKP
N474MXHK
TC37KNLA
YLPWLKRX
YF97RPP9
X9FA4HA9
XKXW9L4A
L3PM4MKY
L7CRA3XF
7MEMWCA9
LP3PN94L
XLWEAY4M
KREC9EFF
7MKC3MP3
Y34EKKPM
TKW9PYRP
WA79ER7Y
RA9WEMYT
ER4MY33C
NXYX9F4Y
NLWHAPHX
4EPXCEFH
3HNFM443
WKC4AA9A
9LFYR4EN
FMMKTKKF
W4NXYEHL
ATFMXATL
AE9KK49T
AHNL7RL9
KFEMTA7T
W94AW7HK
AXAR9RTA
44M9999L
43LWW9T7
49HLKTA4
NCNC3HCK
LF9RPYWT
XKCNT3CT
MLFRCEXK
X9L9HNFF
MM7MHL7X
7FX9W3KL
THFMKN7A
HCAFCNYR
EKCRRLXL
L7N7XC3P
4YXHR9NA
CMNTAMWW
YPFF7KXF
WYWEYXRP
Y3MYNRPK
PPL9XTKM
RHAW34YY
YH3TX7TF
RYWYYMX4
3X4N9HLN
X94TFN4K
E4LAF3PE
CXN9X7RF
3EL4XPWT
MX94KF9W
4H3P79HX
3RC394XF
PC7MLNP9
NP4MF4XX
RE4P3PHF
XHM3R34W
44YNTETH
PPCM3LR9
WPHEHC3Y
HWYF3WKK
T7KY394H
WXNMTCXM
9YXMLAXL
KMMLTNFW
YNTAWRCN
MH4NRC9F
9XPL3PTW
ANW7PN7F
3PCHWLNC
F44R4AAR
9K4RX9YM
C4KMRWKA
AWHPPEMW
EMFM4MEK
PKT7TWF9
TERWE33K
FWM9MYFM
F93CMF7W
PMPEK7RH
3FNEXEL3
WYMA97YF
H9AF4YL3
9NHWKKXR
L7HFRYKY
LANAHYLM
3XRNNWK7
WC7P4X4C
MLK9C7LC
CN47C3HC
9WT3WWHF
XFAYHA43
LHM797ER
HK3PEXXK
F3MFXA9R
AFXEMNPL
WL7Y9XNP
AWNRAKAP
4KP47HFY
CT773PLR
F9AF4C4Y
MN37MAP9
T3A7WM49
343AMHTW
XPCY9M7E
H7YE73EE
YMCWEKX3
MEXKM7AR
PE3XF3MY
HCXREYWX
3A43TPAN
PAT37LMT
XHRTKFKH
KLLAH3YF
T9HFRN9E
KFF4TNHF
R9NL9WAM
9NMH7PWM
MTNNW7T7
FK79CMP7
YWHTWTKE
MCL3XHMA
N9PNWETE
PAFCC477
7LFYP7A4
RWWLRTTC
FE7KFCCY
LMWCLR7R
RPAX7NHH
9HXLNHXC
FECKA7EP
XM3CA4TA
R9KHLWC7
YFY3MCHX
T7AYPLMK
E7MN3NKN
N7XFXCHR
PLMHT43M
XMKMT7PM
RW3YCTPN
LLFC9AKH
FH4YHRC3
4APHXT3W
AL9KA47N
PKRFLXTH
FYPCW4H7
MMEA9C3E
HXCM3AAH
NWKCEEAT
W337LYCE
PLAHENFX
744FLWEY
HHW3HHK7
7WKNTEPM
HCMX7CXT
Y4LKXE39
MHHM7ML3
CWYKNNER
RLNTEWTK
3EML4344
7NPFAPTP
TNMMF7P3
7CEANTF9
7KE9AHRR
3YLMTC7T
FH9A7XCN
A3FEYETN
WK43T4CX
F39AWW9R
LTWY3AC9
CTARYK4E
7KC4ATHN
NXWF73PF
CTAX7RR9
3E4L49EC
AFNYPL47
RYWXL9HN
THMTXFNP
F3N94KYL
K7WF7347
FN7N3XW4
XAX4Y9PL
9WFFXHXE
RWXTRKNE
MP73TNRK
R99RRC9K
NF3ATW79
4KLHMYFP
T9THAXHC
LC7LHAL9
CR4MFTYT
HKHANM4R
CW7WAN3E
YKMK93N3
CRAAW7Y9
349HHKYY
PTNCYMWE
WW3XCTXT
LFTWLHEL
CKNXAX4W
TYEYY3PA
XH4XRWY4
HMR4EYCT
TRWLTW33
AHPLXRA4
T3FMNENA
TENEWMPY
PWY94XPM
NNC3CA9X
YHXNFENN
4FN999RY
XH4FC3YT
FHWY3MPF
NLH9ALHX
3HWTW7HH
7FEAPMYY
TEFTHX93
MMMXMWER
X9EWANMK
EENWXN33
PE4MNEEC
XAECNH4K
FYE9MTH4
XY9XWWWA
WFAN9CAF
YXLFRCWX
4PRMXE9X
LT99FLKC
N339YEFC
RLFK9XCR
KN4MYY3W
X9TH4R4H
A47WXNXY
XTEKPMCW
WHMT7R9M
KFME7ME7
39ARXHFW
4EMFL7NW
9PMN7CCH
7H3AN4PM
39W9WLYH
9TXTRPCT
XXWFWM99
R9XAELPT
RNKAC7L4
EWWCA33K
WN7449ET
7FE9CPCR
NXMLXRCR
TRENPRWC
TC7RA3NP
FWRAX3FP
EAHE4NM9
ETW9KYRK
F9F9AWAL
NCTFETEK
NPFWX4PX
YATMY3WW
KCWKACAL
AA4MPEWF
XHW3N4AM
W9AYLMHX
9CF77FKE
XNKEKYE9
FRM9KT7M
FN3H474C
N9KXKAEH
WNWAPCR3
PCY9RYCE
EKY9LNFC
TCHRKNRH
N3X9L4HL
FH9PYNC4
XHTANTMH
9E7MAREH
EW3PHXA7
PT9AR9KX
X9EYKN37
NXERTCYC
RWN7PEW9
3H9EN4CL
T47HXR4E
YRF39YHM
HLNTTMXK
CR93P3LX
3H3FLXWT
MN3YAWWY
93MRA9X7
CFYRLE9T
3N7TARCW
ETHHYLP3
CKEYPTCY
E3YXTHCX
YYTAMM4C
TTC7RA33
FR3LTC4F
FH74T9HL
YKCTACPA
FXPK7F7R
X7NKM3FN
PYARW3XF
7HLYP4LW
4A9ERATR
7RHYMK33
A9RTRCNW
MPT477L7
CHY7WWFT
KK9NPRHP
XHXYF3XM
EK3NPFFC
PXK4KYMA
R3HTFHP4
X3NR73A4
X393WK79
WYCL7RAA
PH79EP4C
YY433HY9
99FRAWNH
EMY73EY3
HEXPLRHF
3MA7RER7
LFARF97N
FLYH99PA
YCNKLXNP
44MK3NAA
F3P793NE
7RPPTPM7
YTK74CRK
HFPH4XXE
3TW7AHNF
4EAETPEA
FH73TTLC
CPPFA4HH
TRPHCP9K
YCRRNW3Y
9TFP3WFY
TH94HXM9
R3MC3PKN
KAFL3CX7
PHXEFEE3
KWHYKEKM
LKA47T43
R9YWLXW3
KTHPKT97
PCFKX79T
NNELPFYM
RE9LF7X9
LCHH3MA4
PANE7TLE
3LKR7YTY
KPM97A77
E7A4R77T
4NFHAWAL
FTNC94EL
TK9AFRXE
HNEM9WAK
PKHTXRYW
NYHXRPCC
M7LFC3AM
ME4T9ATT
R74XT7EA
X9XAHNPX
R93XHEY3
R44ACWL3
7XYY9W7L
M4FTCRH7
YL793E4K
LYAEMTRL
3T4WTK4C
RWCKTWH9
PN99FXAT
7PL3KYYP
4W3YRHPW
7HNE7M43
WX3KEKXF
RY77PFE4
H7HTY7AT
W9AWWAE9
HKN44N44
AR94KA3P
KPTACM9T
YX4MEPRF
T3LLHTWR
CYLRAYHP
CMCYNEF9
4KYFTM3N
PPPKNF33
YPTMAEXK
EWLNX4K9
NCWRRHYK
T4FCLMMF
FW7XKHNK
7WRL3PE4
NN7MPTMW
R3YHET9H
43FYLFFW
YFT7XEKA
T9AX4YAP
M7KY7939
EACPWWF3
FCEN9LXH
H9HXYNWN
NARLFPFN
EEXKXMHH
R7N9ERPT
C99XEXHF
LLMF3NRT
WTWR9EYT
WPXAEARN
7P3LAPXF
479HLC49
YTA34AFY
HLTXTLLP
HW3CAH3H
9HFYC7LL
RKAWHRPR
YPTNETF9
PATTFP7Y
XN9PXHCX
ELHP7XPX
CWFH4MH9
EX3XHYKR
XFFYLNPE
RMLWY3XF
RKPMWY7F
L4YTLPFW
A43NEXN3
TAP4T3PA
FFLT7TRN
3E4NLFYH
H7AENMXE
HTCXPMEP
EPNANHMK
3CFLY4NH
94AM4X4C
KXMFMK7K
CHH4W9A3
A9KFAFFT
7XE3X7FW
4WWR9TKA
MMMT4TYH
WCA9CAT3
RT3YXCHM
MECLYM4Y
W34HN9XK
7YYLELYC
TY3XCFR4
7MHCMF7R
WN74CFMX
PAKFE4TP
PXRXEMWE
4EPYNPKM
HK9N3EPL
APFFHEYA
WY7EMTA4
WYL7P7MX
TMLF79Y9
3EHLHWXW
KAFCAM9X
H9WW4NLR
H4CHW3Y4
LT3M433P
3E347PN7
KAYK4TN9
4NHL39LF
P9TWWYXY
9K9MFR9F
F74XNWTK
43NAPKXW
NN3HFARP
M4EAFKEP
T3MEMCMP
NC3EYKPL
4NA7XEPC
NYNCFWE9
AARN7FHC
H3E3HA47
TWAT4PNF
FT3NWE3R
MECRHYRR
NLEF3XFT
CLM7K39M
PNXXANHW
39ENNMTX
PRCKCC4H
LLY7KKXT
T3X79EWT
TTFR73NE
YAXXW3KR
RLRKRM93
NX9E44KP
LNEHMX4L
KWMPMCLC
A499LCY9
AKFYRXCY
YLY7PRXK
KCXAKTCN
4AFEYKFT
CAEA3XAC
M4LRYMAW
EPEHXPCT
AMLRNR9L
YHTXEK3X
EWXX4HWR
K7C3KM43
WNTXLMNA
RNNE4CFC
7PA7MMC7
YCET33NP
9H3XXRMX
NTP4E9E9
PFHAXN9C
XTRX4PWY
FE3RKC3A
YL949HXC
CK3X9RRE
F3RKL7KF
CKPAAPMF
LANLKMME
YFCWRL9Y
WXKMWHC4
APMFXAT4
RYFM9WLR
YR9EC4L3
Y7KKPHTY
KEWA7W9A
PA737T33
FRHYHWCR
WWC7L7LT
RHLFCH4H
LXH3PNER
RNE7LPKX
H4ENTFWE
9K93KPM3
7MPYPE3H
7PNKMNLC
99K3Y39A
4XLY4HPT
PY3LF7AT
3EA9EKEC
NNWAWHW3
FRECY37A
EYE3KRNY
9HLMAFNC
LAFKRLWW
44X7E3NN
XMYMPAX9
9XFY3XTR
APY9PTH9
CYPWE9WL
F7WXYKMA
TYPH4TX4
NHWAX3TL
NF39FKFF
3YKPMXRA
EAYCC4RX
RHCLTL4C
NTY9WA9W
R3RNT9RM
4KY7MNHC
RFCYKECW
CKYE4F9M
K3KMCY4F
XWLAPRCP
7W9RRC3X
RLKYC4CL
FH7XRNXN
3E3YFLTH
YHT9AHFL
PWK39CKR
39R9PE9C
CF49YLKC
P43Y33PE
ERTHTP9R
R4H39HE7
7KYRXNRT
3YXAPKTW
KY47FM9N
3MAEERHN
3E3HNPE7
4MRNHY4P
9NM3MRYF
K77E7F4K
XKLPE9NH
N9R43PAC
CRYRFL4F
PWEAR4KX
4N43ANF9
NCNYXTY9
NMENLCAF
XMRKWLL3
WNKAYY9K
9XY3ML9E
CXN4M49H
WAH3A7PK
FPWXYWNP
FMAA9NAF
XKW4AAFN
7WR9THKC
NNYF9FAK
ALFECNPY
AFFMCFXM
TCLYLHLW
HNF7NRP4
7CT4PRK4
LFY49AKT
R7LXTWMR
PA73NHHP
9TTW4YH3
ERH9XL9N
YWXN7WEX
CNTTCEFW
R3WRNC4E
MEW3XMLA
ET3YRWMF
4NNYWEYH
MHLKXWFX
FXPANNK3
RAFCAEM4
NAWAXWEX
PFTYTA4L
47ALKACK
YHXTXHCF
MYLNE3PY
EM3XANAK
3KHYFPRR
P4NNXEE7
XFP7PPFT
EEA7F4AM
C3WHMH9W
WHE7CTPE
ECCNRA34
PA3C4NKE
KLTLPYLL
KKFK3K9W
NR7L74YE
74F77FHK
3ACFH9FC
EL4NFCHA
9XXXNYAN
EYFWPWXN
4TTTY3Y3
CF44LCRW
XMP9KMAL
9EMMY3N7
KY9TCN3M
AMWFENX3
K4EMARYN
R44NWL4H
L9HYWHLN
CXLX4EKX
4T9AHC9F
K4PPAYXE
AWYWL93T
C4CWNY44
MLCE47NF
H3C4HN7R
NAEMLK79
4CP9477C
RLPWPMEC
YNNYFMH3
AWFPA99E
PRF7YM7L
K3NL9TF3
K334CC74
PHXE9ETN
KNF3PTLM
7MK7HPYH
RY3MMLAP
F99MX9PT
9KHRCMMN
Y3HTEARH
X4A9EK7R
ALT9YAA9
3PMPAKWK
C7ML9YYH
YW3R7MTL
KRYY74MF
YH9RNPY9
9XECNMYK
EXE79CRA
4XFLACY3
HAMCKLXH
NNKFT9CF
FM747REX
RNFRM34X
MYWMPTCP
77PMCYTC
9XWX3WCR
AAERE9FR
W47WF7CK
4YLP3HA9
XMC4KTAM
XT4N3NNH
947LNFE4
MHF73X39
H3CRC7P9
CEAE3LRR
R9CHYKPC
CLLPCCE7
H9L4PRT9
KYAX7TFP
LH4MK9HL
AY7XMWAT
EEEHHRTE
XPMWW9CE
WX79PC33
Y7LYF7PM
F9PXYP4W
4FHEXRNM
TCRK7CCK
MRHH74AP
7EAXRC4E
KW7TNA3T
PNYYCWFN
KAMTWHEW
WW3EMX7M
9MPX9XNW
R99YAACH
7WFTFTEX
T3ENKT47
7WK47MNY
A3HLXWKF
4AKYPN99
KKXAML3R
3CMHPW9E
RC43XLXC
TYC37M37
YPPPA3A4
NYXHYK7N
PXAMXY4M
44CLN4AT
WMEFYPAW
7YRMCCHX
4NACE343
ME3AL4TT
X7CXYETX
XARPXWW7
9WTLHFY3
FRTFKLAT
CLHM7YXW
3WMHPHCF
4LNRRA4T
39KRYWFP
7TYN47PT
NA7YPCTF
L3YN3W4F
F74EP9C7
LCLN3PHL
7X7NXW9C
7RREARAY
MFENFMWT
ACKLFCAL
RCREX3TK
HCXNN9K4
F4YFYA7P
XHTEN374
4YMK7TMR
YMTLXA4M
9LXRL47R
EPRX7H4K
EX3XCRLX
KHL3N9YM
WRFANLPT
MXPXFLML
ETLMW74R
ENNY493H
LA7M37RX
C79YRYXL
7EM9M4XC
HWRCY9F3
T7HFLERT
P9444N94
RXMFWM9T
E4P9XRKE
YAYNRC4W
PFXPNMMC
A7LLFALH
APA7XRLF
XAHNFYK4
TYMTFXFH
HPPKLC7E
RFXL4933
X4LFW7YC
TCL49XLR
P94HT7NP
ATT3ATNF
ENTP93H3
PTH3MELN
RRFHAMPC
PPENTWMM
NWPTFMX9
7FALHTC7
XKWWT7W3
TNHAW74L
94C7K4LE
F9XMMHAX
F9XPXTT9
NYL9LW49
X4EWNAE4
TCR4ALPR
KWNNNAWH
KWATE7KP
LKMLTRXN
L99MNMHL
EFKFRLAM
FAPXKPRP
RRHCFLN4
3CCLCXAR
7YKTP9WR
MPWPCRPP
LFFA77AL
XH9LCY97
FRLRRKTT
49HKX9XH
3CMYAYKH
7XEWPW9E
4YCHF74L
PALA4MER
YY3TRYAP
FTNEMYH4
RHHX3TN7
4LPX7RHY
XTKR4FNP
H33TW9FW
HYKHLRMM
E4AHY94R
FX7YKK4T
94HNK3XY
MMY9LE3N
PXYXYPCL
7TLHFYHT
TWRRWKHA
T4YWAMMK
C74XMNN7
WPXCTW3P
TNCPRXTY
7XWARTKL
LYMH4EL7
RHNK9X3Y
YEEWEXAX
HXFWL4K9
M7K3TN3A
X4XLWCEL
T4CHF4LN
MMWYKKMP
9XFTAPT4
CFPPWHLE
7XTNLYPM
EK7PKE94
CRE73W39
NCXPAEH9
99AXY4WT
4NETXMTC
7XXEC9WP
MWLYMWCW
7FFAA4CM
AMNY9CE7
HXCHHF7H
3373P944
WKNHLCY7
TN9A7RKT
X37FNKCK
NT3K9RF7
XN3CEK34
LL4FALWX
F3N79XML
YTCW43PL
F4W3AWNX
N7NAMHYT
X74NAF3T
WTHLY7AP
ANXAYP3N
EY33733W
9RER3FNR
YCWMMHCN
HHE43Y7Y
AYTCR3FL
KN9EFFMN
FMWHKFAY
AMX9K4ET
X4TAHHPC
Y4AAE749
LCPT3YTK
KPFNC3FH
AAT7NA9L
MTR4WCEE
HTNF3T7F
WXLEPMPY
WHYTRL3A
K3KEKWCP
RWNR394A
EAHTFAKM
R99TMH74
YK3CCXXH
XEHAXX94
9KH3Y7XX
3LPLKFF9
WK73RA7W
ECTTY4FH
PWK9YXFL
PNCPAK7L
HXHFHPWW
TXNTKAA4
N9K4HTTR
MXW7P3PC
X3EAXXMF
E9HLAE33
ATL3RYF4
ECRWTKRE
YRAFMA7K
3WXA99T7
LTKN4XR3
WEWHEEKX
LFAMKA4K
H3N4EFEY
PYAFR7XA
WREW4HHH
A7LWETFR
XMNFM47X
4TA4CLR7
XFY9R3HF
ALNK49PT
WPT3AC7F
NTT3RC9C
Y4XAFY44
4M9YAWWC
KHLXNF9N
LMRPNH7R
NEKXWEHM
NH33MNHP
44TWAPPA
MTWLYPW7
RNX9A3CL
TXHX3AHR
ERAAW7CC
EXWPENXL
YYP49FX3
CX9MYF9K
XT7PFNN7
N3W9HEHX
C9YPMNHN
YRHA4KFH
E4A99M9Y
AANHR9X7
N4R9RHHF
PRTC4M9L
WT97HXCA
CEX9XREM
NTEXCYKH
LKH7CNC7
X9Y93XNH
XHNF4MKX
LWRMPCNT
ELXKHNX7
FFF3XWW4
NKNL34R3
4Y37C77C
7C39XK7E
MF9PAEX3
AP3TTTXR
E4YLA9W9
7X7HMCTE
X3PTHFK7
RPE9XPPR
PMXMNRXM
WCHRP7PK
THPPKCXP
AH4C7APK
YK9KF477
HT7NL7AY
AH99F9H4
3XMPE3AC
97YT7T7L
PKHKTHLF
YRTFNL7M
9EK3RA7F
CTLMEARL
L73RXT9X
HXYYXHE9
4FXMMP47
EE9YYE49
3PE3TX7F
YEHRPTXX
F37YKYKH
HKRK4CTH
ECTWHFWE
H7P9EKMN
RNLX99WT
CK4YCA3L
49CPLARF
KFW97YME
WMNTTWLA
AMLTWY7N
C7R77KMT
374FN3PY
EXEH3TKL
FMYC9CY7
WYL4PPEX
C4F4MC49
KHCE93RE
EKL9LTPM
47A7C9Y4
MYT7NFXH
K3XMPTC3
AX734MLY
KFXYPRWK
CWPKMTRX
YA7P9PMY
LMKKMFW7
KLR7PFRL
FNCECYCF
7T34LRXW
XMRKACLC
LYRM4F39
3KYHW3MP
MNWPWPEN
HF9YWKE3
739AWXKN
F7AX9394
K73CXTT9
P9CNEL3A
XMWAF7PE
L4KYATT7
XLK9WYYF
AWW4PYK4
LYMMWM9Y
4XNXNHNW
PNN7CWNK
AY74AKLP
A9N7KFKA
7AH9HAMM
37WHNEPR
XLEN7RXA
HW4MNK7N
K4TFHXPH
KYTYPE4X
EHTKM9NL
YLN4R4HC
PFY7K743
T39RPNRL
XNPPNPXX
KCPRXEW4
3XRTHAPE
XFRF3CTM
ACFMNPW4
PYY34KXC
XLM734FL
MWLXLT3W
TWKLPAMM
RTNELTCL
WEW4ME7E
LF79LLCT
FLRLCLNR
MR3E99LN
EFCPH94A
MMRTAPXM
CAMPXNMF
MTEFXLTL
3NHKLHAA
P3WTYHWA
CP4M4T4E
T4AAMAFW
T3TFWAW4
AREXFCFH
F7XAH3YH
XL9X3E4M
A9YH3YY4
MNPCERER
FT7WNLKN
7ETPAAYH
MXL4WF7W
HCKP3N93
YXMLNLFK
YTW7WWL3
3PAR4HM7
HA3KNFHP
9PRNCTHN
WMR7LLFC
3LXPMT97
HY4RKK7C
KXYX99EC
FL4KEPF4
34LHMYR4
47NPEMHE
MXXKKAXY
H3RLXAR4
C4HKNKLF
4M9MTFP9
XHX93EN9
KWMACXHA
TA77Y44A
9NLNTHXA
E3WCT9WC
PKAXHC7K
X74N9CCY
RXERTRHX
AL4H9NKP
NHMXXXF3
7C4PMYHH
79PWCNX7
XR9Y7HEN
4X97ANCP
33AKN9EE
4LKY97LT
CAXMAXNL
WHRY477R
CAK3X73Y
TLATCW9K
3WKYYAWF
7LW9KAMR
XYMX7LMH
T3N7CHAP
4CP4NF3E
NTCCMLPL
X3AY33R3
4CECW7NX
YNPPCF9H
MNEPCWCR
NTKNRN3A
XL7LEH7K
ANL3KEXH
AHNTMWYR
744LT9MY
E77ERA9P
YXCN4CMC
4F4WCCLK
XWY4WL3A
CNR7NRKY
3T3PTMFW
E7E47HTT
NWXRCWXT
KKH4RTF9
EHNK4YKY
RTLRXCFX
LEK73YX3
9TREM7FY
NEAFXERA
XLMW7XR7
PMWKEH4M
33LKPCTY
PCP4A7EH
LY3A9RMK
XXXFCEKN
WKKA9ELF
C4T39NYE
44R9A9R9
C9T3FE9P
NHMFKLAA
CHW9HFM3
3XFX7F9C
NCNWXEWH
9LW3CTHK
X4CFRMHL
4MHKHR9Y
HF4N9744
K494HEM4
7YTP37LK
77KRCKAC
4ALXRC4N
MYPWLHP7
RRHKYELX
TARPAPLM
AKA7K9RF
YP4NHTYK
MFKETWEP
NAH4FCEF
XCHEPWWH
3YPT79PM
TTF4CTAH
4PHTLMM9
H9WNT9XE
RRKEYTYC
PYPKA9XT
E4AWRR9N
NXPTYNKK
AHLTFEX3
9XC4Y7A7
LMEA3NHN
HFLE9PM9
77ATRNT4
HTLRXHTP
H7HLT3RA
9RER9X7T
HCTXC97R
TRX7N7L7
WNRL3PCN
FCMTTNTY
WCR3NMLL
FN4Y4PF4
3P7Y9E9Y
RRFETX7H
NLTC3M7M
E7YLMXE4
WPHA4YFT
9HEY9CAT
MPE7P9KW
HAERREHM
YFERP9YF
AL47RC3A
NLKTLATH
RHPH9WP4
434MNHEW
H3LLAN4R
TWX9RL3H
ELW3TPXW
E4A4XWT7
9MRNNYMT
KWY7R7YY
RXAT79AA
77HREYKT
TRKNWNMT
MYH43EPM
9RW4EH7A
H37Y7XE9
A73HCTLY
ECLL4A7W
XRYEA7CH
FKXWYYRE
WLLMXNLH
X43LRFHA
L7M9CML4
PHK7C3KY
7PP97YCK
T3MYNHEX
PPFTRF7T
99NPM9NL
HKNPLWMN
FNPMPT7C
CYPC4X3K
HYNPL737
WF9ETAAN
FLN9797P
FTLPRFYM
9X3FPF9L
PPH3FFAF
AWTTW33A
3TRNHA9K
AXHT4AWW
9TT4H4YR
REMAFKTX
C4HKN4AW
CATAYFMC
PCRELPPP
NFMKM43Y
3PM3L4CC
9LYWAXPY
W9H9TLRW
HFR3LW4F
EKYNEAFM
TXNRHNF7
M3YLMNKM
C9HRF9F9
9MWEENFH
ACLMALAR
3WC9NKCM
C93EHYTF
3HHT4EF7
ACLW3ERX
N73WCXAF
NLEE7RF7
9LR949CH
ERC3TCX4
WMEHRLF9
F9H4AACX
4FPEWFN4
XYP7THEW
X9HEFAW9
KLWRXAFY
PKAAKFEW
H4M73W4Y
H9NYA9TM
E9W9MN7N
HY34AHNL
X9HLA7WN
L74NHRCC
M4M4P9CX
XLLAMEHK
PKTHTYH3
RXAR3M33
LN9YNLRW
APAPFNEM
NR4Y44MK
HMWP3KMT
PL7MR7EN
RTA4Y3HW
T37HPFXM
P7HXL99P
MA3XNXCF
LMX44FL4
EH9PLYC7
FMNM9CAC
NXKPHC9F
FTCC9HH4
HYCNCF7L
9MC4P4LX
WLTKYW3Y
F7F4HX7A
LTEETACY
4N3CYXLE
X3RF9RKR
ANT7LFNW
R9C7A4E3
3W4W4X9T
XAMKYNKX
9KTLL3WX
HXTYKXKP
CYWCTPLE
HWPFLHTY
W4LETYKR
79C3E3HF
C4KECKX9
FR9FY47M
E4XRKFCW
MC39EALC
WPAPC3CX
4YWNRMN7
PHNLWAEX
ECYC4TH9
C3T9XFL9
EHMNR3LT
HF744AET
F9ENYTHF
LY4N7KK4
TXYTAHMW
CHYKX4X4
F73PHTKW
PN4CK3LP
PFYKYCNX
MNF9R4XE
X3NHKELE
49FLKCFH
MLPM794P
EFK7E9YK
K7WTY3ML
FRCLY7LC
RRXFLAMM
XPLXN9WC
7X3R9KE9
PTYXKAWK
A3RE3K3T
F4EMMH7P
WWCWTAMC
43ARMX7C
TEWMMXME
XM4CLNLN
WRCEACPT
PPFWEENC
CNRA3PCH
KHMHTXR4
4AMNLMY7
MATL9C4H
994W4H4W
EPM9CKKW
W9CFP9EE
XRKMRNLT
XHNYW3CT
KTCPYAM4
TFHHFRCH
EMARTKWY
TA33NYAL
TFWP4YK7
E94EEEK4
KY9XMPLH
TE47PCTR
3PXLAH4W
TTLYMNH4
CKLKK99T
M74FWAWA
K7P9WREF
LYFXFKWC
3LLPK4P3
3EC97YTT
RAXAXMWF
MXAENETW
CW74ELRA
H44TXKY9
44WLHEAF
LP7CCCCC
L4K4733W
C3KFNXKF
9HWHXTFX
AP93AE9M
4L4RY9X3
4TCY37P3
WTTMY7L3
Y9RWAMYT
TRT4EA4M
ECCNMNC3
MNMPHT3H
X94KFE7C
9FN9R3HA
TFTW43F7
XNN3AMYA
PTXNX3EE
HEYR7K73
LAXX343T
PWYYKHKT
7C3CXXWC
TLNNNE4E
THFKMM94
3MPHWTPN
N4RRHFEP
RLFM3NMA
7MFF4YRP
RP4MP3WH
EANYFH7M
NFEMK3X3
RK7K97MP
FFHEHH9T
LPHHLPCR
AM3LA3KX
933HRKX7
YYF3C9A3
RAAPN3H9
4F9AAK4L
ECN7RPP4
CEY9MAYP
XW9CPL4W
RK97HLM9
LLMNC7NL
Y3K9LHA4
CNRNYX4P
79HYXL4K
NFNTNCCL
RAY7M9NY
WCH3NHWR
PF94NM9E
E4RW7PYP
TTFWAALP
YL3X9FFA
Y9A74FCW
3YLHA97M
AXM7XALE
FKPTXN4F
N7MWL7NY
WPN7E9YM
LW7R7X3E
KRT9C9NK
C9YPFW7A
FLET3NPX
XPMXHKCY
AN7EF49M
X4AAKR34
R99KHXYM
KPLRCAHW
LKCXX3K4
PKFHY9YA
FWERCPCY
3ETNKKLP
3CFK3N7K
MYFY9THF
LKEENAYF
MRLEPMM9
9RTNTEHC
P3KF9CPC
PLRLKMPX
AEKTMP47
LE7MWWHY
N43MF3WE
C4ARMEE3
PRTW4FXE
YNAYWNT9
NLL7YFC3
XPC4PYLE
PYFFENC4
PTXNEKME
XALKYYRX
FTKHYW99
MMET9MFC
3E4FRHRW
XM9M7XCF
LFATFPLL
KP34PEEH
MTFKW99N
YHKCNE4K
Y7AXXYCH
CTRHRXYM
934XP7FY
WTLT4FHW
CEH7P9CY
H7XMEHEN
NLKFC4RW
WL7TNRWA
9LRE3449
HEEA3W9M
LC77XCHE
PHPCANXH
F93F9HHL
933RAKY4
NMCF7W3X
PX97LRXW
3WPAP4PC
T3MHPCAL
HKE3PXM9
EE9KARRT
FTP9HC79
XTERWXWX
4HK4XW39
C9YNYNPW
A3C9HTFE
WPT43AYF
XTMKYEP3
7EXNATKW
XF4CNE9H
3EW3Y97T
YHT34CF7
RWCYRM3W
M9CRCFWH
73MCXCXA
H7LTCCFF
47HYCKYM
WRAAPCWE
APMLEEX3
RWF9TK3C
XYTMCHLP
T3FHXHFW
LYMAPPAW
YYHFML4X
LKLY94RR
EWKLECKN
NCN4RYY4
73HKHWYL
73FWK7LL
FAMNRWXR
C9C4MK7F
44LXCW3C
EYR4WRE4
HHHXXTRX
9MYT7XFY
R4XWECWT
K3ACC9Y7
FNTKNLKF
YXERP7CC
7RNFYFRC
PLRTWYMR
N4RTK4EF
744PHNWH
FERCLAKX
C9LXETWX
LCM7PTKE
949NHEXA
XAALFN4W
P3R4AH7A
Y4MM4HER
WA7PC4C9
4THAN7RX
YP79YKHT
MCAFYMLA
RX9HHF4F
N9LARKWE
RMFLL7KE
WCWCHN4X
3C4LXEPP
M7YWKLAF
4C74A4HA
XM3MA97N
9XHC3P93
7HYKK3CL
EF9HMNFR
FRMLNHXH
FEHXA4LM
NX7MNTLF
LY47CRXR
XWXAEMX9
C7WPRCRN
374WT4EN
ACTAMXXR
LFFCAHR4
WXHYPEFX
TCRRT9RL
Y4REPERY
4FPH4WKA
LX3HWAR4
NLTKMC4H
4NHPXKC3
FNEE9HM3
3LP4TCFW
KW3P34WY
H7ANKTN7
EAYATWYR
WL97LWEH
TKNFY7H7
9F4MCFEK
MMEAE7FH
WX4E9PFK
HPE3PRFP
397NMTXA
H43A39MA
4NERKLY4
NT9WAYY7
CARTRX7N
K34R9RWF
CFHNRRC3
NKCTLYYR
HMHM49WK
CXN7H4CA
WRLTPNMT
PTTH3AMW
HHYCPTH9
39TW3FWF
PWRYLXP7
7R3ECYLE
LFMPRTRE
KKAE7MEX
4WWYCE93
RFR74WNF
7LT3K4T7
ER3PYNEC
R3EMTYN7
NRFY3RRE
PKHMLKT3
KEM4CNEW
WEX9YFTP
7E3KL7E9
LWYFLMAE
T9MKEY3P
3WWLMNNK
FHY3CXLC
N9ERXWTP
H7N49TNK
3CEHPLFC
WKYTEHEM
NATRMHL7
L4MHMCYL
LMP39N9X
RN7YMMTC
73H9RXEL
CNMKECMX
FE7N3PN4
PP97XYYE
LFR73NN9
7EKE7N4E
NNK7TFPP
NNXN4ACL
TMFCPK9M
A9PAR4HC
CRLHTKPX
7NX7NTTF
NTEYCFY3
7FAMMNWN
C93N974A
LXFTP94M
T3CRKYCE
PNFNWWLC
7CT7LY7A
7EPEXMFE
4MCFFN4X
CEC9TR9H
3RNEXKNT
3CKCCNA3
9C7HMYCP
PLRM7499
TK7CC4M3
RYHMTK9C
CPPCFALH
N3M4R7LP
3EC3WKYX
XE7LXYAC
FNLFNWPH
EXKTPKCW
M9RCHPNN
YLWM9933
4FXT3PY4
ETHNEAPP
TYKH79E4
THAC3HKW
LYMW3K33
N7LCPKCY
3X3TRPAX
P9X9YAKH
T7EWFWTP
HP3TP4RC
E4KNKHMH
TYCNCH4N
P7EEYNLC
LYHA4FRR
94FMR397
XX9HH9HK
RAXN97RW
YRMPPNAM
CPPN7HPT
F9PMWHLA
HMYHX7YH
9WMPRPMA
MMEMMT7Y
LHY79WLN
KTH3E4TK
AEKE7XWN
MR49H9AF
NXAKCYPX
M7N9K7WX
N4CPA7RY
XHHPMNHN
HNYKAEWT
XKKEKMRF
A9LPN9NP
XNH3HRKH
TMCLX3PF
EXMR94TT
AYKWMYX9
MCAFNXTM
3KFMM9RF
MYYYTEAL
RFRXTF9E
TKFHRTMK
EYPKX9L3
MXN3PWTF
XC94TAPE
39WFHAX7
FCNRX7EH
TE97HM4L
4K3TW4EL
N99XLXCA
744AXRMW
TT4YF74W
7WKKF37C
L4HYLFM4
FMHXE7MY
39PXXHHC
WN7CA9NK
HKLWY4XL
MRAXKK33
LKMLF47N
EHHYMAKR
PMPTR4TY
HWLMPTAA
R9EMNR4R
RWXM4THW
KLRW3CMY
37979AHA
TPXHKLKH
7PAWYRN7
7LLEAMYL
7H3RKANT
9RW347WR
9PFFK7LX
9RA3FLFT
R9M4CTAH
LRT9FK9N
9H3H7NR7
4ACK3MTW
WCXC4AYE
MPLY3PRR
N3T77WTT
9AM9C3AA
NECW9KLR
WLYAAYT9
4H39RAPN
KXNLX4AH
HME9A4L7
EMER3MAW
RMRMLR73
AMEWT449
7CMATF9R
K7YCWKYK
A7XWKT4X
KPCAE3RY
XWFKPR4L
KFLAEF9Y
AMFF3X3M
Y4LWX9K4
WRECF4X9
9A7EC3Y7
RKFHNYME
CMRPWNXN
49XPYTCC
E3CH49KY
YFK3P7XH
PEYNET79
MPPRCLPF
FWAP744A
9FMHAY7P
E3H3ENYH
RMNP7TNC
LY3EEYAP
RHLKWRFR
CF34MPPR
K9RXXPRY
3KTCPKTL
943H4C4R
9XNCWWKC
YYECP9MF
HFMEPHAL
RNWMYMK4
EHRKXN49
YF7CHE7A
3EALL4F3
PYLLXNLA
FEKHAMM3
CYACPPNW
RMTAH9LW
YC7CL93C
3R9H9H9E
YXHNW9P7
N9H7WPTE
Y37NM47W
34LTEAXY
LERH7HYN
PEW3KXAT
CH4WFKXW
ETTN47AN
KWC3WRXY
K4HYMYKL
NCY3N3L7
K7LR3FKW
WMR49CWL
FXL4FLXP
73M7PMYR
MLRT4MXF
4HAPF7R7
FWWWPFMM
CXK9LCMA
CHNN793T
N7MTMEHY
KNYLNLER
A3LNYTKK
LPYTF94T
9XN3NML7
7TXFFKWR
KWRXN9M9
HHARK3TY
F4ER3X3N
4RW4ARHH
XR7RN9YM
MXCWPYM3
9RM9WL3W
XWKNT7FC
9NNAFTLW
4F3KLM4W
XPR7TYNH
NRRF7RCE
K4L7XCPT
LKKM4RAF
PWPK7FLN
3E4XNKCL
LTF9LPKT
CPPHRWWY
AF7TKXMH
EX4RR4EF
NA4XPEKE
CFHPHCWE
WPPMPPN9
LP33NP44
W7RR9EME
MECEHKNR
YAFCCPKA
XYP7TCLR
C9K7XT9E
TALWLH4X
RNXL974N
3EPYK9TR
MYE99A99
AW3CCX7W
XE4W47CY
KFTAAWAE
M9KKYTAK
9TLWK3H9
KPEMF4CE
NFP7T9WC
C3YENHPK
ANX4XMFC
LY7N4FTX
X9M4HEL4
K4F4NHAA
KHRWYANH
7WM4CTAP
NFPPP34E
4CEWE3A4
7Y3PLPF4
H7LPLE4C
3EWA77MR
H4CLLMW7
XTYEPR34
YMFNEFFK
WKET7XXR
EW99YHYR
N4R9CXT4
WEHH4W4L
NLATWP7P
7RKLFLW4
XPR9CRCY
FFLFMTWC
LFX3PWM9
KK33CW3Y
HKY7W7X4
M3PWKP7W
97XYC7EX
Y93ERM9C
MEYH7T7H
LX7N3774
X9KELFKP
37KWPEET
WXXAYNRM
EYM3R797
77WPHEWT
XAL7EK3A
4NER3MFN
PXH3TYCR
FXKTPN3A
3HNPNKM9
X733X3KR
EMYCKYAC
FRRKTNCN
4C7L7NY4
AYFYXLY9
KLXPXKPE
4FE373XX
37FENKMM
TCWK7ARM
YWRH3A9R
7CW43AAY
LCHHYYLA
RKNNX9W9
HHYFYHTF
CPA7TYTK
HPLHHLXH
RF79Y9Y3
YENL4TRP
E7W7PMWM
RC7Y4LMK
ATP7EYYH
FRYYKKW4
NXAKMY3N
TMLYNELK
KMYELCXP
M9NAFER7
HKH397HY
FHM47CHP
NKTNACHX
CFKLLFMT
LWW77N7M
WTKELRXA
LNNPCA4W
KXKRNFFA
CF99T7TK
9NAFYYLF
X9CC4YN9
KECNRXXN
CH9H3YYR
3M9XKCWH
7EYHFYKK
MLFWHT9F
XT79EMAW
7PP9A4F4
TNM9EFTF
KEKXTEPH
TL9LPXLR
WKWWTFTF
4ACXMC7K
F9NW3FPF
3TEWKRWF
RAXLK4RN
RAEAMMPN
KAFAR9A9
EC97X4WH
3C9W3HHL
4R3H7Y9F
LC9K4ENM
A4HAC9KH
N4PEHHLN
NKEAN4WY
XT9NT7AT
FYYW3RRT
R93PAWY9
RMNW7FLT
HFWX4WW4
NFLKKYCX
9KAPTP9Y
YXNKC7CH
PYMAEF7H
37H4TK9P
FNYPK4TF
94L7LK9E
LXWE4EYK
E7KFREAE
C7R3F79N
HFMFCLH9
MNYHRA7L
TMATTRPK
7MER4TNM
X3HE47FM
4MTAHPRP
3Y3L7L4Y
KAEYMMRX
AXTKNM4A
3E4WMETC
MPE4MENP
49KCCKKL
TEKYAW4C
7YTKW4EA
AKE3ECYE
NXRAM3T7
X33FHTTA
XAAPLWNE
AHE3XNNX
LAME9XNH
TPW7WRPH
R9AMY7Y3
LTN37RYY
AN4A74HH
KRERHCCA
AEKETEH7
4W7KFYML
T4MMAXEL
AAP3CKL3
PEPWK9AT
733L9AHW
KXPFFCRW
YKK3AHCL
APYYANTC
FY3NW3PT
E3NA4CWL
HAFPRTMH
C7HNFTCT
P9AKRCNH
CA7PFPWX
FKEPFYPE
XN7PKLHK
MPF337R9
XHRNCMYW
YTL7YXYM
WLA7WCER
RPWW7AYL
CMLN3WLK
AHFENYPH
LL339WWR
WYKTT4MW
EFYMPW4N
4XFAA3EN
CETMPHYX
KEEXFKW3
ACKNXE4L
7W7TNWLY
THLPA7F9
MXWA43E4
KT73XRCL
W7XPE3PE
WK4NT3NK
CWX4X4NR
R4TMCA7A
H7LNWMW7
3M97H7MY
C9A93CTM
9KRE4PXF
CWFY3PCN
HMHNWW4T
TW33E7CH
3WMYK3FE
LYHMNT4N
MF97PTAR
HKNKYALA
7CAK4RH3
YP7PYY4H
CKC9449A
MTFPAC9H
7HAFXMRE
4R7PYEK4
77KWWKKN
YTK7LW3P
LTA4N9R3
RW4HHXYN
FM7MMA7W
RCMLL3CR
474XLMNF
TRWCXKYT
MXEMLACX
ML3XTRKC
R9KCEKXT
ERTTEKWL
MK7RHNTP
PLEXPP7K
EKH37FM9
RWHHTNRL
XFXFFYE9
CWF34HXX
TRWXWATT
FX7LYKTH
9WYYMCPN
LWLTCYY7
93HYRPLR
T4HL7NA3
EKC3TEX7
F3ECWRCT
3ENRKTHM
3K4PCYFL
XAYLKHPH
XRE4CPT7
TPN3YF9H
FPMHH4NF
7CAPP7YE
PXCEYCHF
FN9N4E3A
ECM3ARR9
HAFT93TA
A7TTLP3K
P7FYYRFC
EFAMW777
YKE49FCN
Y7EEM3LX
C47TCWTR
WLA34XKX
ML33NHAE
CN7LPLW4
7747FERN
4RYEEKE7
YMPAPXLM
3KEKAFHW
FANHA3XN
RXMAX7FK
LWFYXHFL
AYCLW7KY
7943HXYE
PRW4AAYL
MCYKPEPR
MNPME3TM
NFN4W73T
9T3M7AMW
3CNMLXT3
3FXYFLPW
W7KXHHX4
YXFALHEP
3AR9EP7L
FFACMHWL
99CCRHHX
HWTAY4T4
YM3EYFX7
P9FHHPNC
LWTPXWP7
FRLLECF4
4XPLHHF9
W37YKFFW
TAELW4YE
K4XWAWTY
R7TCNHTC
NNRRE7AT
NFLXEW43
PARXLAE4
RALW47MM
MKFLTNAC
MX7RT3WY
MKTPEF47
PW3MCLHT
AWWCECAA
XRTEH3CX
WT3CWNX9
EL9MRRHH
H4ACRY4H
CHTTHCFF
H9PWNEXL
WP9KF37T
PNTXF3WL
YRT4YKLT
ARX4KP34
T4NA3EN7
NXFP3Y3X
XXNEHCYL
NRTKYX7N
K9KWXANA
PXLHETWR
TYF4MFFM
7T9CEHMH
YN94H7ME
3FTXPFEL
XLCFXKE3
NNNKTH49
9E3RWYF4
AKCWTEAA
PC3LF3F9
FY4PFFTT
REPA47ME
CKNFYNLY
HE9WYLPY
FAEKR7MR
FHCKRPCL
7NHWACTW
L7W7PCPR
9YT9PMTW
EEWWTTYE
HCKF93Y4
PC9L7EA3
FEW7LMY3
MXYYHRN7
LLF9NMLW
HHKW7HRF
NHPMWXMW
NWK77NWH
CYYHRARF
NXK3YE97
EY7X7NFA
HWFNLHAR
HMPKF3HW
9FKHMCFY
TCFEE4C7
MH44YLEF
TCM4377H
MCKTL7NF
WLPXRX47
AF9XCTAA
H4LN4LNX
H7XCTLL4
NCTK34YC
H7XXANHN
TNFHCYWM
97PFYF44
KPEK47TA
RL94NPF9
K3AENRAN
TRHHNX79
KNCX7XKL
HWNMTRLM
99LHHPCA
AYC9EATY
A7NXFE4L
EXXRYPW3
9N9CRX37
NXN9CRMC
YTHNPEEA
47XACHAA
XL3FCLY4
THN9XF4A
TTX4LPN4
9NHN3TW7
7T7Y47Y9
TN4XKWL3
RW9CK49M
NAMLW9KF
NKCRCKT4
9XXLEMT7
7NFKMKP3
HPHCL9TN
49C9N94X
HYCAAKT4
XCPXT3LL
RWATA9PA
3YYYWXXC
XAK3FWLT
TXXRML3M
3PKCA7EC
E3H79Y9M
9A9R4ERT
3LPYKHXP
EYYNNYCM
APLMWXP7
CCPMHHAR
NLHPYCHF
W9FXRR4P
ALN9YRTC
FMTC9979
PYLPNFEA
CN3KTPKN
T9PY74A7
44PCA9X4
94RKC4MM
9ACM4RC9
WNX3TTTY
4K4FHT77
R4AX4FC4
RWLXP9A3
XPTLHLCW
PCYNX3EF
9PPYKLXY
KPFLC4XL
RLWKT4P7
A7CHXP7H
N7LXHHXP
FMYLE3MM
XYKMP4RY
E7LMH4WM
LTPRAM9K
WTK3FWFK
9E3NMAKY
4CW7Y4WH
44CHPFTY
XN4HKXHW
MWH4TCYA
4XRLX33M
9TLMCKMA
H33Y739X
P4WLCMEC
ENMFWL74
NTKPTY4W
W4XT9MMM
XWCEXFK7
P7APARYA
LR3REWF9
CAXN7NH9
KCNPM4X9
W37YC434
W7X7CWPT
LKRW3R4C
9LHWHN3F
R9TMKFEF
LWEL399F
C9YCPFKX
RXA77LAM
NHPKRMK3
43AEKPXC
AWE99F3R
3WTA77CA
W7KHNRCN
HXWN7XMW
7FCM9R4P
TKP39TWY
3MMRKM7R
RKMNXL99
ATKR9WCX
YAXTXCLP
9NR4LN4X
AFLFY4K7
K49FXNPR
P4ERC9FL
HAFMP7CH
7W4YKL9L
NFENCT7L
3P4FM9RH
KFNTTFKE
TMN4Y4KM
9AERAWXL
9X4TTXLT
E7CCCYFC
NP4TM339
CWA333TX
PA9ALWX3
R9LRPL7N
CLENXF3K
EYYECTT7
XCTXTNWY
FACLLLXR
PMNPHMKM
W43LHX4E
9CT9XYT4
339FC7CE
LAXRHXEA
YYMLE4HF
FKAHX93Y
HEM74FNM
KKNETH4W
WKMXHAW4
AWN44MY4
WRTPW43A
9EAAEAWP
MXE9EY7K
MRHYT4RR
7ETN9WLY
C4MLYNCX
33FTK9LE
WFMLN9A7
999PXRHP
4TPLWHW7
HL4NEF7M
M4KYTELT
NLPN4FA9
7YLAEYFX
XAMNNWPP
NCEPMFHE
NL3YACKN
KX7XTPPL
CNXT7TFY
TRAXLEHY
9FF937PM
7A33WHNA
NYN4WM4A
NC3FPH33
ERWKEX3Y
MFP79NAH
ACHT3FKT
HKTHKPRM
LN9YXEE4
W9WKT97H
A9YA9M4T
XFRHWNP7
ETPMWA77
7CW7AYEF
3ETNEKRR
FKC347FN
HFTFLCE4
M39M373R
TFTPPK4R
M9RLMC7C
T7ACPRYL
YPK7LTCY
PTE7RR3N
PXFF73P3
A7949RXM
EPKX3APN
PNFF7NRP
KCT74YKL
9HXKXXFX
FL3997XF
RE9C4XT7
9NYM3HWH
3EFXFNET
KP3YF439
9N4TMTP4
3AWLCR4L
LKCCNHPW
4HYLWAAF
LNR33PWK
7H37MLEL
7NH3M3HW
RH99XEHW
CPCATRR9
4FKNF3XT
E43W9KAX
AFT4PMYT
WA3P9WWE
N4TAAYAT
HLRENFKF
9H7HYX7H
4FA3KAC3
TTXKC9WC
PC3FK9CA
HMEYKF7F
TF9L73Y9
94A4LF4C
7RAC3YMM
M4P4TARK
C4RHH3WC
RT9KF3FN
7AFNTAXT
7YT4MMMA
7KCTYNFT
FKLKXM79
MARLKFAF
CEWTNHXW
Y3HAAATM
MPY4MR9T
P94E44HP
9AXMKWYP
KAXKWATE
LKEKH3YY
XLKAW3EY
9TRH7R9Y
4EXEWM47
NTYFNXHW
W3KAN3TN
H9CT7APH
XMFNHRM9
WEYXHCMW
9CRFRLET
477MMEK7
M3YCKTKT
PFK93NK4
PHEPP7LM
T9WRMEN9
PNHH3LCW
Y94HRPTN
LERTWPPX
9ER9MRHN
W3XLL97K
TKLHFKHC
P43NFWKW
44CWYXAA
NTL47N7H
FECWRA7N
FX7XMLFT
LL9XWHM4
HTW4M7FM
3ENXXFXN
FAWHYKK4
CKWW3H9M
R4F7N9LN
M47RPWR3
NLWCARKC
KWCLLFLE
AEC4HNE9
FK3NNER3
YMHE9ELK
M4NAL9CP
MXHFMMEN
9LNLRHAN
4KPAMRMR
PYX3CTAH
TWLLNP4A
TCLKEAMK
F7AKXFHN
9P3AYWPE
YN44XCNT
ER7LKNX3
4E7KAFLA
YKLHCYW3
PRTYAT39
MF4H3AXE
39MRXYTW
MHAHTEW3
NHRN3YRY
MXKEWK9H
CRHXL4P7
379WHFLW
XMP9NLEA
RNMTNTLL
R7CEXHNX
ER3EEAPW
R33MEA74
ER4WAPLF
WEAYEEN7
HNKENEPM
C4A9TW3N
XHY4WE3T
7XL3FXW7
MFN7HNHN
4A9MH94R
T3FHAFC4
HXHMLAK9
Y9NKECFW
F7NTA4K9
RX9HHLAR
AXHYWHMR
9XE4TMY4
XHHCXR3P
RMNPCMYN
4KRA4EK3
FMRLRKPT
44N43NLC
FCC3X4EK
4LWYFXKX
WXWN3C9A
97CM7NXC
TXAPRWAR
XXP7XPK3
RMRHNMET
9RNNNTLN
4FNLKAYE
979439RE
4WT9A4NL
HRHF3MYY
YLLWN7WP
FMTFTYL4
7MLT4MLF
NAAMXFLN
LLT3A3XL
W7L3XEP7
N44YTYAY
XMX4EKRP
LCNM43LL
LR3NXYWT
YETX9LW4
NWTTYXMT
YCEHCXEN
W9HFAC3R
ARLEHY3H
EPPKNKML
MNRKX34M
HMX43WXA
LFWYYKWC
X47WCCRT
LPE7EPCT
MHLMWL4X
P9EA3TKN
XYMM4HRN
7YPC4749
FLMYWTTH
M4EXCWCA
4THYNT7X
AMCY3C3H
LM4LARFF
973WMY7R
3AHX3EEE
NR4FEC4H
4FMYEC9M
KKLKTAEH
NC749MX3
TKNY3XE3
K7Y9MEHA
HFNEY4FL
943N4MWC
T73XENL3
7YY7TPWA
9FTYWTYF
WAYF74ML
99WL3LF3
RLCPE9A7
HN3XM93X
APMHL7MP
EWM4CEHM
PWWHKHWW
NNNL4P9F
XRC4WT99
PEPWNPHM
CPN3AEXN
4HY3XMHR
R9XY9FAW
4YM49W7A
HKLTFLA7
4333KYXY
WK7LMTME
MXYMKA7H
XFMCC7NK
3T4E3WHY
LAPN7HTR
9KLA7FYL
YAHKH7MR
HWPNH44F
XR3CXH3E
LAMLR7WA
KNRKRLR3
PEC9PA7R
YKHAE3CN
FNER9XLM
RNMA7TTE
FW9EWWEY
LMRENTKA
39R4RPYP
YWHXYEFY
Y37LCAAK
E47HYF3X
HEPP939P
CF9CMC7N
3XEKLW3R
H4T4A3C3
M7APHWF3
FLTNPHLT
FHT9L9LA
LMFH4MNP
37H4L3AT
XACXXM4N
HE7RNWXT
PMNH3KHT
F7THCPN3
F97X7WCM
RXC3EAX7
WFKXFCCP
7LWEENYF
CWMWCENT
X3HF793W
TA3A49KE
EMT3RTTM
W937MMFX
9EEKRL3E
LCWTLCP4
9PM4H3XE
YNYLKKAN
Y4CL79AT
P9KM9ENK
TTNTL3W4
EY7RYRNF
TT77LPAA
YCAR4HWC
TF4HTLN7
KFWYTCHF
RH7A7KXM
3ENH7EWA
NEEAEEWT
FEMPY7FF
AYYEP9NM
FM74FC4N
RCE4Y7RL
XHRF9KAM
3ECYWCKC
TYANWYRX
P3P9LHMR
H7HKALXF
TNHLFFL7
F3HXENRL
EAL7CAFM
7NLKYRKF
ECRXCWWH
CPW9TAYA
4RA7FHRY
XFCEALTK
AE4TR44L
LME944XH
LF7XEALT
RXHC4YM3
F74CKLW4
F47XKWPH
PH3LCW4E
L3FRP3H4
YYCPFWYN
F7PKAE9T
PAYWP7NP
PTHKLC9H
Y3M9FPEM
PWW337CP
Y4NWLLAP
HACAY7NY
FHH4WYEH
9LCR974K
7KAC7TMX
P3E43NT4
47RF3NTW
3C74WPTL
ALTY3W7P
RELTXMH4
FPY3F7EM
4XRMAATH
X4FXEMR9
39MCHPAK
TAEXPFFT
AM3KMC4N
XR343TLH
LNC4A9PP
KMHCH99X
FELKH3EX
3L4FHCTP
EMCM9LAN
RNWTCNXA
WL3H743W
A9WLYXPE
HWYMXFKN
C4EF7R44
RNNW7CNF
NK9YEPL7
RXKPNNH3
WEYR73XY
XMCPTCEK
LAXA7LNT
AEKANECP
4TKF7NTT
A7HHEA97
WYRP3LFF
EMLCLK9X
KFTFCFPC
WRPY377H
TPKPAATC
WEFWP7F4
4LKXHALA
R4RXYLCC
NPMPFW37
TAHY9WPH
YCC7CX9K
XN7HMRMW
ELMHRE9A
CYCWFLEY
N3W3KRLK
YYR99HTT
K97E9LMC
FRNXL9KP
TXNWFYLA
4X4X4P77
RXWCHL49
Y3HH9WLW
Y9L7PP7W
EX4YPTYK
XLY9AKCR
PHNNAMT4
4KKRYXMR
FKAN94WW
4LWAHERY
PWNRWWFX
AFY9E9XF
YHEM7KH7
WF7X3PXE
7TF9PKX4
YLYE4YXF
4NW33E97
LHEWPM3K
CRXA47FH
TLTAC743
H4H3MANY
9HEA3747
NREE779R
PCX9T7A7
FR7RE9WE
TEH7K9CA
7PPXWHFM
4EPFXMCE
3XF4TARN
7HHP9TPC
4X9K3LTC
MEYKLFXL
P7KTETPR
HHCYKLT3
LWMYF9WF
LNF3EPC4
RER7TCFY
T3HXME7N
9RMAR4X3
9ECCKF3T
3FYLMA43
37T4AHL7
PAFKH4YM
F7L3L39P
RT7L7APC
WANN7MW4
KRW9MENF
CKP973FY
P9KAMKLP
4WWTFLKP
9TWCFMY3
XNMXWN7W
FT97EPPE
RFTLLTLK
F9X4A9TK
MWNNRCN3
N9E7T3LW
NTYLNXWT
9RYPY7FY
YFTHYCPX
ET34YNPY
NNRLNFEY
HW3CL4M4
7PAAFWAL
N94YAFK3
CWF9PTCT
RRFRAFAH
AFCLPM3A
NTHKTNL9
E7TWNANL
CKWF3KFK
CLT3YPWH
HHK9TTYH
7AECEMYL
EMYCTCAE
HNKLXN9F
L7LHHLWY
49NEYN3M
K9CWMC4W
LCACAKTY
4FANFAT9
N4NTAX3H
7KCRKLTK
FKEAKNAN
KEF37PYL
X7CX3K79
MWWRC9FW
7LKWAL9W
43EN3FCX
PXMNXWNL
KTEA9EER
7T3444TN
C7N3HKF3
9KPCLYER
3T7LLKKN
9HPYLMXP
TAY33MM7
KPXYRYYW
WP4AXXEP
479EXEE7
LNM7MFME
L7CLCWYC
MRC4KNCP
EC4T7XWP
TWXEWX7C
TLMPRFRH
EWRA39K9
ERRN3CCN
YFCKLCE7
XKWMXNMP
N7ALCE9K
4NEFTMXK
PFPAWWL4
LNFXMPRH
EY9FMM9P
RCXRF7EY
MTE4KW3C
9CRMEFKN
RLAWKRPR
XHLX7HER
3RAET47T
F9WH734Y
NPMXTRM7
TLTCYCKL
YLXC4T3K
HX3E3RRP
XALTEYXE
ENCMAWXM
YHXCMFEM
ANMTFAFA
HN7P43FP
RRPRNYRF
T7FP9XTY
L7YENAYE
PHFK9PRN
MHHFY3MP
H3LTT7FY
9HR3MFTH
K97XE3FN
EPHTLY4H
PNNAFCHW
KEEAHKK4
PXWNMREW
XM7CX4FN
FW9RW7FA
HK34YEMM
9LWMREWY
CWWLKHWL
9R7XWPFW
97HRLAEF
PXCETTHA
WMMMM79M
FA34AY7L
ERKLTYKP
K4CN7XNH
CLHNL3LY
7TFA7AP7
T9LYTFW7
YX7RT4MA
43NXCRC3
M4TNH3WY
ELNYKEF3
YTT3Y7TY
R4FRY3TX
YAWFRCCR
K9PCLELH
TTNT7KEE
HHPRR3ML
H4YYFR73
MCTC3X7P
T3E4ERCM
CKEAPTFC
NA9RNWWP
N3PXKLLH
EEFEC9AW
FPKKHWHE
W494RLX3
XCCTHWMC
4CKMYPNA
MNH3KYCN
A4WMECRW
KARPYAMT
RPK4KRA7
XMTF7AFF
YNAMPFFA
K34AEEYT
49KPERRF
E4CHNW3Y
CRLFFC44
XWFEWTLW
TPAYXTYW
E937XYNH
HTME9PKP
AM9NMYNR
LPNMX9WF
FEL4LNXM
7HFPCKXL
NHKWARN3
LCNYFTEK
FYNWLHX4
X7RKYNKR
LKTNWMFE
9FX3399E
LYNLY7WF
WAAKFXRK
KLLW9WR4
KFTMRY9E
7PMW7WY3
9PCCFEP7
M9YPKLYY
MWPH437L
YP7LC47H
F93Y7ALP
3ARKXHLE
CPE7A9KP
TFRYHNXN
FKEAEECM
ELMEFFAY
H793PFWL
NTNNXT9E
KEAAALE3
M4PT94FE
WNLMLKM7
9P7T43WF
RLXTEHHA
YK9KCRXR
3TCAHMRC
FTTKCN9W
T4CAPYYY
N7LACHKA
EAY4N779
KFEAWLWE
KYL7EXAF
X3KN7WKE
7MRAXENP
AHKHRXX4
KKWHPA3X
KRYCWW4P
NRAPRCRH
LC4KTTKK
WYRMRKC4
3RNL4CWM
XWTT4FMY
FNW3PXXA
KLNNRMNM
3KR733XC
A494WEAH
XH4YNHWC
NXLTT3MK
7HXYKEY9
KHYRPFAK
MHAKKP3X
RX9KXNNC
KMH9RAAX
XKM4WW7L
4LPELLRC
RHFCMYPP
R7FHRLTW
A49W3TCH
4HRHP4NE
HWY7CY3Y
EWNYXPEN
APHKHYCT
WXAAHRPC
EMMRLPLT
W3NT7HF4
44F94K4L
KCTYWL43
LKEREFWL
7X4HARPW
APPWXFHX
ER4RW43T
LRP49W7T
CRP3XYWE
PMY7P4W3
97LYCKW4
T7W4TF34
Y93AXR9X
W9W7NYRA
7HKNHEWX
XTR3WR97
M3Y4TPTK
L9WFTMLF
7HXA9FXR
3LTPRK73
TW9RPHX7
7YLFYP7M
AR7RRCH3
39W93WY3
7PT3H9HH
H3ERCFRT
CYEY44WE
K34743XX
C4XX97FP
79WXFH7W
N3TLY4N4
Y7AXFAMP
FKFHKFLR
WFRHCEF3
3WHFT4LH
9P3RRRNW
PTNXR3W4
CXRYH9WR
K7E4CCHH
Y9PNKTN4
PNHXNWCX
73MFN3TY
RK4LTRF4
KEK94PT3
4E3FFCXE
R9YYXXL4
3KT7TNLK
WTMX94CL
CETK7X9X
AELHY79L
LTCNMEWM
WYAWXNLW
9EHTP7RT
AC4R4E3N
RYWTWWHL
7TFYP4LH
YHNAFC3W
LNT79Y9F
W44MREFP
33RYHXKP
Y4NMM7MA
YKLELAPM
MW4A4M3P
7TMMHR7Y
7NAYMFK4
FP7WHW3M
73LAW9KF
ERHP7XY3
RXNR9KYR
CLYPE7RN
44TCWME3
EW7KACNP
XNLKMFFK
RYYLCWLH
FN3WFW9F
KH9M9TRM
K779AXNE
KA4NM7WF
NX94XEPC
KPEFLXTL
HLEP9H4L
7MRYENKW
FRRRT9NR
AEEMTCH3
HNR4ELYW
LLCCA4XN
YWC9RFEX
E4WACNHX
XLWAC9EA
NRRH7XHA
CRHNMTYR
F7YXTMYP
HP9TYC7M
PEMNWCA9
AAPX9NX7
YX7T3L4F
RKCRTFN3
7LTHRKXN
WC9FACAY
TMLNWW7N
TPHRE93C
XHNHN9R4
4WM7WHFY
KN9HC9FN
EXPRREP9
K3EMMTRY
XTHPH4H7
7L3MFPFL
339RA7YW
3TNFE4AH
LYP3THME
9AMRKFAT
YF3M4FKY
9KHLLC7R
RY34HA7F
YC9F3Y9E
PPL43LAR
Y439KT9H
9KC3XALM
KFH4XALW
NA49X9EE
447CNF94
KNPL4Y7X
RRMCCR7H
A4LCEWMF
XY3FL93R
9PWRYRHC
EWHWP9LX
WYYT3T3E
TTHY3M39
FLWTX9TC
KC9LCH9L
TN749AXN
FRKTMLAX
LPWEWHPH
N43H4RML
FYHAP3XP
LNX4RA79
T7W3PXNT
XCCRCATP
TYXAYX9C
TRLCYNNL
F4RAYX4W
XKFE9AA3
N97KPNMP
43EKP37C
THYRRWYW
HFCHFPLE
FYLHHRYE
WWFXNRM9
H4F3APCY
N3YLCWPE
MNCTEE9Y
YC7AN7XT
P4CRTM7H
KHWTYETA
9E3XPYCA
YLFCAWPX
43LF7WWW
9749EWYX
9X4CMAP7
99WH3C7A
KWT9K9EW
YCHE37CH
NHYPEXTY
CEMFT33E
MLAXRCEK
NPYWE3L4
T3RYH3AW
7PMKHMHC
ACHE34LT
YTXHCHWE
M4NLENLA
97KE9HPP
9A37YEPX
H9YAKP47
7LHR9CL4
MNYYTA4H
4EKFMAEK
A4HYKYEC
K9EE7FXK
ENCXTLWF
PM39KLX4
3KY49H7T
TNNXERR9
K4PXLC9R
MPH9PCCN
YYYP3HW9
WFALXCLL
4WLN7PTP
3HNY9LPE
FCP9TEPF
939RKYN4
73X3EYRL
MCMNXMHC
FRNCE3CW
L3PCNLYF
TRAYEE3Y
RLCMXHRF
ER74MWHM
TM7PFX7C
WRAPCWCN
CWEMKHKH
NLWKP9M4
3M3L7NXL
WNAPT3E4
3LFNFFY7
ACYM3HTC
YREPEEW7
7FFW9FAH
MRF9ERCF
WY7MFLYW
RYCMNCKA
9EXR9PA7
CTRPP79H
W49A34R9
MCLLYNLR
7FLRRMNH
A9NYECRE
LL7EY9R7
EK9RAYE9
YHCM394F
YHFWFPEP
HPKEAYW7
AW9WCMAW
T47994AN
LEEPCTL7
4PCWAENM
79HHF3EN
KEEN7LEX
Y449CKH7
K4F9L9AX
H97XC4NW
9LFPAHYN
TRYKC7FX
CLPK7A49
TKWN7P4Y
X4T4C7PC
HNRLWTRY
XCTKWMRC
XR9CN9WE
9MYRAE93
K3A9FX43
CCX97NA4
XYRLT9XH
KMYCF7KH
PRHKPCLP
HHYRPTEH
EFT7YHRL
MXRPYW3W
NTHLTLF9
NYNRTL4W
MY7EM9FY
WNY4XYKC
NKK779C3
XREH7KH3
3K94LLXT
9T4EXEP4
PKAEKEXL
P37WFRHA
LNHWHXPP
RN4FRN9W
LF4EWCNX
CT4MHAK3
3MMPTHLN
N9P7RMM7
LTEFTXAA
T7KF9HE4
YP3YRATR
7ENEFKKN
KL34N9M4
YXYFY7Y4
AX3AKFNK
XE3P9Y7H
MC3XW3MT
HHKYK3T9
9FYYCPWR
TH4XEKRR
WEPY7TTW
K3EHWEYA
KCAEXCLM
4WFH7NWT
E3T44MRR
PFK3MY9M
3ATLPP9F
3KMEX3AX
ANL7CMHK
YCMY47KY
CWA3TX9F
PMCYPNRN
W9RAK77H
ERWTLRNM
L97KWLE7
9CLWKMAK
LN3K9WC4
KYHN3KWR
PYWYHXK3
EAFCLXAX
XPT3PF9P
7R4EHM47
YF9CXNA7
WP47HF9W
WH4E7Y9H
KK9TXTFM
R9WL9XLL
3CPYP4CF
4XWCY3AR
C4R3LNYL
LYLKLFTR
9WKMHRLP
A3N4PEHP
FMRYRFYW
YYRCHLHN
THY3TY3W
74A3C7FP
RALYFWLP
T7HE7P3N
AYYK7LXC
ELTWLNEA
NW9XTAAP
YHMHTRNK
TR3ELF39
3WNNFM4C
APRL3NPA
44PYTYWX
CXAERRC7
C33XEN9L
KLLXANPP
M3PLAYAN
K47RX3NY
NC37AY93
ER4TCHMP
KEKWXWTM
NK94APF9
ECPNF9PP
PMWYF7ML
C9WEERWF
LXY9PHRY
4LTYMALE
CYNMWP9R
7CW37MTH
PLPRLYWL
K7FHMXML
4XXRRPNP
HFF94N3F
PPW9ATFX
PTMWM7PL
ATFAATWF
N3RM4RR3
7WAWMN9M
RTN3RCH9
E9FR3PRH
PKA3YKR7
NMNT9CCH
NLE9LCRN
CE977KRH
XHXYPLYC
ENTK3MFL
MPTNY7A4
KEHEPKFP
KCRHTRKP
77LCYFFF
LE9FPCXK
4T47NXMH
T9EKTFMF
XX34CTHH
4LRF3TKT
H7794KAN
XKFN9NCM
3W3W7AKC
LRYRH749
WKMNHTKR
YTTEA9PC
A33CP9AA
3Y4YLAAR
R3NNKHFR
M7YP494H
PHWERWAX
YTWWKLHK
XANW3CHY
93HE7LNN
WHFX4TTX
K79FTN9T
AEKMPAKT
9MTEY7F7
X3TMNTE9
3TYWLWR9
LWAYLETP
RFYMERLE
4PK33AEK
W43XYHTM
4ARTL74M
T7XH3YKX
WYR3RTXY
R7FLTEER
PKPPEPPE
WPC37FW7
3793FNW9
3H3X3LHF
L9YKPEXL
ACTTTRFL
HLMWXLRF
EH3XRAML
3N94EXF3
TAYMXFCC
LHPLYX4F
PAXMYEPX
4EHTALHA
TRTXNTNE
KTR7EX4C
M3RW7Y7N
AWMRENA9
WLPFNXF4
RPF4LCM9
YKFHMN4N
CXT9H9KM
YHPFA9NA
T3CWTWLK
XTHC9PXA
7HEWAWXT
RPR4KAYR
NHY4FTAX
E9P4LXTC
KAEKRNM9
N9ELEXF3
NMWLHKKP
7FHKCMTF
W9TP3P3Y
7FAKF49C
HPFLA4KR
Y3NTTE94
3REFKEWK
YY339MPR
EM4CR7TX
T4PCYK9A
WPKLA4XM
439WWR7A
YX4PYMYR
EHYPRFNL
WFN7CEHK
3LR3FTTW
93LFALCF
ACCXP7EL
WN7HRR3Y
YT7NNHRW
EHNXHCAW
FREXHEA3
WYRLP39H
CKCKP7KP
FTWX7LEX
XATYHMF9
9TEFCP7C
YYW9WCP7
9CFHXKRX
HLMAFRKX
EKX7NPR9
MWXECPXF
E9P4PE3H
3P3WT3WN
LTY7ALAM
7NPE37CX
A7FXLC4R
LN97C4AN
KLC47KXM
YXKAMEXM
W3LTE3KL
TLF37FLL
39TX3AX3
XFFY4EWE
FTNNTWHK
RRNNKKYL
33HFRXKE
E3TALHYP
434YX9HN
E9RRM9R7
X7CLWLRT
M79XLMN3
PFCYEHN4
R77HR7P3
744HKHLL
7LT9YEHT
K7REH3FE
XWHKLN7P
9RYNEH3Y
KPXAATY9
YMEHC4XM
TA99NWET
YYEF9A9F
377CYAHX
NP3YKHXL
EYML97C7
4YA47PP7
LP9XLEL3
7N7FLCT7
7WHFL44M
EEXXKCEK
YR94NTKF
M4HR44EP
WTHPA4E9
K4AE3YFC
X3HACLHR
EXYW4X9H
47T9NP4L
97L3XR99
44M99C4X
7AAHC7RM
R3997NPN
47CMNXKX
4WWF4L4L
H4CHPX4X
K3ENR9NC
X3FR4AM3
CR7MMYTL
ARXLRCAA
4C77KXET
RKXTXFF7
PKYN7RHP
PFXXPFH9
F7YAHNPX
LEYXKMPY
KKHEPY4Y
YMWNAKHP
YWLLTEM7
KNAE7HWF
TA3RX9EW
344N74RT
LTPA3RYA
Y7XTWKT9
TYPYM93Y
CT34E449
3AMEKRAF
7FLPAPMT
7ETMTAKH
P7R4MWCF
7AC79MN3
4HCMWTPH
7PTAPT4N
P7WFXELX
WW3X9NMK
9HHF7PR3
3WCLLFEF
LRKF4EK4
F9T99MW4
4TAWTHCM
MLTKWEXN
H4FH7FYY
KE9TMCY7
WFCNCNKM
P3MMXERR
T4MLXYHP
HXKMPL4X
FRL9HKPR
4KA73T9P
EXPMMKCK
XT44AAPE
4PPMPLCY
9P9WATAW
YLWL47C4
MW74KEYX
AMNMW4FR
T7XMMPHA
ETT3XT9E
KL4PKYR3
4R4ENXPW
77X79YMY
KT7E3CWT
Y49AXELK
KXX4NRYN
AC3E9LLP
YCRKHYHA
FLL4TARP
XH37A79K
ET77E9P9
NTKMCHHT
KHHPFTCH
P3MHPFMY
7RAKXMPW
7R934PAA
LRH3Y3HW
MLLWR9RR
KYKHYLNP
XX4Y433F
3PMRXC7T
4CR4RY7R
3NHEP7N9
FNWMXNEK
7CTNPR77
AR4HLMPM
TYETNREN
N7YT79FH
KCPMTCLH
ANYT3FTP
H3CFYM37
CF7R7KWH
LMCC9LWL
M3NHX7HH
TH4ERPHY
9RCEFPF9
7WF9XKTL
YC4PTF7A
AWF3ENKK
KPM3RLW7
CFTPRNPR
3MEFERH4
FP94Y77N
EXL4CTHH
F7MPYMAF
A4FKY93P
9H9XFFXN
PLPFARNT
RCNKYLRW
MRCTE49M
CYL4EEP3
W9H7T3N3
H4X4E4RC
RETFFCCX
LE7TEK34
73X4CMXX
W47X9WLT
AX4LTNAM
XC99NPNM
AKNAXCFM
T7TL3YCW
3X34WWW3
CXENEENT
A7HR3KLA
779P9WWA
RMRPTNAK
NT34EKPK
37KKPCTL
A4APR9NF
XKNR7Y7W
LKXA9TWW
M7RXKW9T
N4N3LXTW
97XE4PHA
9ACTFKA4
W974P9WC
EWKWEENW
74PENN3A
7MCR3TPY
RM7EKYK3
X497LLXH
9NKMNR4X
HCP9EERM
YTYWT4F4
XTKNPYA9
3MTWNKEE
EPTXF9XT
YHTCC73F
TPNCEA7R
YFM3HXPY
NRKPA4FH
K34C9LWW
NX7NTFF7
9LCEKPAA
97XERXE4
LE4MHKCP
TPF9CEFW
TCERXAAA
MLKCLNXR
4TKTLK97
Y3CYTCF4
7X7TMYYW
H7NETN7M
FAHTMLLA
AAHN9RNW
MPRWHAHK
AFENRCKA
NKK4MC3Y
EXHFLK9R
939NEAWA
TYPFMKYK
3RNLWPCX
F3FTFAL3
CHFXEWAP
7R33AHEF
H3CPW4KH
9R9XWHCY
N4AMEKFK
YXEXXC4W
KCHKR3PF
PPNF4MCC
FXWEMEHL
TNPT4YCA
3FLCX3FP
EKX3ENMF
PHXP9TXT
XMF9HHKW
HWXTFWWE
3CFRWMFW
HEAFEAXK
3PFXXFAE
HPWLRMNH
YWRKLE9A
RWHAYRE7
9MTNCAXK
PTFLFWXL
3KXYNL9F
FERWWFRC
TPHNE4EP
K99XHPFY
3TYA4ALW
7NNMLW4F
9T34KYEE
C7HCWKPY
TL4PKCHX
3WT79RLY
4M9WC9MN
7FXMP4L9
W7CTACE9
94NC7439
LT3P9WNT
4CYM4HHX
4MYM7MHL
K7PYTTR7
AAAWYMME
AM4FWRH9
CN3LFM7W
H3E4YCFT
ENY4RRK9
LETFEY43
KXCR4PEA
R3KNFFEF
4L9TT4E7
3A3L34WK
KLKAEYLX
FYCP7RNW
PX73XPFT
C37NFLW9
Y7RNF3FL
EH7LEH97
RA3X3CHX
MKC4NYCE
94WPAELR
CNLYTXPC
73NF7M9R
4PX9FWHW
LMKP3LAT
LKRF347T
PWK74LAY
PAY3TYNN
K793MHLP
MLRMFEX4
7TLA93NN
RFF9XMTX
EWNC3WKF
3AEF7YR4
L4EETHLW
YNKWM3YC
W7XT44CX
EN9LX3MY
REPNKY4K
P9FMKPFH
FC4NARE7
TNLXWCXN
A3KCYKKW
AXYRRWC9
H3Y499X4
7CEHLA3F
NXK4KK4H
4MPA9ME7
CYCLREWM
E7A79YFT
LAFPLREP
C74Y4YLX
AKR39MAW
AEWM9HPC
9MYAKEAX
LC4TPL4C
7TY3WWNX
XNWENXLR
4EXYYPC9
MLTL3YR9
ALWLPTX7
7R9C7PAX
NCAE3Y9K
R73Y34W7
RMLL7A4C
AC7MM9W3
F7CWRLEA
X9KLE3T9
LX4NL4TC
AH7FA44C
NFKFFWAK
T7CPYL3F
APWTKLCC
M3K4EXFN
CLRXEYK3
AA7T3MWY
Y97RWPNM
CKTF3EYH
XFWTL9KW
KRKW9EWA
M9XERE7K
XRXCH4EM
YPY3LKTT
WML49XWT
WN7NYWN9
A3RRFRY9
X37CRT7X
LYA4ENLT
7Y3X3Y3A
ME3TRCTF
PRA99AH4
99F737LF
9WPKNXHY
KTWR7EWT
4L4KLEP9
TERHACT4
KNA9XYNT
ATE4X4AR
EXCFR4CL
XP7XRPN7
XF7CTTFT
T9WF97YF
7RHXYCCF
99YT3HWN
HP3FC97W
T77WP9CC
YRWRWKYW
M4M9WWKP
74HAKEPY
EM3L37AR
PLFAKY3R
KTX94Y4X
WL7X4LM3
FC4RLTCT
FA4W9NEW
EL4HLRA9
XCETARYH
TKYHAHRC
WFFM9AFY
34XEMEL9
YCYHT934
AM74C7C4
THKHCM97
9EHLA39T
LXAAFTRP
9WAF4RFF
7ANYF44W
NKY9PTYT
N9KXXPH7
7MYANENL
PNEWKWW3
R3EY3ECN
MPLWAMN7
YKAM7RLT
L7EWF4WF
A4TN3XNX
THAEH4R9
4PFTKWTE
TK9YE9X7
YNHYKTML
MHETFHR4
TCXN4MXF
44F734XC
7P3EM9ET
3RFH37F3
3LAXWYFT
3H3LRAXT
R4RXTC44
EP3AKMAC
XEMAERXE
RFARCNLY
N9LHX4P4
X7PAXFM3
AWKN974M
ET7CKARW
WKLH9MCX
HKA3YLET
P4K7HCFW
KKKP7HRR
KCC3EFRA
7E4WMKAE
M99HK9M4
3CTWEHCP
PKK7PXCY
MNFP3FHA
MFYLR4KE
7TP444TP
AECLAA9Y
7XKT743H
HWPF4YHR
ALRYMMNR
9XW4ME39
4TM9C3TA
Y9LK3HPN
CWLMMM9F
WR9FHHPP
T4CC9AKL
FN4E4LCL
RRE9L7TC
9C377H7E
3T3EE3FN
3LFHELAH
RRER374F
LCFR9CLA
MW7NC7F7
7PXFEMNN
LNAARTEK
T7KRXP7C
TCRP3KF3
RRKLAKEC
KFNRXLY9
HPH7PYAF
WN79HPTE
YFPAK97C
NX4TTCXN
7KN4WAEA
ACT3ATWP
NMP3NCYN
97NAL97M
KNNXMKAH
3FWKARFH
HKRNCMEE
PHHFRE3C
WTFAK7PK
9YPCRMKW
HKEYF37H
77Y7EXEA
E7P3EXCC
EWT7CYXN
PWLNN37K
KPWKCN4X
L3HFW43C
ATCW94HM
CALAK7MR
XHAMWEMN
3RX93MMN
9XPPEF7E
A9H4WF7A
9LMXHMEH
N3N3YXWC
XPRAXH4R
T34LAY3M
P4P9N73K
WARCTCTY
CYLTRKRC
4PX474ET
CNYYM4XL
TRNMRKLT
PKP7MA9T
WWN4FNP3
3CPEWWML
AK7X4EFP
NFCKNNLL
ANMNPKXA
9TYC3PLA
4NCCLMKH
T7Y7HAAE
9M47NNKT
7H44RFYN
FXFYXK7L
YKEEHAF9
3NCHLMX7
NNY9EY3A
93P7X9C9
9HT3PR3N
T3FHM9XP
49CKAPEN
WK7FNCCN
74L9FLHX
ETHMYE3F
R37LREFW
YE3TLHEC
ALWWW7AP
NYNLFK3C
RR7RKMHW
FTXLK9KL
R94F34HP
PLE3TLPW
3MWFLPRT
K4H3EKX9
HMRXNA4W
C9W7FEPC
7XMK7XRE
YALXTH37
3KEL7FHF
WAC4WTTK
3XKL3EXL
CMNXPCXY
KRFNKWNM
7WP4R4E3
NNCXF39F
LYTACMK3
ALWM3FCW
FXTFAPY3
9E7AMMRR
TNTCN749
39LEK399
MNAEPFF9
FEMFKY34
ERMPNC4F
9MW7MNR7
W44NR9NR
CCL7YFN3
W37YP9LY
HK4CFFPK
THNERKXA
3HT3NLRH
347RLEFE
KMH9MFK7
774KXLF7
YFFERT37
H4AFPTXL
R9KKYNEH
WFRELC37
EXK7HLCC
7HT4TNKY
XFR9RM94
N3K3C49F
XMFW9PW4
NHFHPFW4
HNKHYNFK
FHRYLTKM
EEXTTMRM
NPWWYM3W
HM7EELPY
CYNP3LWC
K9XRF4PP
TAMMA3EK
F7T7NNPF
WM33TMTW
H9Y7KEXM
TEHWMPAT
P9TYYLEK
W9KCRPNR
CPCA3YMY
CLC7TTLY
FWL47Y7T
CF4AMHXX
EYRCCE4P
PCXERKCL
P9TCK3PK
AT4ENA3T
9LNMYMFW
EHPAL79F
4Y3HM4HA
TR7ML334
3AHK4RYK
TAR9XP39
E7EC3AA4
AHYXKLWL
WXKACFEH
T7CEALY7
FML3NT3X
TKR3TKF3
3WL7MEP9
WNWH3MPE
YFYHT7PT
9RY9ET9H
CKRA3XX7
YKPL74KF
R3WXKHHF
LKRMH9AY
3NF4L3FN
HW79T7FA
MFRH44YY
EKYETX9Y
XPMNYCAK
RRLL4YRN
C3TFRLPK
KN9E9W7X
ANWL9W7T
4XEAAXEP
HXWFY43K
99K4NAXW
KMMCRRHN
WTA4T7TX
KXAMCH9H
LX4FT494
HWRLHRFE
KYF4TTFF
3HF4NYCH
EYNHLYPX
MLT3HYNN
3PWTP79K
T4ANFY4R
343FFHLT
H3KYXPTT
M47PXMRH
RA9HHPMH
79YHF7RH
NTNT47WT
9CT3LXEH
XM9PNY7Y
WKW3YWEE
N3H9NF4M
TYPWRPPY
LMFHE3FX
KLHNHCH9
3NWEAPKA
TP4WTN73
R7ANWCRP
3K33PHWP
N9RPCE4M
PFECLCY9
39C97743
F9A4HCNH
MP9CLF3W
NTKFHCC4
39APML4C
CRKC7MCW
W7MXAHWK
YFYL9HYF
KNNAXA9H
HENAFPH9
MAPKEHY4
MRH7EXXY
MANP4WXR
T7CTNFNW
PPCR9H3N
KN4MCEWC
FY4MAPNP
XFTT3XMX
YCMF3K99
EEX4YAWP
XWFMKWTT
9AKC9TAW
33N9EXF7
RNMFWH9F
YXWL9YHW
RCPNK34K
KRT9C9MW
NWELR39N
RE3E4L4N
7HFTNKNP
CFAFRT3R
ELXPEMFP
TX9LE9C4
XAMEE977
MT9M3P7M
A4K7734R
R947CP3L
K4WKRHRH
PC39YXAE
NTWR3LPL
P9TM44RT
PE7F7A7T
HFPKXPTW
KFXHMLEX
AHCAWK4N
HRKNFRN9
MCW7PPCN
9TKPELKN
EF3EM7CP
CCXTKX3M
LCF9Y9PY
K3H7YLPL
3W4XYPYN
RPT3YXKW
3M9HLMEF
KP9MYCEP
TWCXCALK
CRRWKHYM
PXMWXRA9
YEC7HYYE
CLFWP7C9
CCKR3MHK
YTAN3L99
TN4PTLWN
M4AELTC3
PM9EHNPY
YFA4XRLE
7MKMLPAP
HN9RM934
7MWN4P7X
RM4RC7FE
A47KFYL7
PEMPNRRH
9RN4CEFA
EAE9EEYX
NTENRK7C
3E49WHTR
PER3XNK3
HY4XHPCF
4R3WARXR
XLCXAAC4
3PFAKMFF
HH3MPALR
HKKLPNTW
AKY437Y3
3LCMWYEA
93TRPP3Y
WR9CK47H
RRNX99KE
MPKTTM7F
C4PAHTL7
MKNHYWPA
EXCXHM3R
KHYCMEMK
MAH3LMCT
A94FKNAL
ALHYTYAN
T7CMY9E7
YPHE37HA
Y3LRAW7A
RFFHKWWN
FAAPY9M7
RLRKRPKX
MLWCTNFE
ME9MPP9L
7YF7M9PN
LKF9KNTE
WPKTM7YW
LFPX7ACW
4EN7RKHE
WXAK3HWP
TMFN7P9X
MR3A9WAY
WPPFNT3C
P33FHRLN
ECHWWCMM
7FMYAXLX
NLMM9L9Y
Y7X33LK3
9R4AM7AC
KXNACMR4
NW3N3RAF
H3TEN47L
X94MR4AP
YTREAEFF
HNEH7FER
FMNCH9CK
ARXC7CTF
HM9EWC3R
YY4CPAPK
PLLFHCPH
HXHEY9KX
W9NFPLAN
K9NAWNPF
FLY7ETKN
PMEM4KYF
KEMLAEKH
YYCK7XWE
H77KWNP7
9YPLYELW
ERRHXPC4
KFRPMMA4
WNHAXLPX
YRHKA4RP
7WC3WXTW
HF3NCTRL
NH94YP3R
MXCC34MK
KT9F7P7R
MPYMLNAC
7K93TPKR
R3NA33AE
AAXWTL4F
4C3C44KC
ANYHECCF
RWC9MWH4
YCKWNK7T
RPP7YMNW
F3YMPKA9
TKPL4N4A
MTTPX43R
YYC97P77
HXX3CFYW
9FTRWCPR
PKKTRTWY
LN3X9W4W
M9NWKMHC
4MH34KW4
HYHMYL7F
LPW4M77L
L77CX44T
39T3E43E
KKLCTXLT
NCFH7WCC
M74YAAXM
HTPT7TWW
ARTK7NEP
XFTHE74L
PR4RP9Y4
9W9EEEC3
PHXNTH9H
T4C9WHA9
THKRENAM
4CC7MN3L
T3MFWKEW
7YAN9REL
FAMM7Y7E
X9HWL7NE
3MKREFWY
WM4TRHKM
TPYTKH4T
7EPXMTKP
WYE3AENW
R37TK9FW
AH9PANTA
9X43P97R
WF99TTC3
FHY9THCT
KFCC9ACY
7W37ERRM
7AFPA7LM
C7C3TEKN
TFKAWWME
XTACCAKK
P37ECLN3
TYYR7MRH
RMN9MKFP
XYARWTCX
9AHYE777
XMCP4LPK
RPMN3E3E
WCTXLNE9
RMMEKTE4
4CMPY7TF
TPC9PL7A
NKAWY7FC
PTMMWHKC
7KRXRENM
YXLHTKM4
4YPNPRFK
N7FM43MN
PTCPNWFE
WAKFRCMK
WXMP9YCN
WPRLLX7P
PENCFNL7
FKCHMF9K
CHY3H4W9
3NXPNRNY
EYFA9XCE
L3A9LCA7
PNHRPA43
ECKX49CA
FKTFFPY4
P3LLLLP9
LFNFMXNM
NKY9AK7R
LFLAECM7
YFRM47K7
AA3RREXR
Y4F4RXEH
YA4LTM9N
CMYMWW43
37EFXYF7
LFK3P4LH
WYNMXKXN
99TNRHT4
TE3M9LHR
KMMLWWP4
4NF4RR7Y
NYFK7XL7
TCRKTHX7
MCACLPTF
R9WEKMF4
RYREXKKA
WFKLFAMK
NCWXHELL
L3PNNX7F
TY99CXCL
KH47TMFR
N4PX4C73
RM4CX7P3
LW3LNFYA
TTNH7XEW
T4CTAEFK
EN7T3ETR
XAX3YPP7
XMWTWX94
ERA7FRYX
NNPC7LX3
M7WA9X47
AHKXRRFN
A9L9RTYE
TTL7HTKA
WPLEKTAX
4NY7A37Y
XH9EACFH
T374X3CF
LPXTFFMA
MK4AAAEP
ME3E4TF3
L9ACWKLK
M9XWFRKR
4MPAR4FN
CAPYKECY
ELT474EK
F4PC7MR4
FFT3CYCL
74HXAM7W
ACYTNWC7
X3M3XFXE
39CYYYNA
EKFLKTLW
CTMHWLEX
KWFP44YW
3NHRCH4P
RE94KAHL
FAENWNNN
7W9C7LTC
XXLXR3T9
TFAARARC
R4N3RX7H
3PCMXNEK
M3K3HFX7
RL3H7HMN
4479KLAM
ACLY9NYA
XEM9WEET
P9M33YAC
RNRFAEEF
NN3CCKLT
9P9YHWAL
MPAYLXE9
FT4LHKKA
3Y7FXWA7
HHAC3HAX
LMPAM4HP
3EAF7FR7
YYAEK3RA
PX9RXRF4
RNM9H343
W97C9XYP
AR4CACNT
AHT3ML3F
RKCWYKLC
XMP793L3
C37AW3RY
NHFEWNRH
TERCWH4T
WFWXPWXW
TW3Y34MR
CKCRP9NA
CN49EK3W
YN7WEEKF
TY3HK4XC
RRXMA4LF
HHXT9ATN
L433N4AY
NKT3YE3H
NY9MTT4F
7WRMRETH
WTF4FCWR
PRWTWTP7
3KPCFWYL
7AHWMA3H
WYRL33LX
X73RRWTT
NLP3NLWC
7YAMKWY7
7FYXHWMP
C97HHKAA
WE4PLAFK
4NXAKAFE
WHR3FYYN
ERXEFYL9
FYEK7FEY
RWYEPPKE
KNA7TPFA
KT4HK3LF
P9PH7PET
FT7AELA4
HP3KTAY9
7WKNR3PY
HFNYTLHA
T4CKK3EK
TMK777RP
7TYPXFXP
WW4ANN9E
ECL44FP9
LY3PTTNW
MRPY3HEM
YFNL4C7Y
73XPNCF9
T7EYHKL3
XA3FMWCM
4PPKPY39
LR9WRMYK
MT3E49N3
T9YPEF33
FL9YMLLF
KCAMLTM9
NEN7AHXT
KWRTM4FC
CP99AMRF
TPLLCEHL
AKR4LHAN
CXXNYR3P
KYHCFLR7
CP3EWPFF
WF3MHR4A
FAK3FLAL
ACYMYNLR
MWXTWHLM
MFAKF9HA
CMKLP9PH
KLMAKNX7
WPFTYTEC
7P3HNC7T
MXLECH4E
CYTP3FKX
R77KYE7P
E9ALWPNR
TXCNNC7L
MY349EFP
Y4TF7FKN
LPAETKTW
A4YTWPMW
KN3RM4XE
KNKLMKKM
X3HALE9E
KHCCCAL4
FFKKLW4E
HWCR44EM
HAFT77YE
LRYPNPHL
LPMYAXEW
N7Y7R9HP
N44Y7NCW
HA9WAANW
CL7TFAX9
7939A344
LYK7ACXY
RCKCW9H4
43MYAR37
FEPHNHAC
FENKHE9R
RRAFHRFR
LFXHXRR9
NAAPMYXE
XKYNWNMC
NWH93ANL
XYNKCKRR
X3FWXT4W
FNWLF7KM
HK99K9R9
XERRTTF7
4LY44LRX
EE9RTY94
HM47NP74
K7TPPAKP
C7ELP7MW
WAYNL9FK
PYC4XNHX
YLFE34A3
RNCX4349
EKAP7MYW
YFXYXLTA
T3LFKWYT
R9ATFLMK
TNNHCHN4
3LYEH799
Y9HPKFHF
4PETLHPT
3T4MPAKC
4RK7Y9AF
LWNAMX9M
LL43YATP
PXFMW9HE
NF3PCRLW
N9KNWWET
MPNCR9HF
YWC3N3RC
H439MEEM
3NK7FLH7
YLN7RC7L
NLLXNE4K
FMMYFMRT
YNXTN9EX
C9CPRAEM
HNWWN7AC
MCHHCCWK
CXNR73TM
3MCWL4KX
NWTCTYPF
7T33XPLL
4LLAMW94
PECX43TC
MHLLYFL9
WYNWTFNP
K9XWK7CP
HPEMN3P7
ECFWCPFM
RKLK3Y97
EACN3CKP
AMLTRR44
TFFKAEY4
4N77WAWM
XCHXMW3N
7XKCLLCF
ERREK4XT
C99LAPPN
43Y7PMHR
LNY3N9KE
FXLY3KLN
PE37KTH7
YA7TCXFH
WCRPNY3L
TRR779RF
ETFRPALC
LWCPLTNE
YNAPET9N
KMXXEXTY
743KLCXY
F7N3LLRH
XTH9WY9M
E4EYNFP7
FEWLX373
XW7WALMP
MNR7X4WT
LHPWFYMY
XWRPWXLC
YLM4KLMX
3R9LT9KE
KA7E99FL
FLXTRYKX
NRCFEYET
FAYNALHT
EAF3PTF3
YLHYXLYF
WWKC9XLF
MKCCXXPX
F3YF9ACC
NTC7P9YW
AFTX3NCE
RXXCHYYT
N9XXKPCN
4M9HRCR3
37KW943P
TCFX9A3N
YXCN4L7W
HC7AFKC9
TKMNTXTM
FYRHKH39
XCTHRFP3
PECNXAPR
LH7K7E7X
PYTERTMA
94N7P3HK
79EWLPWH
CAL7AH4C
KTFRN9EM
7WPF9CMH
T9AKHY4N
W4NK9EXF
RF97M3L9
XL3MTA9T
RT3XNRWW
EY733NCM
KXXCHTNL
LPPMME7M
MP7RT3AH
7FKFKPMH
EPWCMNYK
9HMP39WE
PPYEKMTY
7RFLCFHK
7P47NTCH
4NY79RML
CKMF7MHX
HCTTTM9A
NYE4EC3E
YKXC33NA
N9RNY39P
R7KX7EYN
4MY7XRRY
7MTXNLNW
7TCEKTMH
TP993R4L
WHXCTARX
X9AFTNN4
KWC4F7HA
N9FHNFWX
AW3E4FYC
4KCCANEC
AC3HREPW
9394HLHF
CR479R3K
AE77RLA3
NPWPHY3K
PM7MNMAK
KRL7HY3C
7EPA9KM9
RE97KHRH
PXTRTFYL
3K7TXYXE
YTCH4XWC
YNTYPWC9
9CYHPELA
LPL7433W
RNK4HCAY
WXHTLRXR
4THYYYNW
AT44HRP7
CKX94MLY
PAN7YT3T
7XHFFH9M
WPX7LLHM
HLHARLXH
TK9NRYHT
LH4WRXPL
9HFCFN4H
NALAPAEY
KMPRHWFE
W49L3RFF
9HMEEL97
XCTM4RY7
CXHETREF
AXXEKWFX
7F7WN9AE
AXEAE4P7
EAXL7FPX
PPYTKRRA
L4KAY7TA
EAA33NNR
KTPN3WY4
TNMKPMWE
RMX4FALT
4TKXNCL3
7FWYXE7P
C7PT7AET
MEE7RR7N
PTWPEK9C
N7MPYXEH
KYM447EM
9YP4K4RT
M9RL7NCP
ENL3ALML
XPWF99AP
3MX4F4WT
9M34FC7R
FMX3HKH4
YLXWKN3C
3PMCNP3X
7HFN9MFY
XL7TRAKL
C4KEHNE4
9AMCFY49
YHH3NYPL
LAK7WY4T
PMEYCCCX
9F49XHAH
FA94T399
F9K7R9MK
CC3RPMTN
PNFTMMRT
9ECLALLH
HEX74R7E
3HWYLNEY
HH97FCPW
LWR4MEN4
K3MKHXHA
CTCNNPMR
NY9FHH3X
CTY93PX9
LTL4X7MM
CWK37FM9
HRYPC4YE
CTK7RHMW
ACKWRKCT
CEHXHMLA
THPCMPP7
RHC7T73F
7YT9RH9L
FCAXMKNX
R74NHHKF
4LN4WTEW
7W9H7Y74
YWC37TPA
K39L9HX9
AWRPRC3Y
HKYH7AKR
RXHAMLHH
4H44WECT
AWPPXRHE
P94YPANT
K49CTT79
94C4TNPR
KYWYKC74
WKYMLHP4
MAAEPWC9
AERH4773
3NXH7AH3
LEY49EWK
9CKPEACT
L7L73Y9W
A3W9MEET
WF3W9KP4
EH3EAR33
NLYWYEL4
MKWMXHXM
7EYMXMR3
YMFTP7C3
XAEHYXNP
7N4MEWMF
CKXKH4T3
MTW3E73W
EXY37WLM
CH9PMP79
7YWRNPAA
AEKX4ECP
EPKWAC3L
H4TAWXL4
KF4TXMHC
YXWR37TM
7FX4PTEC
3CHA4HT7
NLMTEN4X
X7EFTTEH
4ANXKC3X
9EAEXTL3
KPHN7RRW
3HTMERWA
R49XWREH
PRL4EPHC
RLEHL7WK
9ANMFFLW
X9HHEHEL
4PYTTA7P
KMA3LRHY
3NWRPCLW
T3AMEMCF
9C3PAAFN
9LNKFEC4
XPNCEM3Y
7YY74NKX
7CFTF4X3
LCYEHXFW
M9PKCNE9
H7AHRTKC
4PHF3AEP
MFFP73FW
WEAY4LNH
3PM4PP9N
FN4YRK9X
RY7TRHX3
ACAFAYHP
M4C7RY3P
MPN7XF93
ECMFHAFE
XF4FKYH4
YHECFPY7
4H4RAE9P
494HEX3E
P4KKLNTK
H93WFKPW
RE47CXYN
KHPNEKLL
T4FKKCRF
WATWMAR3
TWHE3LXX
MLKW33TH
WREHCW77
K93FX7NP
EFFCERCA
WTXYMH77
RNAEANCY
L4LMYYKC
9PN9WL9X
F7WW3WMH
NNHYL4NK
9KN7MC9W
XMA93HKK
RKKRLEP4
PCAALP7E
XXMNACKC
LH9RTPP3
WL3HHNXR
E9X7ELAN
WHEYLPRL
AEAXPFWT
N4R9MWRA
H3AK7PCR
AY77AYMN
EEX7FNFC
PMFHWYHA
RFXRPMN3
ECFRRYFR
FFCNXL4R
4XWTKKMW
M39RTPTC
Y9PNXWLX
TXF4ANAF
YHHXH7MY
H4EMCHFW
EY4KTFTE
C79EXWAX
MKW7XMWK
MN3PA4LN
7TRP9NMR
FN73MHYF
LYEFHTWC
9E9L4ATT
XXEFHF4C
L333TNWA
C4YY4W9T
AYNRMAK9
7TN3PEXT
LX9MEL4W
RW7YAYCF
YPLAT33W
RFALCRYE
YLKW4AY4
A7E99YPE
4NALCAR4
RXXCXX3F
EK9MM7XX
HPEM4LMY
YM9L3TPF
47W4NPM9
49P7ERH3
PRTTNL9T
9MFRPRAW
H3CPAR7R
4MH77YNR
4YAY449R
4WHP99FL
CTYLYXHP
WKKHCP73
W3X7XFM4
TTA3CAHT
HHPHWNT4
HATYFN9Y
NWTY9YM4
M4TW9FMA
EXP4LMXX
YN9KNPME
4CTMN4XE
EFRKPLCC
T3WTTALK
4LXKCK4A
CYP4LWXL
EA74RWPT
N7MTM7PA
RYXMCL4P
T7E3R4RK
MEL7APME
P3XLC9NK
FCTYX73A
WNCFMYAN
HRYWPYTX
T9FFCP3E
97YWFFYM
LPYAYMRE
FXLMALR3
9HANXRHX
4CHRFHT7
7KLCEHHF
TYHHRLMK
HPRLKCN7
PM7L73TX
TYE47E7R
RRX4HKHA
4TNHMTCE
9YTNWFR3
AKRPEW4X
A3FHXHCX
N9TKP3EN
TF4E749A
PF447YTT
XEAMXLT4
PWWNA7XT
HWYNMXPN
PNYWRAWR
LWK3K3EP
X9HAAEFH
P3MHAWCK
CAPCYXEA
AF7RFLRW
LK449FMT
ATF7MCKR
FE7P439P
ETA3EKNF
F9HWAWKE
TM47RM9H
4EKPNRMP
NAXLWALP
YTFH3L3H
94WFCHYA
L4KFY44H
M7MMNERF
NP4KM4YY
NFT9YREM
N3CXW4P4
7A74PMPR
M3N4YPMK
AX9KCLYW
AW9WRCTY
HC9PXY49
ANXAH4H4
XLMR43L4
WARKN4Y7
K497LY7M
CAYKN7XP
99HTYX7K
ERCFMRRM
4EMH7YX4
Y7TNXREF
X4MW9F7W
9TCLMWNE
A4AL4M7E
TLPEAY9Y
CKLNH3MN
ETKW7A3M
ECPYNXME
LW4YXK4N
HC7KEYLN
3KXRYCCH
L4NFYXXK
LKR3PANL
NW3EK9WF
LYRHYCFC
HLTP3TFL
YWCX99CC
TH44LHAW
HAME4C34
RWCT9RKN
LMCAH7LE
LTLX4PPN
RCWH39TH
KFTART4F
MMTCRYMC
TTWL47N4
XKF3APPN
ETLF9ETC
CYN7ERXA
TMRPMYXH
RX7YWNFX
Y797L7H7
CWEK3CCR
NATLA74E
TAMETYWK
97HN93N9
YTMYNPFT
T3XKC9N9
NF9M47WP
A3H4CYRN
CWAENHH7
4XYH3XXL
9W3PLLL9
L9W7RLE3
A33E4HTK
AK9PLAMH
KW7Y9TW3
HNP9FKKN
3PC4YK4C
4TA3RMHX
EXFTW7AY
TCHCY9R7
NFCAYCX9
YKFWTCNY
4X9NRW4X
FWYNMPXW
MMCH9W7T
YCYW4LN3
XWARCHRR
FMLTY3YA
3RXCLX9X
CCYMK94X
9P9H9XRX
WTAERK7C
3K3WCTMR
ETF4HHL4
WWLCMNPX
N3PXWWNY
NN4YE3EN
PMRRWHYW
EXWF3RT9
LXX74M3L
WXRLMRRK
PE9ENF3T
XFWTYEAR
AWMRY3RM
3MTEW3RK
HLXYPNYP
KAHATAAY
FET3YHY4
MYLCELNA
MKFPLXYX
AL4PCK74
HPTKYEML
TFK4XPEM
ETCACKWM
HXHYENKW
MAMP4W77
F9794AF7
XXTA3LHW
LMPL4A3R
T79ELYXC
ALM7KERA
XAKNN7WN
3PYNLY7E
PEAWKT7L
9YCYTWM7
9NWRE9KH
KEFLPHHL
NMYNLRHW
ETAYW4XT
YTL4WATF
FKN74YXP
MT7XXCRN
X43RCEH4
CYT3ATE4
A4AMXFRR
X4WCPYF4
RAA7E3AH
PWR3MFAH
YKYKTNF7
7LY9LLPK
93RPY3FW
4WA4YREH
EHMYR7N9
MAC34K7K
37YYAPAT
MH7W33A7
WXXKAARA
RKHTRCE4
79EWALF7
AR9HECWA
XPRE3WEA
AN9KMMAM
WR3YTHXF
KCLY7HR7
CNARKC7A
A9T3LXL4
CYHYYXMP
9MXCHNHL
H7NWTAE4
4THHM9LL
ER9W9WHP
9HHXNWFA
3FKY7TPY
NHCHMT9K
WNC3HLPA
TMLNA7WK
EFKXY9N4
ME9MPLT3
3YREEA34
3XL7AKFL
LTHLE34X
A3PFH3KM
K4AP3AMH
N77NMLWC
7PFHWLYL
HLXRCX4M
3CNFKFL4
HET3RKPT
KT33NMNT
XT4NERMX
P7AF49MW
33AKL7TM
HPTMN4WA
LWYAX9XM
WPHKFEWH
3FYNXHFE
TYPX4LTA
ENY3RXHN
FYP3XNK9
HA4Y3ANP
Y7A9NKFF
99WTW94A
PYWTHACN
TPPTPCWL
AW9YHC99
9TXP3RCC
WCTL7AFK
H73H7TLR
WPXR3C4H
YALFNRP7
XNANTHX4
WTNTHCYK
CXFCKWEF
AKHE9PME
F79KPRL9
RRALFPRM
WX7E93HW
ATLMAPR7
ENA7KY3K
NF3LPH9R
ATCMLR7N
C4NC4KRH
7C9RF7CK
TTH7FCEN
HPW37MPX
TMFAPKRL
RAXM4FAY
R7M93AY4
K443WANE
M7N3RW34
3FRFNTHR
7KP99X4E
MCFYHEFK
FLX9EKYE
PH3CR4TH
X7ANYPP7
R7F74M4Y
74MAALMK
E9YR43TL
3W4R9LRH
YLHHF3AY
ENL99HX4
RC47KCCE
X4XXXAYL
KLXXXXYM
3ETNFNKC
AATLLAAF
CCYCMWTR
W7ALNCMA
HK7XAXNK
CLTAL7MN
9KC9WLWF
HWEWTFCP
XPLN9CHE
LAXP9NP4
HMXRPWHM
KNELA9FL
FWNKF3AR
R9X7T4WN
T9FPKL3W
AF7AAAXY
EEF99W7L
MC9FTHWP
CY3PECNT
FF3T4TR9
M9AMRWFP
PETX93E9
EPETECKP
79XEXNMF
P3XCL9X7
RHEKLHF7
FA3TAPPX
EWER7AM3
HH7XTYYW
XPRYEMLR
47WH3CXM
EP4EH43H
NLC9TWTE
WCEH33FY
A99NRYWA
FWRCX4Y3
FCKARN4H
3WH7EXLC
R4PEFYEL
MFTEYAX9
AMHFXPCC
X3K33YPP
XATCKNXM
KXRTYKP4
3EYTRRXY
WFTPMLXM
XYCPYC43
4MYK9YML
PF9HXNWM
EEF4FYTE
EWTKELHC
CHECX4FM
PXYLKFMT
XKWLTENT
MR3TYXR4
MHLHATAF
H9YMLRN9
LWPX7MN7
C7AEPFA4
W7TRH4X3
H3E3YY7L
3CCAHRRK
MTR4ARAR
TNHCWEA3
YNMWXENX
LK97TW3C
FTMR4N9M
XHF47CTR
LMW4C7XH
CAME3M4K
PFK9XW4K
KTK379NM
CRAPWNT4
RMKFLEYC
M3H4CFKH
4XNXLWK4
7XLAYKMA
EL7M3AH7
LPCYRNNL
XFM7T9FR
X9M7A3TK
KMFYXFCK
H7H97EEA
ARYR7L4E
CRAW3W4C
R47MNYFK
A3YNKTT9
P4YF3FCN
NXYY3XC3
XXM7C4MN
CK9N3CYN
HFMKAYE4
HLXY7A4F
7HT4KTCE
CCA7C43F
AWPFK4AH
73XHE7AM
XWWA9MFN
HM3P7KT7
RHCF4CFW
MTFE4A93
T9NNKYPK
F44TNWKK
P3E9AXKL
YXMXWMF4
9YWH7H3K
YP7EMPK7
YFFE7FE3
E3XXK7R3
WHKYTLC3
9CW4C7MN
WLLNRFRK
P94HMLAT
MC7E9MRC
7FHX434C
RPM3WTL9
RE4FNHWW
TTLLXKFC
REAYYY93
RH9FHRMM
RAYACFXE
RHWK9XYL
XWKN7MYP
FFNTLH7Y
F3LA9TYN
FXLLL33H
4L3FRFEY
TWCXKWKA
9NNM39TY
4C73T3EX
NCFXCLKF
XFPWWTMY
KPHWNE3H
EW99WFRT
AKWNKY3L
RM34XHWC
MAFPMFX9
YXL7YF7L
E79H99C7
EEMHYHYH
ERCPKCNW
NHRPRRHP
ANFARCER
FRYCM49Y
WFCPYM7F
7E4EKPRC
PRAW7TRY
97RRX4LT
7W9MXREE
HYRWRFHA
L4EPHRPN
KWPM49CR
NXT3ELNT
KRXXAKYE
XRN4XNTP
HE3EHLEH
9XA37FEC
4XME74WN
XMNCWNNY
NY7ETYPN
E9FLKFCW
YYRPAFAT
M4RK774H
KN9Y7E3W
WKAKEN3L
C4KKHMAF
RHW3YFTT
WWL9YYPM
TEHFF77H
WNPWR49W
9PARW7Y9
EHEWTH97
7M9NWRKP
NE9KLWRT
4XL9NHLX
YX99MHKP
7FEW4XL3
7CC4A74H
WYHHRKPN
CRPM9YTK
793WCYXA
3NHKEYTC
ANANECMN
LAYYXYA7
CCY9TFAY
7RLL3ATF
9KN97KTK
LAT9CLXX
77MXP99R
NMPLA7P7
WHNARRHF
3NEXRXF9
YY7E4HR4
HELC7TMP
N3NT9AWF
77T7EN73
A4WP43YH
PAN7AYWF
LA4XE3YF
NNK99WCH
E7XFHXXF
WFMACNH3
RN99KXEM
WRLYY4XW
YALPTPPC
EYMNRR3K
FRE4EAMC
3PEWNK4F
HR9ERN4H
WP4A7YA3
HLYPKPK9
CPPLPE4C
XTRPMEL3
HWKWTLWE
CMMAN3ME
PPYARFER
4TCKT4YY
WKLRNPTF
AANT3X3M
K37P44EA
MMKCHTP7
7PPWLM77
MR7AXLC7
37F7CL9H
HWE9AMFH
3MYCYPA4
NHWFLEK9
9CTLPYYM
AFLCXCX4
FRTPPLCL
T4NKPKN7
WYRNMMXH
TFRNWR7K
MYF4AM47
99TR9EAY
E4E77AR4
7LH9A4PR
4FLEMY7R
R4YRH4AL
CK9Y9P7N
3HKHXAEN
73RPYC4K
AHPMX4MF
CYRRTAWE
3WH37HN3
KHNWKP39
C3N3YFFW
L4YYXRR3
HKW97K7E
L4KWLCLR
AWKCXH44
7XNWPXY3
9P4WY44H
FPFY33C7
HYXNYHNY
N7C3XAXA
M4WRW4X3
WHYNFCAL
HHW9FKNH
9HFP3ALN
9C3THLYH
LPXN9E7N
3F3YANCK
YPXNX7HA
RXFYPCTK
KXNAW33K
HFEANLEA
AAH4REPA
LCPHT9AW
WPHPXHYA
79XYCR7H
W9TWXMWC
9PYFWRY3
9HT99XMF
TPXK9WEE
XNWAF3LP
MHYHMTTR
YXWE7RLA
A3AX3RFW
TXHA7YTK
KEY473Y7
CTLPRNEA
TMRAAHEH
PCNCA99R
LFEPR7EE
3CAATE79
9CLY7XHT
P7MMCHNF
E3T73FRT
C3RHXMMP
MT77ANP9
WNPEM77N
ERFLR3WF
49LWCTXM
4YEKNMAR
9AEPK79N
FNNHFPEA
M9MYF4HE
AAA3NMCT
A939MKA7
ENKERTRF
AAMWAR7C
AYCCNY77
74PN9YY3
MNN3Y9CN
WAHHAMR4
E3LHLT9A
ARAN3FAP
APEFHMNN
TH9REA9T
979L7EFR
CEKP9HT7
RAACE7EF
WXXAYC9R
KP9TTXCA
MRTTFY3Y
H4EYN3KY
HXEYR9KM
AW9439TE
FLEYAP4W
YKWK39NH
LYCA4MKR
TACKNTK7
M4M49AAX
HWHRNNNT
MXK3ETRL
T3YL79F9
PF3CR43F
WPKCHCX4
TKLTWTWT
RCAM7MWK
7AFCARAX
7FX9WCPX
CH4YPYAA
RC7YPKHM
LHXHCKEM
A3RMP9LA
PNKXTF43
HCTFAAWX
4NC3PLCA
4PXF3TLT
CWENHPMY
RAWRTA7K
4WXRA9KP
L3KCM4X7
WWMNTNWR
T4YN3H73
ANHLXWA3
AEAY33PA
N9YMPXLX
3H7ERPHC
AHKEYHWH
NM44PRH9
HMELN7WY
TX7F49ME
4ENNPAC9
CCPL4PRA
NH7FYR73
Y9TC9LL4
X9KNPYKF
7PLKWMNM
CNF4ACXF
MF7TE79H
3M9N4MEM
NN7EPW73
HHHMT7TT
3EKRHHAY
M9LRE3XW
MXEMHY4R
T93WKE9H
EC7RW7HP
NYPP9LEX
9HYAPCAC
CWHRLWPE
R4X3AEY4
WAWMTRP9
4MPR4FXL
XW43PTKR
PAFNXM4L
L9LCMCAT
C34YRNYP
HPANTMEK
RKNNFLXT
KE7PXN9T
YAENYLTE
FA7C4WHR
AFCYTC7N
HLNXRAFE
YMPCKYNL
K9A7WM3C
Y9PXARMT
CPETA7YM
WLRN737E
KTTEWTNA
FEPFTT9P
37K9CERR
3W4HRFTH
Y3KAWLCC
934WCKF4
MKPHETK3
PE973LKE
XW49EY49
FFL374MT
KMKKYRML
47YKFCNH
W3P7TTAC
FNRCH7RW
WPCEAXYA
ELY9CFNA
EYTMAT4E
XY4N3RN7
PAYTC4HH
7MTCT7Y7
AXLHKAPY
HREE3MNP
HFKEYL79
W7TLNM3P
33MEYRHH
9AKM3RLP
EN3CC7YE
HNX4LXMK
9FPH9MPA
TATMLPCX
C3PA7KLH
C7HYRWW9
7YPYPF7X
PE7YYA3N
4TKERPN3
MTFHFHC7
ACFFCF7F
W9NAMLM3
H3NNHP43
XX7W3P7L
P9FFPL9K
KMPFPHWX
AHXLNAL7
FRL33WA3
KCLM434L
TLYMYE3X
7AKY4XPX
REXWH4KP
E3W9XWEK
EE44WCXA
4KPRWTE4
LNWTMT7W
KMTCA3XF
AA4KYPL3
AHMWXAKT
XMF3LPPT
WX7K3WXK
X4W37HXX
3TK9M3WP
FWY4MHA9
4KAM7XK4
XHY4MN4R
FXE33HLC
RAYPLNKF
KKANF44R
PN3CW7TY
RRMYRW4L
PRHYHWLE
YYLF9N7C
RRFRCPRN
WM9TC34H
NPTPYWTE
YEFET7RP
FCP7RLLR
77TCC4TK
YFNL3L3W
AYH4PTF7
TNT7K3MC
PYXFHX3W
YARR937X
LYEW9WT9
4ACHHCTK
4XCXECXR
XP7MFWM4
RL3LH7CT
XRRK9C9P
FHXRCLAK
CNW73FWT
P9XKFXWK
9E3XRXYA
KHPFNALL
ELMH9FAN
CTMK4FCT
CWLC7TFL
YHWYE9WW
P7MRAXTT
3PYXRXPY
TPAKLNMP
FFNM4A9L
4YLLYY73
YYRPK3CT
4PEYH3YK
YKLFNYF4
FER39WRP
NEHHRPYR
XEAPKRCP
PAEF4WLE
X9P3X393
M7F9CRXC
M77FM9M3
P43XMFPR
W3HCRE9X
K4HNAYAN
73RYNTRE
RYENC33E
MEE33FLH
7HH7HN47
Y33Y93MH
RFWEYPKM
H7TPFWLH
P49ENYCA
XTY7FKPC
9PRAYPAE
LH94YTAN
7WRW9YWL
H3AY7AN9
TXMFT3YN
N4F7YKRP
YTE9H9C4
WN4FYA79
WCMKLN4L
94PNYWMF
AERENE9X
LF47CNRL
P3EA9ENA
7A9AWTXP
39C4ETTT
APPE97T9
PPEARP4Y
9LLP7XHT
N9NN7P4L
CYF73LHF
YP447CXM
M9M9MP97
APM3XFE4
AFFNMA7W
CL3TR4CM
TKKAHM7X
RERWCCHC
K9TXH9AR
4ENTXFK3
YCANP9CM
PTF7YCKA
HPEXWHC4
EWR77PCE
NK47H7TF
CPWRYMNY
KE4WWXR7
WYL7FW49
K7A9433E
3XCHC4LL
F7TY3RRL
N3CKE7L7
NCPCM94T
NLC99HF9
7T9MR3XA
AF99XLF7
WKAE9HL4
YEP9YCLA
4P9PWPHA
RNEFFWMT
3C3XTC4E
REXEXTXR
A3Y7HFHH
WHHYE7X9
HPMXCELT
CLNPPAWN
CNMTLT7N
LEETNRLP
MRLEYKX3
TF7C4PYT
HRPXLH7K
LFF43HKL
4YX4W9K4
YENRAE9P
4NA9WTAH
LHNYXMF3
WAN94E3N
4LKEPKKW
N4F9LECF
WKFY7KAA
EWTLRWA4
ELY4CWMT
KXC49CPP
P3W44EAK
NKRYXTTL
3HMH3CAP
43T3NHN4
KKEXENH7
HNPWCPCN
9XKLFPRY
LHWATKMC
RNYER9M3
TTRMNRMR
HTMH34PW
ELYA7WKK
PHRRM9WE
KPY9R7P7
3PCCNCAX
CLHFYCPW
94LXEFNC
49Y9NWY3
XT9ETXYH
979WXREE
4LMXP4F4
ER9N3EE9
WX9PPWMC
LKTXMM4T
9H49CAFH
THRLEWY9
T7M9CW9P
AYEXC3EW
9CRL9ME4
YEM3XA9R
9AEPRYNL
LTM3AR9K
YFALY7RK
KEWNCTY9
TMWHTPRL
4FFK37HF
XYF7TKFT
F74PCNCR
FLNLHX3T
N4CPC3KM
NK7KHH4H
379WE7WN
4NKFT37E
MHNW7F4Y
WKKAF9HE
LPMMCNR3
9KK99A7R
ALENEMME
F9LNCFPX
HRLYP77T
TAARFCFM
3WCM3AWY
PWLX4LY7
FW7449NA
KLM3Y4FM
ACER3FTX
LLEMHA4K
F794PWR3
TRRTMPYX
PREA7ER9
CTCC3RNL
N39FKTNE
4AHYCLCT
P7NW73RA
HHTMCNXA
MK4NYXPF
XWP94Y7E
R3KF7NAA
34PMKNWW
7WKXHAKT
99RYXXMK
KNLWYWWR
3T7ECLRK
HA7C9X7P
FPFEKXM9
3KF47LLK
KF4X7F97
EAPP3A77
4FWYYR7T
R7EH4PE9
73HN4CY3
EPFLM9NT
A3HXR9AF
4HTXEAEM
XMHCKFHF
L7FR33P3
N3L9WANH
C7XAL7NX
PKFCYM9X
LH4RFCRK
WT9EFKT7
M7EW9PYW
EN44K9F7
PCRCKXYY
X4XMY3RF
RY449R7F
EY7A7ECM
C4TNEEMX
LAFKK3K7
A77A9F39
CFRETFEC
HYXYRN9L
F3X9X99R
HAW4HAR9
NPTNWPMC
W74L9FE9
K33AFYFC
4KR7R4PN
RW9FEM9R
XKMRRFYP
M4P3HYMH
HYNYL9RY
3KMXXMKM
MCLRKXHN
Y37NKFH9
4NPPNRFK
EKXKPHWM
YL3CWWXK
3TKMTW4R
PW7LC44W
LNXEAT4W
7YHRTCRY
NR7KC3CE
YHT9Y7EN
Y3XPL3KH
WRFYPWMX
YMNMW4E4
NK4RCE4W
77KT9WEL
HRTL3R7Y
XT7P3WWN
PM7CLL7X
HNRYY7EK
EE4C3MHK
7MYAYWL9
EA3RRF7X
9NWPYPH7
P9PTRNKM
NNNRWKYA
LW7Y7XPY
XLAETPXA
7NNLRCH9
YRK4RWY9
HCYEW94A
PAYAE9A4
L3AFM4XM
LA3TXCFN
47LTC9A4
7W33TKPW
PPAET743
43MTWLNM
EH9TR4TL
XCNXW3EX
HKLFKCNK
K9XRP4H3
H9WXAPKN
9W7WKNNF
PE3RMR33
C3W74ELX
WPLKCC4H
MNYETKMH
ENMPWLYT
XHEHMMWW
TWXCPHM9
3TFMCT9Y
7YWXXPKP
9N74K7MR
YA39RNNR
RFW3MA7A
L9MR4C3E
LTYMHXTK
4XFKCH93
KX4NNY7F
HEHHRHFF
MC43YXR9
R9HWKTPL
YXKFARCF
4CHTLXWN
PWETYMYT
F7E7E7XP
7YF9RKTA
TFEEYKMT
HNMNCAM9
HCK4EAKM
PTW4K79C
4XRPYFK4
MAH4E3NH
HCMAAXXL
MXH3MKCH
MEYLKWAK
3PRXXKCL
WC9AEXWC
ANA9K3C4
H7A7RAXL
KC7WCWLN
EEFC9FME
RYXCXN4K
3XL9MXNC
PTA9PLFL
3KR9K34R
PYAML43N
ECRP37AL
LKRC3TML
TKWPK3PF
XCHMKMN7
LLER9MAX
3YERK3F7
AAPK9ELF
FALPM3LX
N3LAMCY4
9NNPFE7E
RF7T7CMT
CAL4R3R7
AF7LWCRP
HE9CWMX9
7CKNKMYW
CHRYNRCY
LHTRNTNE
ENE9KHR7
KXTYLWLP
3RTYMY4T
H3C3F4KY
TYYM4XFT
YN47RP3N
W4TMELMP
N3WA9WYR
339TM7MK
EKPRHF7P
T9WTKMA3
XA33C7PT
KEPXT4H9
LKNPP774
MMR3TX9F
7AHMREA3
EL3Y7MCN
W39R4K4P
9KFN93AT
HXYL9RHN
FFW4PN4R
RR94RYEL
LRCLH4RW
MCW4TPTC
7MAMHYR4
7LW449WY
XRXCYYLR
3FRANHMN
LE3WTP3K
AAFMFHNE
LR3EFPAH
PYE79N4M
RRF447FR
3M4Y74XR
M74MCXLT
NM93LKP4
7XPWTNR4
WWAM3HKA
3HNCKP4F
7TT7HK9H
3AL3MECH
LN9A4AC4
R4RWCXEX
LXARKEXX
N3NHKMXT
FKELPMWK
NYTH4MTN
TARF7FN7
CXHTP3TL
HWMPNP9H
RE4L3AAA
PNRT4HHE
FTKNC3RY
KRT7K7EH
93CX4RKA
MTP9KXCK
EH4H74LM
KXECPW3T
C9X94NWC
YFAWNTPW
KFCXMN3T
CHKTNAKR
XFAK794F
KRFW4YMN
9K9RPNCX
X37FLM3M
RYMKKH7Y
93RPNKYT
L3KAY349
AFXMTFNM
R93NTTPN
LHCX4AFT
N47EWKXL
7CHNMLFH
EM4Y9PNH
4HEAL4CM
CRKTW37E
X9TKPWKW
ECW99ERT
7XEY4X43
LCTFATFH
X9PCFXCP
4CYYEWH7
X7R7FCT3
9H4KF9AN
74K9F3LR
MKRTX3XC
XCPRW7HK
NXF7XMA4
TE73F9PX
TF74NXXF
LYCN7ER3
4XL7WXYM
N9CENPPW
EELX9NXM
HARPW9LC
X4P4X4LW
LAC73FXX
YXRYFNL3
AE4NCPNW
HMWNYK4C
RRLNXA9F
NFHAYRHT
AY4HM9XT
HFY4ECRY
YM7A7R9P
YHWY3XNF
YAPHFC9T
CYFCKKLC
AYYYHP9M
LNH4C4PE
HWLE93AP
TLAM4W3H
743AXAFM
RXN9ETYF
9KH37NPY
C39H4HEY
9PWATXRX
NXRHY4AW
47ENNYA3
33WEKTNE
FXC9YT9X
YRWMYCEK
WXMNW4KY
RTWRY4FT
LNRYR4YR
CAFE7E4M
AHLKKKC9
HTALCXKC
YHPXX44X
3YKYTE3R
RLPYLNX7
CTHWFTCX
FW9FXY3H
LATECCPK
9PTCTM4M
FFKWELFL
HE7KLP4W
H7MYW3X9
A4YWAXPP
7T77TW37
FHEX4YMF
LNWP3LCC
9L3LA4LL
L33WL9FM
34RKWEWM
CHNTTTRP
XMX7AP4M
934HTRMF
YC7EC4HH
HR7W3TFT
ALWHEPRM
AYC9N4RE
3AWCKLTN
3XWF7NKN
MACTCXRP
KLHPF94T
NLWXH3KK
TMM4XFWL
Y3PPK4YM
NCPRFT7K
YNLTAW7W
CWXR4C44
WTNNW73Y
FXLEWCFK
PF79XNPT
C94HRNXH
MLKPNMWR
YL7F4CXA
TMWK3NWN
EK34XAEM
TTHHAPRX
YNKK7RLP
P93YHCHN
9WYAMN9M
N34MP33X
LNFE4RYT
7FLYW39T
P7C9YX43
EP9CX73X
MP4XFW4T
AFKMTLWC
R9HEKMEL
3PTT93CN
N7RENYWH
H9R7R74C
PX9A4AKF
7TP4FAPE
ARKYW9MA
A7RNPYEL
WX9EL3XE
YCTYFFN4
WTH4EWMH
3ET4LRAW
X9CL4KMC
PAWCTYTL
3NFPLMLK
7ELENW7H
YMAM9NN9
NHFRLPCN
AH9NKF9F
L7AWKMFW
9XKXAEHN
M7KH9KLY
WHY9LH7R
N3XFNWRM
ERRPW9PC
YMLRLY9Y
XFNXE3RH
WK9YPNY7
7HPP9YNE
NWAC7LPP
CPALK9LY
TNXMFC3X
KTN9A4P7
LKCERXNF
XE7RYCER
MT334MEL
EFHNTL3K
39C79CT3
9XHEXKLN
CC7X9PRE
394FLN9T
ENXLEE9M
HMXXATKT
FTTHWKHN
HA377RYH
FY343TE7
KRRTFAC9
AFXKRLTK
FP49W4HE
33NWMW7K
YA7MKRYA
FA9MKRFF
RYW34NEY
RWPCECHR
PCEPL3TF
AKY9MA7L
L733WPWN
AK9RN7LT
3AAXLF4R
MNFLWRT7
AENTRXA3
4LY7CWLT
RXAH7AAK
LMP4XNRL
F794AAX4
7FRTPW7L
CA7KRKCF
RRE4XFTL
CA3AP3TR
MFHKCPTR
R3HWX9HC
K74FWRHK
YNTPN3WY
A3YFLTLW
ETC9XHNM
3PX3KR7T
EFEFRPT9
3F7CR7HT
HKERML4C
PMFFE7CT
9TYHPKP7
NT7TLH7L
N3YFM3XN
A4P4CACH
4CY7LKFT
L4X3RHHW
XAXWRE4C
MYY43TX9
RYFY3WMF
KWX7LPHT
FPF4LEKH
MYLMF3MM
PCTM4ERE
NHE3CWLW
N47M7MMK
E93XN77R
MX3WCLHP
K437R3X9
LN4NTNK7
T3RALART
KXK3KXCN
34YALT74
WX3RNYPC
4KYAEK3K
KEEK7NEC
XWLTK9FK
FXXNA4HR
RTP3ER3K
NPAAEL3A
WL7CTT7M
734WCC9R
3AKXWMF3
YR9HX79K
KLXYPWKK
XT9P743E
WWHFPALL
4WCR7R7T
X37KRN3Y
KYH7TPY3
RWEAR3C4
H4PMKCMX
RENMTYKM
E7RNF93F
YEYHRYYW
THXR4NHR
YX79KHRA
YPPFYFAH
NEHPEYNA
T4LLYTCN
LKRRHFH4
9N7XXP4F
LA4ET3CY
WLWKY7MX
4YAWF4TF
NT9CWP94
99WFTHMT
NNCLYW3C
E3RPE99X
M47AYNMP
EWK9WNPH
WNLNHCPF
4XLEN9YE
P3CC9H7Y
3HELRLKN
CA4TLLFK
WN74WT9P
RRFT3WMC
9FPPEFEP
PCKHFRP4
47RFEF9M
HAFCWRPR
Y9C3K37P
YKNC7RWC
YX7C44H7
EHLH7NME
A4YKLW3X
LCRAFWAF
99NCCWFL
W4CHMRMT
RE7939HL
HC7YRLRP
ECX999KA
WYAEFHTX
XYMAFAPA
PH9MXLRW
T3XAXT39
Y9PMNXCH
CKMPR47F
FTAT9PY3
7TF7KATC
N3XW9YXR
7NM3LMEF
XXNXTEEX
C7WCXLFF
MFTHFW34
TW4LLA99
XXK4H4PT
CWEEARYE
A3FLNCM3
CCCTCAXE
YMFNK9PM
E9RLYEEA
PM4E93YM
EM3KHW9Y
LTFHF9K3
NH93RTF3
HH4TCWTY
LYT9WN93
CYKY9HY3
KNKCTHFM
YHR9F9T7
744WHAR3
TMLNFC7L
4AFAEFNL
PLL3ANTH
XTFEYMLE
EWRPW7PE
MNNNMFNM
CLM7AFLE
HECEER9Y
N7W4YYCL
YWANNATR
EWAC9TT4
HPX9FLEH
R9PLNL4L
NL39WL7A
TER9T4WX
7MFLMMTC
CKHEYRKF
PYTRMMFY
T77CPN74
A4PHPLC7
3CLREYYT
FW9YEYPA
TRETXNCL
33PLYNYP
43WWAA9N
YNWCWHFX
7AALRWNF
LTYRKRH9
KRCTEHRA
FTRFN9WE
MHHTEFF9
39APE4CN
HWCYMP33
FTC7YKPT
M4EFT3WT
4WMAPKTW
KXE34AM3
AMA9XEWW
FWRF7R49
9PFE9WP7
LW994HYH
LRKNT4WF
AHWX4E3R
KEWCRKFE
XWNFPAWK
ARA94PKE
FRX9X4KE
KLCNACF3
YY4XRA7C
WEFNC7EC
P3NFLHYH
XWT9W3WL
A9KWKNCF
RNEF7FCK
M4EFKFW7
H3LWF7AA
9FP4EWKE
TN33HL74
WR3WHLLW
KXY99KPE
RC9MMENL
3AKEFPRK
THYTC3WR
TYCMAW9Y
3YPFXCAH
9FFXH3WT
7TPYHN44
7XR3RWWE
9FLHHXYA
RFP7REAY
3TK7FHKC
XRFAYNNT
XPPLNX77
YTTCP7RT
RCE7MNFL
KLHXCT4E
X443E9MY
EHAHEFRK
HR93NE9H
RKCFRMPL
CEPLEY77
HA3WKMN7
9EAX747R
H3F9XWKH
NT3FXX3K
9KEANY37
7EMCPRCT
4X3LHATX
NKK9TTMY
3FWHK793
EAWAHMME
WK9CKM4E
M74CM9CC
9MHNTYWY
TMXXA7XN
PRLNFMRE
7H3Y3E9W
H3MP4FTP
MKXPRWHX
FKLXEWXL
P7NNR4YR
RAFWRAFW
3HK7WA3H
FACEPEC7
EXFCWA7H
CYA7R43T
3NM3XKCW
FMHYNYCR
EAEPRYH7
NY9E3MXY
3LYKYP39
RT4TCKHL
MYNKYFHF
9WFPFAW4
RXLR3XKN
ARYTNPYW
7X4NCHFE
79M3YFCR
PFXY99KR
RWEHLMTA
A7NAFMM3
MRXFTTCF
9TPXY7NX
AY9XA3XT
KRMWXK7E
RRARYRA9
LA93CFWL
YCHXMXRY
KKXFCEYC
X4PACLMF
9YCKKCPK
AXMYL7RW
XFYHA9M9
F4HWYKXR
PK73F7XP
R7PP7WTW
THCRFEEA
HK974MPP
XFY9N4PW
9RFX74E3
PHTNP7FY
HCW3N37N
HFC4X33W
3AAR33EP
FF9YFHRX
3NMF3C99
4H7EXLHY
T93WMCKC
P7AEFWR4
7TMP3WMM
KKMAXPC3
NY4RWXHN
MYWXEE7X
TKTYCH3C
C9N7LNWX
TFLF9AXN
M7WW3YXA
PKP47HEM
Y3YYLTTR
9XLLTTT9
WN4PKMTH
EYK7M4PR
R3FPNRWY
494W39MC
L77LT9X7
NREAFWA3
KLLWT39F
493A3XAM
3C3LT4RT
YWFLTELA
3CXNXM7N
PNKXPXE4
FATLEFEC
PYRKMWKT
ALHPFNMK
YL3YR437
ENP7YTFF
E3PLCYXX
C9WAE3EP
ARFRTHKR
PYWPK9TF
TFTLRK3T
9TLC7A3Y
TEEF34XM
4X4999P3
4C3KLKWE
YH7MKEH3
TKWATP3W
9NE3TWME
NXWM7FAM
XXRTPX4M
LC4CWTXP
4MCAAFLW
NLX4HPYH
W7N3LME4
M4RFFF3E
4L4YK4Y3
AH779WLP
XKMT9XR7
MFY9FRNN
RPLXNMCL
HX7E7H4X
LHK3WE3E
XYFAAYM3
A7WNF3XW
XMTWWLRC
AFWTTMF4
CWYHPKEN
RYHPL3W9
LYMH4A9T
3KKHNYFY
EMWEMPXA
K7YPHRLT
HKRT7FKF
LPC73Y3M
TT4CELWP
PECHM4KT
RRCCWXN9
LNMYXFYH
W4KKMF7L
39WEPRRH
CWFX4E4Y
XRXH7KTL
YLPKKCPM
37ERWKF4
AWPCCAPM
F9WPAWC7
7NATP9LP
FREL9Y73
YEHC79NX
43FH9A4C
L34CEWKK
EN9ENHHX
XTTH744N
CWYHYKTL
7NNMMTFX
LHPLLLF9
TWTM9FAC
KNHALYYE
F4FT9KFW
4WTHWY3N
ARFK47YH
YRL9YC3M
9HFM4RM7
TKWETKTK
RWFMN4MH
LEHW9EMX
WCT4NW4M
T79XHMN9
NM9X3K37
NPTCHM4R
TTRFRCFE
9T74FYT3
T3HCEMCP
9KMFAKKE
F7EPH44E
7TXWE3LT
9PA9WHTR
LCTTFECW
NTXRPM94
R4KRNEWP
37EY9NFT
YLKWANPL
CMYKEKRK
XHH7YWAM
TCRKPR37
HAWLXHM9
MA3RAAKT
WAKPXERC
73LKNR3X
KL7EW9NR
Y3H7XNPX
MTRYY4F9
ELT4A4EL
YWYRNR9W
7499RXMH
3MHECYYA
3X4EHAT9
7A3W4LXL
LR3YCHYF
NPXXWHYY
HYNHWA73
MYMEY7EM
9YNWTKYL
7HT3PPCP
7WN44YAW
XYKYPXTL
39A793XY
YLKAEFXP
THXTFXA4
C9HWFAEM
MLEFNH9F
E93NWAP3
MLCWM3CW
LECM9HPH
XKFPEWAN
M39E7FRF
EK4RPW9R
TYXFE4AL
R9ATXPXH
NLLCCN9C
N4KMT7HC
MN3YWEWC
NHWCNWEA
7L3AX9RY
KKTXK7KL
YF7HC7NK
MEH3E37Y
KCCF9A44
E937HCA9
X7NKRTC7
EKATALLX
K7N4HERA
KNCC7EWP
7KYT9TFN
APNRANMY
E9CMMRA9
NHFN4C7T
TYHKC39L
FN3NEHRT
CMTT4YRE
M4TR34FP
FMRWE4RK
MMHXA3AH
PACMYMPA
734CKTH3
XWM4MLWE
HYK37W33
FH9EPEE3
4N97PKYW
LLLWY99C
RM9W7XNK
7RW4TXNA
XELNCWYA
EPANAAWR
HMETMP3N
34LEY99T
4T4XER4M
PAL7TET3
R94MFKRN
F47E4YPC
T4RRW77Y
YP7HFX9H
MPEWAHKL
TRMWHYYK
XWLLFC4P
AXTERY47
TNCCFXAH
RF9MWYNT
X49LPPFK
3WKNA33C
PFE74C4W
KAML3P3Y
RELHKLEN
TY4AKRKF
KNPENH9M
E3WEA7RW
YLR3PHT3
H9Y9FR9K
APRXHYTC
MPETAK4R
FAA3W7RR
F9NKXHLY
EFHTMXCN
RMYF7R3Y
CXH7REEX
K9C4TM4K
NX9APKFR
XEMP9ACW
L3CKY399
KFATHMA7
4REWWNHF
RYNRTMT7
YWWTM4MN
AXRN9E3H
FR9M3A3M
THEFPLTH
FYKPX7NY
YRCAWACW
7EPNE3YW
YNRRXT9P
9WHKF34N
KKEEWTMC
AHC7A3MM
9YFWL3T9
NXCKHNTM
T4NAPPXA
RNWLRKPH
9HC4N4YP
YNC3YLTA
LY4RNLA9
XHMMMLMR
CRAHLL7P
FFXLAE7T
CWNHY9NM
TKMWC9WY
C3WW99R7
7PCL9CTC
FCWLLNLY
NFNTXAET
HLHWM3A4
LYAKF94F
WF9FH9YP
P4ALYNK7
KYAMRRYN
WAYPKNPR
7XL4RWYW
9TEETCM7
93RYMFKR
TYWEEAAE
YN43EYFL
3XNR339E
EYWKLHY3
CCWMT7CM
MXTCXRRR
9RRFXPCW
F7KH9ER3
MKPHK4XW
3AAFP3C3
4YFAMTFL
THFLHXW4
ECT4LRYT
XMTFHM7R
ERTR7TXY
YYCAK4MW
9WHPYNT4
4M4PNLXN
MLPL4PFF
7HMFFR3Y
TRMHMF4A
HMXP3LKR
7X7P4F3K
MPYYL97E
LAR37PMT
YFL4KXRL
FPAXLRRX
PYW37RY4
XCCYWCC3
REWC3KAN
9ATTEM34
KEEFRWPP
LKR4HWPE
M93H3L4L
WWKXYPAP
PLFTNW9R
XFMENPCN
H3LNK9AX
7HHCNA99
FHLTTNXT
KHRNPKNL
3MR9AL4E
TW4NL7LK
M9YN94P4
7EEFLTEN
WXKFC9H3
NLMYHH9H
CMWHLRE9
MM4H99YY
FXHHT4N3
TKPRRRCX
ARWLCLTN
MYAYAH3N
PARW9PXF
C9HLTHLL
3TWA39NA
MRPEWXHK
YYCTCK47
FC7MP7AL
94W7MEWL
A349EAMY
WC7XYLMX
PMRM4Y4H
WERWKCNC
4WNTFWNK
T3L4C79Y
XMT3MWHN
4939P49A
7R9MFF7K
9XF4MPLP
94K4FYRT
EWMY74FK
WRY377FC
KKPXXRWM
MK7P7RLL
HRWH3YLL
99Y7FYTW
T4FPTYK9
AWRPPPM4
7XL4MT7F
3TKEEYAX
AKWHK4F4
Y7PLY7NL
TK7CFXEA
XA4XYMPW
MHETEFEL
HTYK3KER
HYACPY9R
7AC937AW
HW43W7CC
MWPPPKNN
NKCNAY4P
L94AAETN
CM7ATKW4
NPKNTAT4
9PCNC799
MAPHLXH7
TANEKNWP
CR9XNRPP
3WKLKC3X
MENKC9TH
TPMF4T7T
MPRKACNK
XKFHKYHT
7WYFM7KW
ECFC77Y3
MHH7HTYP
AHRWEWPN
LLLA7PKP
RKARFRNR
HHAH7XY4
WXM3WCYF
PYWRYTEL
FRKYMX94
FHY9L7PE
4CCP4MNF
PR7PWYKL
NAT44ANP
NHRERNHW
7Y99MR4K
NLN3XMH4
X4R3YX7C
CME9LCRW
MNRHXC34
XR9R4CY9
AC744MC7
KFLLNAAW
METAXN4C
ELCA3FRE
MRTH7RAX
MA3XY7NK
HM3ANMPC
CCYR74MH
A3ENWMX9
PH9N3A3K
9MTHC9PN
HEHR7EWX
NCF7W79W
FFH7YLRP
FLTAMWAN
PTCFKYX7
HNN73PKH
4T9WNRHC
HACLMCNA
TAANHWL4
4PF3M737
YX3TC4KW
YEYTA4H7
74KMWAN3
PETLLH4Y
3AHR9LCC
F9EFECT7
WX3F43K7
9Y9P4MER
4WTFPPE9
AEAC7LHK
H3EWPLKE
HPRYPENH
M4WC3LYM
YNPWPYAN
A9RLKE3K
EYLKT7F9
YCKLTTAE
EW49M9Y4
YPXT3ALE
LYANAC3C
9YX7PH79
CMHTCLMC
3MR7CWHC
3NKCHX3W
E9A4H4AL
RN7ECWXH
WTRTHLCT
HRXXCEWT
KCKM7E7N
FXXEW3XF
PLL9NN7C
CEXM7NLT
EEXAK4MA
93YWP9W7
EY3MHFH7
Y7WAHPA9
HHFNXWL7
EAEX7N4F
3HHWRLEN
A7XT3E7A
X9FYYE7X
W4T9CCWT
A79Y94AW
HFYXK4TE
HWWMKWAY
H9N3YA4X
XY3TH9AF
9PNNXKEC
3PMPR977
7YYR7Y7M
RK33YFYR
C3NT7YH4
CCNRM34Y
C9ECXNMY
3AM7NWNP
ATLCTH3E
A39KTFF3
39W4EAFR
774WMCXF
WRN99FCC
79FW9RXX
77HYNE47
TMNRRTEN
P3N3CRXA
FEMXTYXN
4P79XR7K
W4FECAMH
3PETFCC9
M37WC9WA
XAEHMLY9
7RHPNLME
EXAPPNLA
RHR9AAEL
KCWHWYRH
9RTPKKNW
PMP3LCEC
TCPPK39L
LWXN3AMW
KTXY7R99
FRP4F47Y
KTMCCC3C
TC4KTL3R
AYWFXHWC
49WL79EE
3AXPXNMX
KCKLTH39
A4RYNLFT
PNFX7A9L
XTM4MX9W
9KK9N4TX
C3949CA7
F7RTLA3Y
4MWKLRTH
TECKEMCN
FLLA4KFH
Y4E3MFWE
RRHX7W3N
TTHELFE3
YRWLHNYE
ANXXK79K
ATLXCM74
3RPW9YWX
NC49T3HH
FWPNRW4L
MKNRP7HK
PTRWNYWP
HCP39E4F
WMEXPW7E
KEYW9RH9
4N4HYEHK
FCFCXLWL
TM977EPX
PMEEYLYX
C74AT79T
YYP3HWA4
HT4RKYWL
4PTXEYKM
LKRHRFNM
PEXFEAKC
K9CK7YYX
FYENCP3W
C77AKLLN
FKPWRX33
73TFKCMR
FEMKN93P
REWNRY3R
NKCXKWAH
3947LXPC
CN3MAYEN
WKY7AXKP
EFPMT4A7
ER97EAFC
T9X4WLPF
KPTL9PLE
74MENHRH
PKRCPTEL
KPWEEFTR
TTWHTPP9
33CEL7TH
L4RLTLC4
PX34HLT4
PRTPCRMT
T9PAWL7Y
CT9KCAL9
F7NN3P9L
E4KT9WE7
FFPERW4R
L4MMRYR3
TNNC7P47
MAAPCXLK
R3T94TAT
YTM77FCX
XLWPP3HM
YATEXPKE
AXMENAFY
P3YFX3XH
MTEPYKRH
Y4CME7KE
HE7A3M7C
ALTFMMRT
LPWFKPFC
NK3EYYLN
9MAXCCHL
NALLMXL4
YMRYAFRR
MYEATK9C
MWL74FKT
MHFHNFHX
XAEL9EER
KPLTEKL4
FP4R4NNW
4NK3PYXE
CXL3TXMA
YPHNHEET
NEPEM9W9
7M7NP7A7
CHFMMC3R
XM4TARWE
LFYE3FPF
7HEM4FAT
NX7MKELP
3YWLHWWN
7K9MLPTF
7E4NHTFM
YRRMHMXA
ECHWWFNA
ENL4R3TE
HC9N3KW9
KTL4Y3CF
AKYNNWPY
YE4NH3NX
WARCMPK3
XWL99WEL
7NC37WEC
MCK9MHL9
7TPF3XFW
C3K33K3P
XXEACK9H
FMTLKXLM
HNAXWMX7
NHE4PRP3
EX3KPYM4
WHEX9RPX
LR4NEH7X
HR97R37Y
M4MP4Y7A
M3RNA7X4
7WNW7P4R
EMTHF3P7
LXCE9XCA
XP9ATEYF
4XYPPWPL
YPCKR7MR
XC7HE4KP
RM7C7RPC
HPTNFF39
N9HWLN9C
7THA4NR4
RFHECFP9
MRFNNHTM
FXYK3HMN
MAXXYAKM
9XALXE4C
3344XW47
AXPFWK4X
XCCHWKMW
K3TMAKKK
4EP9MCKC
4N7XPYWF
HCL7THTL
KAATH9ET
NYWKEFF4
PKC9AAWY
4CP39FAT
MKHCK4FA
7M944RCF
AMRFLCCX
7LELE7MR
RRAH7TRT
RP4FT9KR
XH7M7FTR
344RXRKW
77N7LNLN
YFTNRKHR
XXTTXFTX
N7MPLTLN
LX4NYREN
9YYL4WCM
H7LFLWEN
9LWLC73T
KYYPWHPW
XLAYPYL9
LWNME997
Y9WFC944
RFFALXC3
A9YM49XE
PWKTKLLM
ME7HYL9W
3HXHRTNM
X9ELC3AR
K7MMXTLE
7XYLEYFN
MPXK7HAP
C4EPEAKT
YRF9ET7P
KTTYWAKW
Y9RCLKYL
FTTPKELK
7K3LNKWA
HYLEFNLC
RLW7KWY7
PWLYXCM7
CTPWC4M3
3A9AR3RP
HP44WCAK
W4EEATWP
7YLK9NNH
FKTFWC3T
MPRPE7FL
494HNYR9
A9HLPLRL
YMKYYTNT
F4X39RC9
XPEHRH4M
YPMTA7AE
CFY9HEER
FHNE9L43
7CEARTMM
9WACYYRL
REWFF747
XYFFMX4P
M9FMFTCF
AHXHCNTL
LE44M37L
WPWKEWLH
3YN93RLW
4YALFLYC
LFA9LWXY
L3E39HAH
KMMFRPP4
CEN7LFPE
LPPLHM4M
E4FYNR7P
7M3KPLPF
E4X4AY7N
T4KH9HWE
CTYMNAN9
WPWAL49L
9NTWXHF7
PY7CW4C3
WXP73PWX
MALC44WM
HTA7A3HE
94H9PCFN
PRNF7EEL
AANPY349
CFYREE44
NM9993KM
AYNLEH9C
A4ELW9K9
HFXP9WER
WPLNEWMH
3CNEPR33
XMKCPNCH
KC3LLK3R
LENER4HE
XN9XEM4W
X3YY9F77
3HNCYM3C
MRKCCWXX
EE4N9AC7
7NNWLLLP
EH7XYWXT
EEF7KMXW
C3RPXHEX
XCXTRY7W
AC3WAM3A
YYXHL4EN
HW4TRFHF
NRKC77AL
XLFTNPE7
YHL7KAYR
XRHLELAM
EHWMHRYH
PAYKELHX
R4NFWATN
HLAMTCKR
K7FAE77A
HHXL7KN7
CK43TE33
FLLMWNLX
L3YERMCX
39FMCPLY
LYHKECNN
9HCLMWYF
L4WCWCM7
PE44WCPK
EKLHMRC7
K7HFC4WN
HXPRTKN4
H7LC94AN
EC77WYHK
HXAAYLKM
FEE7EFYE
KMKAYRER
MEA3FCNW
K9W99H3A
ELL37T4P
HHREMCML
XCNKPA3W
PL77L3NP
HPMC4HM3
PMFM7T3T
RRTM79CC
3PP79EPX
ANEA44FK
KCAF9XCM
YWXAHELK
C7F7W7RT
ATR39HPY
XTW7YAK9
RM9W7M9M
R4KXFAYE
AK9F9T3Y
L3YKLCEP
LRRXPC7P
9HNFRNL9
4PXFXYA3
EF93YCRY
97FKLHKF
XXXFENF7
T9F4K9AC
WAALTRL9
WTA7FKCR
CR3L3ALW
3RP37TMC
RXEYCACY
TTCAYTER
F4FACP73
RCPM43XK
R3AXX94P
KRANLM9Y
WCLFERNR
7KMMMRPK
FAARAMAX
L3WPLYFE
W3XLLXLR
43WLEPEH
7FPYP9W9
X4TET9RC
TACWF3KW
R7XHWAEK
PW3T3YAR
4Y4PMEM9
XEWNPELT
TL7TREYW
EENRLTFW
FT993Y7E
EPMXTFX7
KA3THRHN
7RPL7FRA
PHNKFE74
TWXP7RXY
RNF93A3H
M7F3PKEC
PNFAHR9N
4XKLRF7K
CXMLAPEA
LE79RFAW
AEAWA7YE
MP3AXFFC
PE33CMLA
HHFFW7M4
4PHKCMA9
TXMY9HKN
9EHNA43C
3NT7LK4N
C9NYHK34
FNN749KF
XMYFP4HE
LXYWPHNF
FEF4C94H
PTWHY7RL
KPF4NCR4
347N39MW
F94AHHY9
TL4HW7T9
9FXCK4MT
4R47AF3M
9FY9MLXK
9MAWFPPR
YFCK93YA
FHXRL74E
9W34H744
YXPELNRT
T99RLF3K
43YCA3YK
C97NRPTF
EWHER9ET
NECLCKYY
YMXKHL99
EX7A7X9T
RF7TMNKF
XTWW7E4Y
EX7H93LM
PFR9NTRX
WTYYNYXF
97E34TNP
7EMNHFK7
9WRPT7XY
L9FECA7R
NYPTCLFA
KKX7MLFM
LANXX394
9XT7LKAW
4ELFF9YN
4XHXC9TA
EPXAKCCP
EM9YLYH9
9MHXLY4F
XAX4EF39
XX3ERYWY
EWWHWCH9
PPKRAWRX
9YNXE9C9
KRRWKWHR
R77MTXHL
FHY4FHKX
MHH3FYF9
MW3P37KK
KM7AWC97
9PKFT9TE
RACTP9E4
7Y793K4N
FMKXRLF4
FL7EPLMM
LLWWRLM7
7YWLEKAY
XNHRTA9T
YXM37439
NME7TXYL
XAMF4XYA
AHNHHXXE
A7YC7TYR
XKN97EFT
TF7MPH4R
PFRCKRE7
4C9YWTAH
7KCP99CH
7PMW9K4P
7NFXN7FH
3X94EAH9
44M7PXTC
7CY3PA4L
YXTWMPX7
N3XKMKW7
HHFAKYHX
CYWCFP7Y
99PEXYYP
NK9CRYF3
3E9FATFL
WWHAF4FC
PW3HWL7R
43WRAX73
PN4EN74R
XKPAHCHR
NL3N3AT3
FKYHCRT7
WKALEY3M
E9AT4TAM
HNL4NYN7
NLCEW4TH
PP9X3THH
KPX4WRLH
MWNTPRKW
TE7YENMF
TT47KH9Y
LXCL7LFE
39EPRMFR
NFRCK9AW
Y3WMKTYR
LN4CREXL
MLX4N47C
XCLKF94H
FATWRMYK
4FTCPPHP
7YY7W7YE
7EYKTEP7
NTANKPWC
EHKLLCHF
MMW9FELM
3M34KC9K
33TRTXML
49H7MYPX
EYYEAHKE
TYMXXPKE
MYKENNYF
KA9NNC34
KAXTETFW
YPRMHFE9
YNKMLTE4
KMWMH7PW
KKMREC94
44XYK3YP
RMLENHA7
PRANYA9M
LPHEYLMC
XW7A9F34
AN4P97PH
NHA3KXRY
CX7CAHPA
CYMFLYPM
RHXTRWN7
HXH7PT34
WWRRW7AK
XN39XYFC
ML4X7LRH
FYLL7HYH
KPFWN7MN
PHMRKHWW
TY73YCF9
AXFR997A
HYNPEK43
PCTHF3KT
74MLRXFK
WEC3KTYR
3KFEREM9
XCWCKYAH
RE4AXH74
3P4WRF43
ACCHRFRE
PPPFMCXK
EWNRCECN
RLFN3NWW
LYAYE74K
WKLE3A9W
PY9KYMF9
4R4NH7PY
4FXFM9AE
LHH9LKNL
TK3LRHKR
AWXTPKTH
474FAF9R
F9XLTP7N
M3FTHRX9
YHKWXX9Y
9CCMYWK3
93EM94AP
KF4KT39E
MNYNH3N3
74YXKL34
E4XCPPXW
KW4CMW3K
RNACY3MR
TMFTRHMA
MHYF7M44
LYKTKAY7
AHYTMHHT
4YXPWYYN
HWRRPYKW
EYE4MWKN
H4CL39R3
HNRCWE3C
X4KNL49F
9XM3MKFF
FYRXEYW3
PCRLHE94
NAFX4LRK
WNW9PCMY
LC73L7LA
4LRRELNL
RNXMLNFA
4TR4FRNX
HHF39HLL
9NHEYY4N
NYTYCRCT
9EYNP43M
C3CXYWFX
CRCYLYFT
T77PY44Y
EEMYKNP7
N7NMHEPW
CFTNA9AL
MNNFERF7
9CWMYA34
WCNWWN79
7HNRTKT7
WHRTTA3C
LEFM7KNM
X3WFXEHP
CAELLMEN
PTYFPNRW
FA3HLNR7
ALHN73M9
94X4C39Y
A7N749AM
LP73CWPR
739EF3NN
T3X4K37A
E4FTPXLR
Y3KPMHH3
F3793KWP
YC3WPTYX
P9KTL4KY
KPYFRAEX
4THCHF9F
PRXXYM4K
C3XCFCFX
K34CP97R
7TENTH7R
KTE9KHAH
7WR9TP9H
3TTAT3TC
L9NNKYFT
3ELA7YFY
W3KNNWYW
FACAMHME
HT3LWKEE
F33XA4WX
4EY9N3KR
3Y9LC4HR
YNHNKPYT
NHHEM9KW
PHPRRKAK
XCYXETC4
AWLNHCEE
LM93RWEC
FXT9XLAL
LN47FRLF
WF9HTHLC
9H7FCKEP
H7CAY349
9PM3E7M7
R3YLAKLC
N49PKL3P
3ANPCAYR
7CW9KKCL
TWRPKXNN
XFW73YYP
PP4C3WPC
9WETLYKX
H33NCYXN
RP9EX9FT
M3YFHRP9
7LXCH47E
ALRA4EFL
MCL4CRPR
FE3E7NMN
N44XHFTW
43TX7P9L
AFMRFC4R
TY7PK43A
3KK4MF4N
79XPAKHX
R74HLAMN
MMHEPN7H
4994KRW4
XYMPM4XM
CHNFEFHK
3774NTR4
AE7ECM9R
R3WRMXMT
FF9WEAWF
KWCNY3RF
NF9XXLXF
YCAMCRFH
T94R7AXT
KEFXFNWX
AYP7ATPK
HNNLN79A
YLNL3PWE
4WKPPP7L
9WCNRAPF
APLEH393
9HCWK9PA
R9C4F4F9
YT4PRLNR
RRPNRH7Y
FL43XHP4
9YTT7TP9
WPARN7R3
933WR97X
EFFX7WEE
HW7LXH4W
TCXNAW9E
AMCXRCLT
MT9X9TCP
LNPA4FCY
4TXRLRLH
C3A97TTL
MA3YRKWM
RXHFC43H
MLYTPFHL
X9YPFAX9
3F4NE9YT
A9PX9NHY
337AYK77
XYNRA9RL
E9MWC4TM
3CEWLARW
47AKTL7P
3TXY9T7F
R4CC4KLE
WARN99NC
WEK4XCHA
L3PWMYTX
XNECMYTT
MK37N7EL
M93FRFYX
4FY3PEWW
TCMPPHM3
3W7YN39L
L4PTWKCE
9KWPPCE9
7WNTPERC
RP9WHLCY
YKCHHPYL
X33PAA7E
LKA47PFR
MF94Y7EF
7HHK3YNC
3443C9MW
MAT3MT93
9CHHF7PE
MX47FFWW
E4KWMXTH
KHXLTTCX
HPNTYPFM
W47NKNL4
3MM7KAX4
E9AY9FKE
X3XCHW4L
NCMHMCAY
AEN349TE
LNWFFPXR
7MPNN3L7
3EKL4A3C
NH4APN7H
N9XHX3EN
XRWPMKMA
WMTXRXXA
3RPPHLNY
MKHWXXNL
4YPLFNLM
PN7YREFL
73PYY7KR
XNHER3XT
WEMCP74M
XYLHWFTP
4MEARMKE
PHFXF9MX
APK7FL4C
XXYHNCAC
HHYH4FRA
MNRHR7MH
YK4NWP4Y
TKKF9FEP
LXLNL79W
9AKPKH7L
4RMF47F7
PR9K4C9E
NYPTRARN
WWAHM3TP
4HMN9HNF
7EMXRAAY
FEY3FNMK
LY4T4FYL
TKRRWYKT
LPHXECRC
7W9KKLRX
KHATTC3P
KEEK7AM7
WETLPNNP
79HKAHF4
4AF3LXWY
RACK797H
PYPXT4H4
NELNRPLL
CLK797XC
9KEXLW3X
XYRM4L9A
9C3T7HLY
XTFPP4TN
PEEYTMW4
994WECWN
ME4AACPC
7PYC7RFK
AMLTMET3
XPATMC3A
HCNYYYFR
LX9P4TAF
W7LP3ELK
3XYA4L7L
XMWPPKWA
ETF3HEPR
3CEHM9PW
MECTLA9T
AL4M77FP
9X79YYRW
T3HH3HKF
3KCXN994
7YNCHKFT
CM99N79F
AHMWCM77
HRARKWLA
ERXML43A
C7RK9WAL
FKWMKYYR
H9F3N33W
WHCHC7PK
K4YTRAYY
H49T3T43
YXLRK4MW
XPYFPPYY
WY334PEC
9PAW9EEN
HTYAP47F
WWKKALWR
MC7HR3KF
RWXXTFWP
MP9WAMH3
TEMEWCRW
NTEC7KCE
HFLT94E7
WRNXEHYF
LE4NTPEA
E3K4RTRF
ARTKKNLY
W4YWNERW
YYLYHMF9
RHRLLXFH
EPFMTMTP
9NTTLYWK
7Y7Y3WP9
E9M37FTY
H7XMARKP
43Y3HFLE
747CHEM4
AHAMFE4E
M9FTXRTT
4NWXHML9
744Y4AHY
ENK7PTMP
R4NFMAR9
R7P7H4KN
TAFM9RLN
ARLXM3C7
4CX49TXW
LLFANMKN
EXE3WE9Y
CRRPFLKH
CHFTMCXF
XXYFCM7W
NXCNYL3E
7AK4YEC7
AX33H7AA
NRRHCPME
Y3LKPWMH
HX9RRTF4
RAPR9MPK
LKPYFWMK
RRN4EHEK
CTPCWLRY
F33AAFYT
MWKHAH43
YKNAX3EA
RAEHTPC7
KH7K74AA
MH73CXWH
7TN7WRR4
F3REPFRL
HHHC374F
3RTTC4TR
ENTH9X7F
3KKWP4AP
9LRLACNW
CK7KK4WL
YH4KXRCH
PRTWRECP
WFHEYLX3
KWKCCL4T
YAT33KKY
YMN9N33R
L9WXAFKK
HL734TLA
CARKWXFF
NK7MAK4L
LFEPL377
MXPMWWNF
RRXEXRW3
TP4RR4L7
F4X3L3HK
3MK9TRNP
WTHNE37C
RPNHMEPE
9XNLCHFR
3YAMLPCY
R3MTT9F3
KE9AH97P
RKLMXNRW
PFYLCAT7
4A49TFKE
F4LWW3FR
CAC4T7WF
MY4YKREP
TFANKHTT
WM3TKY9F
94FPT3X4
XKF9L9YH
AP7R9NFM
PLWR7YCL
XXTT3EPP
EPPF7ENM
E3XXMYAW
ENXYLRX9
HTTEMCLY
3YFNN3WR
HM4P7KHA
LTPHNAFM
M4WX7LNH
LKC3CW7K
XMHTWTER
KHL9WWLM
Y94HHLPT
YP9XKLW3
3XCKMMPH
XXNPH94K
44ENTPRN
XLW3MMTT
3C3P3EMP
TNW77T9L
TLRTMCCH
7PX4CH4R
74K39XCH
3KKPEXLF
YCA3YEPN
7YN4FN43
CN3NLN4A
WRXY4ECC
NRMFFCRE
FL93M3KK
A9CWEWL7
MHPAPPPF
XLFFY7LF
PEENPPLK
MMFY4MNN
H4MKLR93
CFWXFTH9
MTLNNPCP
XC4MM4R3
HT4T4P9M
NPHLN3F3
FWAREE3A
CNKELFWN
PN77XHM7
C3TNEN4T
CCH9Y7MF
TMEX4EEK
4M4L9YPC
HYNNAFLH
W9AKF9C4
PEH4R3XA
7KC7E9N7
PAF9N9C4
LXC9RA4L
AAKXTXMX
TPE3KKT7
YMLK7EN7
E34C3A94
M43KLFHE
MK9MXA49
CN979EEX
EA4E49XA
LTLTYYRL
7WFW4RNP
TK9AR47N
KTK9P3KM
47R373L7
HN7XL9WR
HLNTNM7H
XF747EAF
XLEFKEPH
99MCNWRX
MN3HFNKK
KW4FFXYR
RXWYAYA3
NXCKW4LY
9MWELCAE
RT94YTNR
CR3XNM4E
CEHPXLYW
KXEEN9FC
NRLKK9E7
4CYEW4MW
KHN43R3K
HRCYYXPY
YCYRP4NT
NXYRKRMP
9NAEWXWL
RFAXEEAN
T4MPCEYW
R93LKF9E
LLYXTYNE
RMR7RMTP
TW7CEYPL
FWPMHPMA
WHFMXRNC
H7EH7PKA
A7AAWMKX
RP9FN7FT
WAYNTHWY
TPX9HEEN
AKHHXPHR
EWTKMWLM
KAAT4CN4
ANAAY3X4
4E9H7XEE
NXYALWPR
T4KAK4WC
NKKARLFE
WRWXEMAX
RENCMM3W
FYXRHMXN
4X44733L
TFMR3H44
RKEP9PAR
LMC3YRRF
FRMTY7MW
Y9L4KHLT
CA739W7H
M3LCT3HL
H7RR77FA
MN3AC4A7
Y47KAWK7
WKXMCX7X
PMYCAWHC
W3HH7W3E
XM3YFEEK
7X9CFW3X
RFNHMREF
7RFF4YHW
KYL74HTN
3PPT947Y
KK47FYXF
FW4ENNWH
M7KKLAA3
N4FK4ET7
CMRPR39F
MNPMMMWF
LLPF3M93
MAYACCNE
TLEPRTMP
W4Y9C7HT
YWT4YP3X
33FLE3CA
RKEXWEYA
YA7CXYPW
KNTYEAFM
A9YNMWYX
HYFPYWXT
N733T47C
XLFM7M4M
7XEWKYEL
ATHNTF74
X9PFMKFM
P7Y4CE7Y
WLYPYHMY
WMNFFF9W
WAXEWX9X
TWC3T4P3
HWL4TH9N
MH7HWLAH
XRPPAHC4
YFXT4C9K
9WRT7E9X
HTHRP3FY
XXLFNPAC
WNELLMKP
P3MWH9XM
34NXNPTW
FAW43EHT
TNWRP3LF
HWCHMWH7
3R3NMXC4
4TWYMX4C
L39C3XKH
NCXHEWHW
XHNARTXR
PCYF9FRC
7EMNR749
A4EKNX4Y
N3TNHXHE
R4ARPXMN
RWXMM79R
4K4FH77C
4NF7WTRP
FA3WXYTC
4KYKAA4R
TNP3PRWH
WAXK3NLP
PP7XAXHR
34AYEEKH
4PY7XY9N
C4HKTN7K
AHRKFHTY
7X7KFCM4
9343P33W
AY4HKYHX
9CCKAFP9
9EH97MAE
PCR9RELE
REHYN93K
CN7PWR74
43P94FNR
3LK4RECH
LPFA73K4
K4XA9PA3
TNYXECC9
AH7NCKRH
H7K3T3FF
F937K7A7
C7WWNP3N
C9WRTFH7
7YN33YFY
P44N3Y4F
9CTEX7RM
ALTYXEME
CEMHARTK
AH7HFNY9
7HCCCCP7
KYN3R4T9
4F49EWYM
A7PCLAEC
XPX7A7RP
HXTC4LYM
LXH7L9E9
TWF7XYTT
HTMEE3NW
EK4YMY47
FFTTW7XN
7T7TM39X
HFHPEP4X
WP7F9A3K
7PPHTHAX
NXACCELH
TY4XLA7X
AARYCKTL
4WMFCCTR
YCRA4LTC
LEC7HN9K
RFW3ERFL
HHXKXXT9
E9R99K9C
4NAHLY4W
HXE4WATL
XY7FHA9P
3XMN3LMA
9A3HWT7F
Y494X7MH
7FE9YE79
H34RKCHA
4FKW4YNC
NH734E3M
WCATPR9E
NF7WH3KE
FPP7ARNE
RCTRE7LY
7WLRKNWP
NXAKWRYR
P737TT4L
97LLYPNR
CWR7RYPF
4TFMHE9T
3KTYPHWT
YR393WAK
MMX9LATW
KRKHWKRF
ELNE9FLW
Y4MPKKLK
WF9KERTL
RAXMW47E
7CHK9HER
F7A9CFT3
HNRLY9MW
Y4MTE7XM
KYWWYAYE
F4YEPYK7
AAXFARLF
PTFKXPTT
NXXWT9PN
TCXF7K4E
EFXK49PA
LNA93WMC
9MCEYAWK
99ENE9M4
7H9L47TL
PKFRXFEM
3R3AXFE4
LFLN9W37
CLLFY4HR
PWRN9A4X
3C9HKFAR
HRHRKLEH
X9KE9XC3
N3R433CK
AF4PLFA3
KLK9333T
CP9EA347
99ALN79C
NPXR7777
HAKFCT93
EWPAH4TW
RYM4PREX
43PCLTTW
M7XCKART
WHMYTNM7
9WEK4WWY
XFTXKY4P
HCM3HPTX
LAHRYEH4
7MLKFXWY
KPEC3HMR
RCM7ARR9
L937AL4X
NWNR3WLE
WRXXEAHE
KN4TKR9K
7H3FRKWT
NC4FNNXL
KYCRYAEN
7ANEKYM9
AKYPR3K9
7Y7MRN9W
CP4LFHRF
NYF74FFR
RXAM4PME
MWKNPRCL
XMALCF3W
Y9YANFWM
NMWA4F3E
Y4XFP3R3
P47RETR3
KRA7KKLC
YYCNX997
MWNKCMPX
7T74TWXK
PXMPRPXL
4NWWTT9Y
NWK3YM3K
NARE9XEF
PMH3EYLM
WFLAYEA3
X94WKAHK
7PCCLC7A
HHN4YYL7
X9Y4ME3M
RK3PW7XA
HXXPXNAY
FK4TH73Y
FTCLY7AR
YHTRPXKM
FLRRTA3F
9CAYTLN3
9LELNLPX
43MAM9MK
T9E7NRFP
CRLNHM7L
NAXXHRXK
N39XYHCY
KMK99EEA
T7AWWKPR
RLMTFNMW
9LMAEM7X
93ELAAKL
EHHHK9AF
L937MYRE
FM74C9MK
MXKH7LRT
49X3EACP
FAEAELH4
KLEAETCL
7RWL433M
9KRMXWCF
99ECLNC7
H3MN443R
7YW3R9W9
EYWHPXYK
ETCW7H9K
KHNNY7EW
HL3YPMP9
4RN37LFC
7Y9MC7WW
7HNKKF7C
N9XR74TH
CM7LL7WY
L7T9TAH3
K4ARLMMT
4FRLR79H
M3AAWWME
WTC7L3EN
73WLXXKH
XHP3TLHR
NMCW4NRK
X7NRTLMR
RNKN4XAH
MNXY4933
HW7LME3E
HELL4C3N
3YAXXFN4
3XRCXHXN
XF3W4LKE
KT7HLE4L
3NF3Y4FW
M4LRYMHC
7WFNA34A
MLKRC74X
L4R33YC4
Y4RKRYKC
EWHNRRFX
37PLNTCA
HYKXCT77
X7RAK7AA
ACFRKN7W
Y3XWALYH
WRXCEXR7
N3ATRFCR
MHM3LHCK
AWWMAML3
AK9HYTYA
3M9LMH9N
FXWKTMW4
FLKYF3XC
XCTKM3CR
NELH7EW7
WNAKAW7R
THMHHNA3
AP7YNKP4
WHHW4HFA
C3XK4LT9
3HL9YLHF
R4KRNHWA
KR4PFETF
K49HNYRW
ATPEYHE3
R4HFX7WK
PWLAR9T3
KN39WNFY
EELFNMLW
NPKAYKEW
F7CTPRFM
AYER4MPH
TMLACACN
CW3ANAXF
YAE4NXNW
RHFERYHN
XENFRPER
9ENTKHK9
PCCH7AN3
399N4KLF
HWPKK9MF
37XXY7XT
E4FTYP94
7L7P37FC
RPXF99RA
NEPFALTR
4C7T7XLR
C74LPHRN
K739PMXR
YRKETHWF
7A4YCC7W
PAY44FTK
HRRYTK3P
YMNPTL4T
XC7EEKKT
A7KCREX4
7HKH44RN
RNNA4RAM
N3XXE7AA
ENAYLXLF
NNK3REHL
7R4HTFKT
A7PCMAHL
YNYFTH9Y
X7FY33HP
HRHCENYM
FC47RNMN
HXCWT7AM
ALPFM43R
R3HMPXFL
WPPRLCXC
KNHX9MRX
P3ELTWNF
M9LN77T4
W7LXAPAW
W3NTLWXL
ELNNFMMH
H9FXMNKW
4REYNYMC
KRAL47KE
4C4X3MY4
WWKTL97L
4X34RHRF
XWKCPMXC
AHN7X7T9
9AXEYXW3
XTKR3TPR
NYHFAA9X
PF77TT47
KRLYNA49
4NHC7T9A
Y4CFHLRR
4XCWPHHH
AKCHXL9W
TALE3XHC
4TR9XHPN
PELKXXH7
WWELK7H4
TX7LX3YL
ECKT397M
XRW3MW99
9PLNCX9E
3M79LHTL
AHKYRYNM
CPR9FLWP
ER3R3KPW
FN7AFPNE
MFK4PH93
99EHKCAK
9PWHK77F
9EXNAMEP
FYX47PRH
9TKM4YFT
MWP3NWXY
RR4KMYE7
TK77KXEK
9FNHE7NT
C4LWWRR4
KKLCMMXX
FRE3FLN4
CFE9MEX3
7PPW43WR
TC9PNYNT
XCK7LH9X
LPMXPAAH
WT7NKCEE
EK7CY4PK
9XLRXPH3
F9P4RLRH
KHRN77EM
HLAEMXEM
TPNYA3KR
RHCF99NL
TPT7FRL4
HRCFYNWW
AY9WFK79
HYYN9M4T
PKPWRWEX
7N4KTTMP
N4FHF3KK
XMELHW4T
RNN3A4R4
NAKAYPLT
7FP93PE7
HRRFF3MP
AKXWTET9
ARK9X3XE
FPFM3E4H
MW3RT3NP
TP33ETM4
MWTLEPEM
LHYTMKL9
PRXT3MPT
FHRLFRYX
YL7NXHYW
M3AKFTHW
E7ENNHCF
7FXCWF9L
LRYC3XP4
W3NXMFCA
EEWC74TX
LKL7MW4M
3RH4CC4L
EAAC7RPX
KFKX3PCL
CYYPCKER
PYHH4W34
THL49L7N
4WNXNXWE
T73LL47E
AEMHNYAR
NLTKMXEF
TNXY9MWR
T4MNPHT3
439YR9MH
MPW7E73W
YMW7PN4R
MPKFKYN7
W4XTHELR
MTWAMWPM
LHCT7WL7
WCYM9TYH
3KCY4RRP
WPNX4RKT
W7XXF9H9
3XNH3MMC
PLCPHNKT
MFNPFYMA
EK7EXHTM
LHTX7R9F
XKTPMEE4
AWLK9HL3
P3T3NY73
M4PHFTYR
TRMPAHE7
9L4CHPFW
NTMPFTW3
TXRPRA7Y
FPX4A7LW
A9XE4TRT
ECXTCEX7
XTK9TRH9
MMLYPXEF
P4PWPPNT
LNATF3KA
KT4NLKEX
4TE3FKC7
YLM4H9XL
AEW47YMK
EP779ACR
N49TNN77
4FF9FLCP
7KMHT7N9
AMFKNFAC
EK4NX4KA
XKXFTCPK
FEMFNK97
EWFM3PWE
ALCM3XR7
7FP3KW9C
7FTYXKRE
RNMKYMHW
HPYYYRAH
3TFMFE9C
YEYCFEKY
9PNTHT7H
NLF9CA3M
N4AWCPMK
XHXLK774
WY4WPYEC
RKLTPTWH
RCKA949P
4FNEKH4K
94NNLEKY
7RYMWKP4
WCLXEKRY
E394RW4N
93MX9L3F
HEYC7KE9
Y9AW99KX
TYKXFNTC
PPPMYYRW
3WXLC9CF
CEXFP4KA
P33CTT9X
MWKMCACF
NHL47P7X
C9PFMN7M
YRAHM4AW
PKEA9R7Y
4H9PLNNY
F4H3CH4H
A799XFAA
RLAW77FC
4RXP3TW7
RRA3EPLC
H4CR7P7M
XTE7CHRY
CKNXY43P
P9AEHP39
NNHKTRLT
PMM79L73
KFX4EX79
7NRLFEKK
XNTC7HNR
C9NWWY4A
A97LKNXR
X9YMLCET
MHMNKCNW
9379PXRE
K979FNNM
3R9CLENP
F3AX9CEY
7P7WK743
W3HREX4T
HWCR77E4
43W97ANN
HRLMHPEN
7KY9FTKC
H44RXA4H
R4ARHFFP
NNKLXA3H
RKECA43A
FHNRE3F9
FFK4HNH7
HTHWEFPF
TLEFHNC7
KXK47NHX
RWRNFHTA
LKPE3W3K
WLXHNFRF
R7TK4KKA
XR4A73PR
9ML3CK4Y
YXXFA9NY
CLPFL33E
HFYRNT4P
NWX9HCCR
KXXA3WN3
W7XK3RYY
3LEMHPF9
N7HHEERL
HYAECLY9
K9TK7XNH
THWFYLPW
7LW799LC
7XXHYHYT
CWNLYHMR
KNMXN3WF
H4KLAAYX
WKWKFMLY
A4PYECN9
3XP34RTR
YT3EFFHH
LW4N94TA
YNY7KW3Y
LWALACLE
L3L7CLHT
A9R49YKW
CAN94EWM
AM39HWPP
E7WCRRNM
HYHR7YK7
WRXLYAW9
R3AAKFLL
4NWWYEA9
KKNK9PH7
WFXXK3MP
MTEHXCKF
7NYWYH4R
CYAX9E9F
XX7MWKEA
M7XC9WLC
M9PNRYM3
AHRE4KYN
TYA7TWM4
4WM7AF4E
TX7NCYNH
4RKNERTW
TFR3X3MN
T9PMRNLC
EELXE4W4
9L7EYWEK
3ELNYTX7
AACEPFYN
XLCHHX4C
H39M9WP9
4PWYKAHT
RHT4MTEA
RPN39R3Y
XFPLPL4L
TEFE4KXW
K39LYETC
XLMNR9TT
TMMXPXAH
FW4C34CA
3MCTRAYH
KNR9MRAK
9N4RCAYN
XPWY3ER4
XTE9RKNF
WFYTE3CY
TYCX4MNY
KAFEK7CY
RFTHEXPY
H7WKKWAW
HX93PCMH
KRHFCAEF
EMFRNFR7
PXY3EF4E
APEN9CXP
N4P7LETR
9T3XFEWM
H9C4TKLA
FAMTTP4R
77YHF9YT
RHWCACKY
3774AT4P
YMMPYACA
WKMTY4PT
PNTEC99R
3E43HRFW
KP9AAM3Y
44HC7NAR
7K9THNPX
WEEMW4KK
H9WXH7PP
MRWXHRPA
7WLKCE79
ECRWLKKP
EPNTXY4W
NC3HFX3F
ACHN39PF
PAHFKP7W
RXMHTFW7
HRX9LNCL
9AY3KAM3
P9PE9MFK
4XLRPRFE
FWTLANPC
A7E9K9A3
A3HPRTMN
EHFYRKAK
HER4NPMH
WPHRTMCA
H7ALHKXC
LX9HACTP
RWWMX3A7
KLP3KKWW
C4HT7Y9P
TRHC9WWF
P9AWK4H7
44PL7LHW
H497WLCP
RTC3L4AH
A344EWRW
WKMT7H3C
XCKFAP7Y
LY9FTAXE
34H7AM4H
WTREXTEW
794C7TN9
LWL44M73
YKKT9CYT
PLW7CHFE
FWW74AHT
PX7EPTXF
7CE9RWNR
P3EPFC7M
PP9XFL7N
L73ER44P
NCCCP9FF
HPCTAP3P
MTRHYA9X
KL9XAW3T
X33KKWWK
7EMFYA33
LAXFT4FR
YREH7LRC
FNFHTYYN
WYNK4XTH
9AY777NC
LW3WKHHA
WTCXCC9N
44WK7ECN
L74744MM
WPCMTW3H
FWLNRMKM
WFH7EEN9
N9RWW747
9RRMHYM7
EAHHNA79
HM9YL4HX
CWTYFC4F
3N7YYCNW
WXWFA3NC
K97CTKFR
TKLTM9MR
7TAFHE9E
77C4EAKH
KMK3X4M3
HXXNMC34
X4EHH493
HRPHNEXH
WCE4P433
4M9M9YY7
AX3NWHYC
KHE4MMCR
3T7FEAXR
MTLH3RH7
R9CLWFHN
XN7XWR9F
4FXTNWT7
3ANAFL4L
NYAT3EEE
X73N3PKH
R3794M94
HRKR9KLF
KY9X3M9P
XACE7ERW
RFM3WTFK
Y3LEKTE4
K4LAL4LF
KEX7EK4E
M97RW977
CTXRHMT9
T7AMX7AA
7NRLXNHC
W4RM4TKM
73YYMFY4
HLPC9L4T
A3ETTRLY
AXHR3R7R
TTTPYTFA
LXYANAT3
HRPYYTEH
HHMENFMA
WKT3A4EK
3H99NCRA
HWREAYFX
Y3HYRNT9
NREWKT7H
7AP9MEY9
ANMMLAKL
EXPC9TER
CNMNFY7L
F493TRCW
9WNEEPLN
T4FEEWH9
MEWMLPET
4RRL7RKC
HMANFPPL
3LETHMEE
LCFHL3X3
M3NWWY9A
MFKMH3Y9
RNYCWH3Y
NHXLPYXX
EKXTW3RH
773LEPHM
HLECCRHE
979RYWMR
YE9PRL77
ALATLKT9
RRAXKMET
AYRN4HK9
MH7L4LMA
X7A9WWLY
K3KYYTTM
3KPXALEL
PKFNWK37
7MLFM39H
W3MMFLM9
CMW7C3LL
37LYH3KW
NAKRHF9Y
YFKHH7E9
HTAM4WC9
WHXL4WNA
3LHMX7E3
HEMMXK3W
3N7WT3XE
TEEFCNWL
3KKNHRNL
P49NAFNM
MLFNFP7R
HWLL9937
C3MCRN4Y
KRT43KRY
4TLRRENE
CCXYMXCX
3YY3TP3H
N3KKERPK
L4TFH3PT
YXPL79WH
CE9LY3KN
KT3MMFP7
YEC4MREX
37HCK9MX
NW493PF9
NHLK4XYE
MK7CTFCM
E3X7KHAL
MT9W47MR
7ETNTM4P
PXAKEHEP
EFAEHP37
EPTET9M7
WPE7ALKA
HRP7E7LE
YN7LTLPR
TWN7NENE
3YPM33Y3
H3L39HFK
NC4H9FEM
44X3KE9R
TT7THMR4
944NKK3L
9XPWWXRA
HX7TAYFH
L7NKERY9
LCRRRYHE
3PTC3WR4
AXPH3HNF
4P4NPCF9
MN93AXH4
KFR97LRP
TFF9PENH
RXPE4N3A
33C7HEKK
YKYH3MLP
XNNHFNTH
939LRHY7
MN7XYEHW
N4LNKXE9
LTLL39M9
HXPRTEMY
37TYLHXN
P9PHPLCM
AP39HKFP
3CTLC3KE
EYKKCP73
EYCEPL93
HXXHFMW3
NNN33L4Y
XMHMWX9P
WMP4NLM7
ARW4M7EM
TMM4EPMP
NTNAFK3A
4K9TCWXT
YRM374ET
NETCNPER
L3YEX7PM
3A37NYEF
L34NPA9T
LCMHREPM
LPTKTTPC
AAFYTFA3
FYX4FK3W
4XMLR4LN
WNYKRCT9
AFAEEMEY
XNWY3XAX
KECTWTX9
PK4LEFRE
HWNP4CTY
LEN4TEWF
LH43TY9T
WF3YWM3F
YLKY9HMP
PTEM9M3X
XKNCPECM
7YCXE9AF
PRLMHERA
RYKYWFAL
RXPMMKNT
EN7PTKME
7NAYERAW
P7LCHC39
W49CW9R4
3F4PFEAW
3AWCRNLN
FRWNAHER
9RWXW4W4
X34993LR
TXAHHPP7
CTH3737Y
HELWNPE7
W7K374AE
9T3MTMWW
CCMNFLHM
4HHYCLRE
EWWTCN7X
AMTENPHT
WTLTX34M
WNWE799M
HYLLFNMM
X7XT4REE
L93A4YMA
HXXMTXY3
LPHTKYAR
WLNAPWWE
PNA7EHY4
H477LWYY
4WPEHRPN
XP9WR43T
3EEFT9KL
LNPPTLH3
LLX7FEPH
W4PXN4PM
Y7CPFCYR
E73M7MLA
E3L3RAAW
CWL7CHXC
7NAXF47N
FRWMC3CF
HPMFKPTC
PWF4R4A4
3A93337C
CCPCXKA4
77W97Y39
WC797CA9
MMM9APYY
4TMFAHNH
YWMM3PMM
HWFWCWTW
PMEPH3HX
ANY7393A
MWAAMKL4
KEWFRF4N
NWHK7344
434YYYLR
H439H7KR
FWNNRTHX
E7MY7TFE
N7R9AMKH
L9MHXEKH
XXE4KRTC
3X4C4KEA
KXAN4L4C
RKHCFKA3
FTY3P7YX
WLKRE9MR
RCW4AWPK
KLK7YYPC
F3WETAHF
KNYY9A4Y
E9F3WWWM
CFC3N9XX
KK7CFKM9
RRHPTEF4
A77XH94C
7LWC97AL
NYR3XPCN
4TYMXC7W
LEN3YALE
74NPKCEK
9X9AKHM7
TPENEEPL
7MEAYXRY
CEM7ETW4
PXCWXKYA
FNNFYHW4
99RRYACP
AKT97WFK
34M4LYFH
P37KRAHC
4K3733NW
4Y4P7KYP
NM3XNMC3
3WCPE4N7
KHNRXAMM
YN37YEF4
9XLAPX3P
NTNEHYEH
YNFH39YC
7N9YR39P
47AN39R3
PXPC9F3K
LTP73M9Y
KHKEMXF7
PKEKRAN7
7R9PWA7H
MTMFE7YW
K7NF4YTA
HR3AWLFL
X3CH3EXN
KNKMK34K
PANYPLEN
FXWTEWMP
XRPRXNAL
WEXPLTRK
PFMEC4HC
4FELWKYT
LLEFRAHK
N937XTPE
4XT37LHM
PMER7X93
FKRXW9HT
PARYLHW4
RXWX4XRH
LEHELHMY
K99WNCWP
YRCT3PYW
YKHFMCC3
A4F79ELH
XKYC4RRT
RNTPFHP9
KCTF9ECH
EMT9NA3A
CKLFRHME
W7XTX7Y9
4K7T77LE
7T7PFXH4
CLFFPMMR
MMNXTYE4
7NPN9ECN
H43FWCYF
FFNARMMF
9LT3LCWL
99LTFAYX
4PK7FNCY
7YHCFEEY
4TWMYAKE
W79YNTPN
MEYMNHK9
NNH9APH9
AM3LMTFC
YNC4TY7Y
LYALAPAM
47FYPLML
TX3PTEPN
YKX9ETPT
CCERN3Y7
NANC4P3X
LFXHYHTC
YRRC7M77
9L7YE777
TKEFPFPE
FC4FWEN4
M37RNY73
4CLP4YYK
A3MLKERY
FNNTYF7N
LKHFFYPW
TARK9HP4
AW4EKATF
N3XRH3HP
RARP9H3T
FFCEWNX4
94CTATYA
7ELWNTPR
T9K4EHPM
WLM9RHCN
7YR7HM4M
PA7ENNWP
334HLXK9
KKM9MF4H
WKXXLW9N
KK4FPL4A
TLMHL3KR
ANCNNWFK
7E994EKT
9TF94R7L
3KWWAPKX
RPYN9KT9
Y7PCKH7X
CHXFKM7E
HE3TXWKW
WHLL3CPM
MHHYC73W
L9LYLCEC
CX97MTCK
E9YCCMF4
RCME7ART
LW94T4XP
9NE4LT3T
9CF44FKY
A4EEHPFR
YLP9HYAX
4LH99NKX
RHWRYRN4
TTKARNYH
NCWLKFFA
A77ELE4R
HLTRW3YY
WAALA7E4
EXN3MP7M
XFK99FAC
CAXETCCX
3LMETXMM
AWPYCRWK
TH4NNMR9
3WWKY9AA
3FREWKWC
K7YE9EAE
XWRKNFH7
RYK74CYF
CR94T33E
MYLCNFMP
FKWFMC33
7AM4NRF9
94MTPFW9
RK7E7EHA
LHRAL73E
PERYK9F4
73RFR7LW
RPA7WE4W
7AM4K49X
TRFEMR37
LP9FM4RE
M3PYHCAA
CPRNEWYR
3RHRT7WH
MKMPH4NN
PRYH34HW
T39MFTWP
YNTTCKWH
7EM3CL7C
XLMM43FT
WRLCECTN
4PYKKLTE
LMHKN7FC
MA7F3WTF
WY9A3LWR
HFYFNKAM
4YNTR9Y3
TN7MCFFC
FR73X7NT
FWYPA33F
3WWLM39T
WRLXX7LF
4974WMFW
NANENK7R
9XM4C9WY
HMCR47PR
NYPTMXLM
HKETAY93
NLMAXLCP
PFCHRX37
37AWNRK7
W93TL9YL
MY3FPLRX
PLAHXM3E
PCRTK737
WA9RXYLF
YWA3TK9A
X7PNFEXA
K7N94NKY
9TN7HW9F
MLXMM4TX
WTAHLY9X
37HNNCX7
NA7EKTTK
HEH7MFYE
PRAFERN7
WTM7E4K9
HX4RNFAL
XC4RNCLK
AFNLM74H
M7TKNYWX
TELECXEE
XX9C7FKX
NF94HWNY
EYTWMLLX
3RNTRR4H
WLWKPYW4
RLWLLWN3
37F9KXHN
WCMNYKCE
3T4NKA4N
WPAKF79H
34LWKFHN
HWXRN7LE
3FR7EA9K
AKN47K99
R4A7AYEL
NNMPAMEF
NFRPEKHY
N7YWPMET
HA9NYKTN
WXRENX3P
PKXLCH3F
MMCMMYYE
94W9H7HN
3EWPRFPH
YHWTLPEC
7ETP3LFC
YXYPT933
FFRLHEE7
3NM4TPRN
YTCHFML9
C3PE4MKX
RF7PRXK4
KT9YRX3E
X9PWFEXC
EK7PCNAE
FFARYLH9
LM7CNKXC
ACLKHWFK
3WW7XEN4
HM4XNYMW
3RMWT34W
NNWWE79F
YCEEWT7H
AYPHXATH
HRFPMAC7
RM4FWCF7
HAPYWFW9
EWWWKLER
LWKEAL7K
TAH7C7H3
PRPFCLMC
M4AKLRA9
KWEK4CL9
CA4LFPTW
4CYNCCRL
3K7TC7LK
KNHKEPFT
TLLTLE9M
XRKM9737
EXKA3XXP
KEAPHKLT
PPEYHAT4
RWWP9APN
N4333LLP
EM93FL7W
NWELPRE3
4X3NWM7X
RFA4ELH7
N7KN3RN4
HNPAXRMM
4FNM99RA
WYYAL3Y9
K44CHYML
WWM7FC7E
FY94AK4X
PAFTAYT7
XN3X9YM3
YC7FWW79
4MXNN7KW
HN4PM374
4TYPCKH3
FXE3TCXF
73WW7E3R
MLNXN37Y
PLR9LWCE
WXK747KL
7CNCA9YM
LKHTMNAP
TMACLAHK
P7Y7YWYY
FAXNR4PE
HMXM9PWR
ARKKY4FH
44CERM4Y
7XL3X3EX
KTRNTMY9
3NWE34YL
MEWRHRP4
LCRPHHPR
9RELEY34
PPMCEHWY
7L9P9CM9
WK7ECLLL
M39MFPHW
XHFCFK9T
FPFRWYXT
9RPTXKPH
CYHNY4TT
TNF39NF3
RCNRLKLR
79PKC34M
F4KL7FNN
EELCP4WP
FFRCXT37
7AC4NYWK
AFP7C4MF
Y3PLE3WA
RCKX7HX3
77AXCR33
CY4TTPX3
AH7RTW43
XMPFYRPR
MF4RRHXM
PW39XHYP
HWFKNFYK
RWLEHEA4
TCXNRCRT
KLLEKKLT
MNTRP47W
3YPP4KHW
C3WLRY4M
CPXC3MLK
M4WTLC97
EPWKFFML
HPFF3YA9
TPYHXTE4
4NW9ML4P
KX7AXTEN
PTXHTTRW
HYTERY3X
LEMMXAHT
KRRX4AMW
YYMEFAMH
HTC4RKLX
MP9FN9L4
EKXRMNHR
NHLWKF7N
KLT7773C
7P4KWCXY
R4PWM3LT
CXP4TCCP
RAPLK33C
RPTX793M
C7AA3CML
PTHTEY7X
ENMTP97H
7PHKXPC3
7FX3T3RH
FHXPMKNP
W77A334K
XLTC3FRX
ETLH9FAW
7RHMHCW9
FHLPXTRP
PRXR9TNR
7HX7MRXA
XTY4HPTL
AFLLTHWW
ETTT934T
9TFC7H49
T97AH3MP
RLT9AW9E
CHWNXYPC
WFWNNTM4
TKXYCH7F
C4RXY4XA
WMFNTKEE
F9WTKRWN
3P3RFEHC
93WYX37P
7PAYTKYP
7H4F47XR
CKM7E4YF
MLWK9LM9
HKTYRPTH
LWK9A97Y
M9KM4H3X
9A9KXWCL
RWAXY3KH
7YM9MYCA
EFTLCX3A
7CX4MNRM
79XAWTTE
R3E3MRKY
7LHM4WAH
CCXH9LET
3KRRPNNA
NRCMTFKF
A7H9LFE7
TXPLKL9N
N9A3NEYN
FPLFEHNT
3HLWTK33
YCPRFLYA
NL34CNX7
PHAKPRPC
KNXMLTHH
93F3MLTF
N9T99XNL
KTTNKCEN
FFLEL4EP
TMNTXMMC
H37NTFKM
RLPFHHTW
934T7H79
34WFMWCT
YALPFR9W
KL33EAM3
XNXTMHLW
RPW9MYYF
TEMPRXHL
ERANTTRM
7CTY7WHA
3TN9RF3A
XHF3RMW3
YXPE9LRX
MYAC79WC
YP3WXPLL
EPYPY3WM
PLCHXKMF
TEK7PLYA
R37TN7LW
PMLXNTYK
MXC43AWF
XW9FPTEA
XWE4R7W7
4C47PT4X
WXCAAYHH
TRPPKACR
N44WAXFY
PCPTXCPX
EYKLX3TA
33L9L4LT
LX7NL9X4
YRHHWM3M
KKELCTE7
WXYWYERH
W93N3F93
F7PAHFMN
YT9EKTCW
HRTLCLLX
R4RF7Y7A
WTFCPNP4
CP74KKAX
EAWRPKFH
7NHMH797
7CAHT9CK
YH4KTHW7
YA3YP37M
47WF44TM
9AKN4YTC
7YCFR4HR
ENHWK3WF
F3RMFK4N
REHK4E3K
4P79PHYN
WREPLP33
PXR3XF9L
HTF9WLAA
EH9AX7RR
PTYCAAYH
P74NHNXE
EA37LCLM
W9YWRN9M
CF3M4CC3
R3XFRP4L
4MK9LETE
EWWLTLLW
RMYFCCXM
7C49FXX3
3K4R4PX4
KPHECLM7
YNRKN4P4
7W9YWTTM
9C9RLME3
RYH94MKF
MRRYMRXK
3N79PHMR
TYXELCEK
AAT9YHNP
HY4P9M9R
K7T4C4HR
XR3EPTAT
WKP739T3
NNNFPME3
PL4RRLN7
PKTTK7AN
RX7AY7CK
LMENFMKK
MLXNLR3E
CKMRN439
3RCPP9RL
3LT9YWTN
F7EHFYYM
FHP3Y947
WMEMYHXR
WXNYKWYF
TKPRAXC4
NHKNWLHH
ETELYWNR
YLY9NH7C
9HKN9HAE
MT4XRRFW
WXN9HP3C
CWF4PAXF
FLFKFF9C
AR3EH3PA
YLWYMEAC
LKFC97YF
K9W3EFCX
ERK9R7KF
AEPRLCPM
LYR4HNTM
CNNWCA3N
YEFFP4X3
REAL79T7
XN9FHHRT
4HH4LFY9
FATET3WN
EKE7LEFP
WX7MXAE7
3WW3ELCL
YANFEHNM
A9E949FL
HCPEMLMF
PTXFNLKC
TPKL9WKN
NLL9WKC3
9HMHPYXR
4W7T7T9N
33T4EEEX
W7RRNKEP
WXTXFYM3
CTX49PCE
99KLTW44
MAW3XKK4
LRRK4FCY
4YPX7C7W
3H9TMYMP
H7PLW3LH
9M4CXRER
NYYEMM49
99FAFNHH
EEE3HWXM
WFYFYA3M
LRC4MWWL
KFHXCAN7
9T49Y94C
WTWKHP9E
CTRTLKKC
X3TYKTRT
4C7AKW49
3MAAEW3E
FYRT4WTA
4PLPKFR4
FNKMEF7A
A97WEPXP
K99AWT7K
FCM3M9RK
739CPAMW
7CTLYKW3
W9C9HKHH
WT7CN97E
MX7LPFYW
9NATRFYR
3XKEKP34
ENX7W4EH
CANKCCRC
9EHXMYMY
9XCFMTM3
HCM9M4HM
FYRCK7FR
FCXKMPYN
XX4EXWN9
E3FK979M
LAXXPMXR
AMH44HME
FYELY4F4
CL773YRT
3EEK3FYW
MEKMCKT3
YWCA4NF3
ETHWYKT3
399M4LHL
ERWWMMFF
3TT4ETRT
C7TWXT33
MLHT3PLC
MNTNNAA9
A7RCH94A
PL3MHLML
NCEM37YX
WK9TFXPH
XMKX997T
MWHNN3AN
CNKXMTME
9FYW7KYK
ALYWKWLF
M9E7TTNA
FLLM3HTP
CC3AYMEC
7T43WKAF
FERCY9T3
HXLTMR99
ELN3CPFK
LMCACRCC
LCPTN9HY
P3WA7FCY
RPCXNPC7
RKM9ARH7
7HNT7KWR
EXMKAFYL
MR4LR7KX
WF3EEFPT
AFKT3PTH
HLKFLH9R
997MKNPK
AACAHNLP
PFXKFN4T
TXXLNCKX
YWNT4PYH
YKXYF79K
PRPYCMXC
F9F43CTH
XXNWFMKM
3WL94LXF
PTFMCM7R
RKXWAEKY
R34AY7XH
77WEKCYM
4FTRPYTY
9LRPTAWA
XMM39CE7
TLY4RFFK
39M3T97E
R9HH4RL9
KHEFMFMK
WTWECEYE
MLPTR4RK
MFKYTHNY
34MW73XR
T97TRW77
TKTNTFKT
YNR3K93A
E79TYN44
7CNL77PK
ATCXFEN7
HKX3X4LF
NLYEY3YR
H7KH4E3T
ATHHXYML
7NXNEKW7
Y9P4CYMW
XYWP7KAH
HLKE73MK
93RLNWNE
WMCHY7KR
T3KKMR7Y
C9PP4E7L
4KW7ERAL
EHFAC4R7
N3PYAHLN
CCPMLTCL
EFLKLLKP
KNE9A7FR
FCHH4LH4
7F9L3YW4
49KHXTMP
TLCE3CR9
3T4CC7AW
AX3MKTNW
9HM74WEC
3YCAMNX7
7XXYMH4M
N9Y3EF4H
EE3TY4HF
CAEFMM49
PENM3FNY
LACH7ATR
3CHMRXXF
EHP7ECHT
4379LN7T
YHKWEHRK
TCLEPAPH
EHLWLWKP
NAPKXWAF
FHPFYLWC
CEH4CK4P
PPT3CWNW
HLHATHHY
EP4PRXRM
TAWMTLNP
E4TMKNPH
4NE7XKXE
E4AAM47Y
EHE34H44
3FAKLEMF
MPLK79RR
F43HKN7K
CHEYKLNH
XT33WRYW
YY3MAPHX
PA4TKEWF
EKFHENX7
X9KNWX3E
3CNE44RM
777FK97R
4KCXK7KA
RAF9R9YK
N7XF3EEH
7APR9TXH
9ER4N9AW
93PY4NC9
9FRML43H
AFYFYARM
NTRHYR39
XNWMHTP7
WMNC7KTR
TPFWFT3E
LWCYYY77
C9HXTTN4
HAENPLNX
MM3X7RNC
XMFRYWLM
T3TCLCT3
F3TMYAXK
HFTTEWLA
7XFP4C34
TWEKLTF9
FTMPWK9F
RAN3PYTA
4RCP7FM4
NMMCEE3T
HP7YAXT4
LFRHNEX3
PCXWXTH4
7TPKWELH
4ELW47FT
T37FKE4H
E4HN7TRC
NL4P9XEE
Y9H9TMRN
C7H9TW3N
X7RKCWRT
PFXRMKNA
HAE4CR7W
MHHKHRY9
NKHKH4C3
AN7TNRTN
4NYTFXHR
H7733TMT
C9EFA99M
M3FK9M77
X74H3PHY
7X4WKCFP
E9PLEPPT
TXRT4FL9
9CFEKNCP
EEP9TWRY
Y443TFXK
R9ARYF33
CRCX4YHP
L7RKHHEN
FLLFKAN4
WEMNXFR9
73FW7NMT
TPCLLAKN
P7CHKPMW
YCRFMTAA
FX94YFAN
RE34MWFL
L33EMX3T
R79M3WH3
LEXXPTCX
7YLLYRCX
R7F3PFHC
3X4APYAW
ECH7ARMN
74F93XWY
HYMMAFAL
3EMNL3C9
WFEANYM9
HNEKNXAH
N3HA9NAP
ATWKNKL4
4TTYLYXX
KTAR43PX
3YARXYM3
7F9PCRTF
AF47WEAK
HMXEKFTM
LXKNAR9L
E3TLMYK4
TNMWPAYW
TY7PCRHC
CFPWNNY3
WHKNWWKP
LH9NEKW9
4KY9P3XM
FTPRWTX7
4MTLNTTH
9K3L9WEC
4XC9PC9N
HFEWRPFY
4HX3TPKL
P4HR7PNT
TAY7W4PR
7AAXK7RT
KACN773E
MPFLYR93
RYY4E9CR
9XXFYXPT
L3FWPCTL
H9NEK4AK
CMN97TWE
FHM4CWXL
HY9YYX3H
K37NEYEA
7HNTNYW4
NRWP3T3X
YMLALYWC
Y3EETCHY
CKTWMKRE
W3EXW4RM
KPF9CFXK
NALCR39M
3NEPTYEM
9TXKTMAE
YL4XY4MA
TM747HCR
NWYCLWPY
WMERMWX9
YYMLK77A
NLW4MYLW
7EC34PC9
NMEATPHL
CYRC9RRL
P93RWYML
7M9N9373
PCFRTR3E
HAHMPMNC
3MLP9XRL
KPNNYL7E
LYNW37XX
T7LFE37C
9WX9C7WW
T94HHEPF
4F473KK7
TFTPNAHM
KH9EXEXK
LWACEHTN
RATXR93M
EFX7K9YY
HHWMW74X
EXHF9HPE
7YCHT9LE
NYCXCLPE
Y7EH7MXF
9CEX3YKL
E9MMELH4
3HMPCL3W
HNKLXCLH
TEYWFFTM
LHAHEYEE
E7FTWWLM
9MNFYREY
APLRK4AX
EKE7XWH4
MMF344HM
X4LYLR7E
PNY3W4RN
AT39Y9P3
K9LCEYXE
7FWYP4C3
4LE749F7
RLTXTMKM
M4F3WH9X
HF4WYCFT
7C94PF7N
NN9T44PA
73HFLN9T
PNWHYLN7
4WH3F7YP
FLFARAWR
FY7CAFMW
3TMKEAY7
YNYXC3H9
39KLNEMH
37YETNXC
EXKYKKLK
F3EXAN7X
ATETYXWW
PT93YEXR
LCT4RFTE
CENK73M9
FXFP9TYX
4EAAH3YA
ECTRAFEL
4337MLTP
PPXLTHWK
WAFYEFF4
MFH93EA3
YTFFEKKF
E93RPTMY
LX7E4RYL
L4NMLT9X
9RHWMMR4
X9KL79KE
7LPRYAY7
FW997NP3
W3LLRCYT
HL7PFAAK
KL9C3A4T
EEHATCXN
HPNWYH9Y
YHNP3TY7
4MFLNW9L
ACKWE4LP
PLEN9W77
ENTYRWKC
XLFX49HE
N9APTEMY
4R7RNKFC
MHRNPKPW
R9K74YWY
RX7P47CA
WFP7H3MA
F9NFRMWE
9PYNXNCN
MKRXLTRH
K3W7LK9W
NMET43WX
YPX37C3X
9YLCFKP3
YF3394ER
E3YK39WW
K7N9CWNM
NTHC7WLY
FYYFKYYW
RHKYLYR3
F7CLPFRT
YWXY733P
YLTNHCMW
AEPKC9P4
FPAE44NX
EHEWWA4M
RKNTWXL3
7YEX97EC
TYKNLF7Y
N43NWW4A
3W3H4ML9
3WY7F7LP
KYHMXLMP
KMKAW7FF
RNW39MCM
K3AMCW3N
HWENWKRN
9CN4XCK7
CALEPNL9
FEWTYWER
XF374HMN
7XLCMFF3
AXLXNM37
R4AFAWTH
PKFEC3WY
9XX7TXC7
7N7XTCR4
RPRNWHMK
H3E4E3LM
7NRN4HA3
WR7ANCLP
NLMXPANK
KAENCEPL
WFHMCH3Y
PMTTFHWY
EP4Y9K3N
HYNCR9RN
TT97XHPT
CPKXN4R9
EWY33NNA
EMEXX9WA
KXW7N377
YTYEXLPW
YR79XPTN
MCTCKPWP
AYXPWRRC
XAMFNMM7
YLWXKWA9
7AKFLAKC
EYHMAWWM
WN774K3M
PYYPRN47
XKN7C7H7
3NC4LT3H
WR3YEYR7
HHWCYRL9
XPTWMFKF
RRYKHAWX
3RCNCLNR
3LTWKCAW
LENEWHKK
NMAKXA3A
RRNKKK3W
NEY9HKTT
XTYHYXM3
NRFWKACT
WRTKCW9Y
KCR7MFNP
KP3R4FKT
F9PXC9EK
HYLFMLYC
HEL4HY3E
K9CTF7CR
EWYC39CE
WXKK9AAC
PT9LTK74
FKWXRL3K
3773XXY9
YCWTWKYC
7F9KREA9
LT7KLAM3
4474RTHM
HEW9HAKT
ET7EELYM
HC7WTRAC
RWMM9TE9
4ATN3ETE
ERT73RWH
PYL3RTTK
933PN7CE
RFTFHPC7
K7X3F9HP
CKWTEEEY
HMYFMRYP
MCTC4F94
RMXTHHMY
MECKWCNN
RRPCPE77
MPAK49EK
CCNRKL3E
RHKNCRHY
CAPKWMWF
4ML7FXM9
77HH4AWH
MMMFRXKM
3KLPRMHC
AREFPNAC
EWEMPCX3
4TKNKF4M
MEHM7YCM
CN9X9T9X
R93AHLYW
7RAHR3CM
T74PW9T3
ENR4TW9M
W94XREK9
W3YNTMTK
WYEKRE9Y
39PRH3Y3
P77APRAL
LLAYK3R9
YRP7AWN4
WHX9YFC7
AXA7P3YN
AMEL9Y7F
X9NPHEXE
7MWWAHYW
TAHWXYE3
493NYFFX
CL4E4P3K
9WH7P3LT
N9NELMAY
LA7FT73K
XWCRR7Y7
EKRRAKR4
L9EHEMX9
NA43TT7H
AMXYLNH7
HCE4FFXP
4E4WXCH3
NRMWXXRH
KMAKE37M
TWERAT7T
XNYKK9Y7
HCPMCEYL
KPAXTTWY
W444C4YP
9XRHXXXA
ARA39K3E
9CF9X4F3
HTEA9WMX
N737M4PC
MPHA93T4
MREA7KXR
FML3TEFK
YCXPY4CE
EFHK9CWX
AP9HWPFW
E9ARRP47
KCHLTLRT
RCTN9XHH
9N4TLKX9
WYRWH4N3
YEXLWYY3
MFFNRWPR
74XCKCXN
ME4WXXA4
NNWYW9NE
TAXRYEXF
FYT9EYMA
7TWCN7R7
77YEWHN9
F737CWHE
9F39LWLT
KYLATHLK
37RC3E3Y
FA39XE7A
W3EAMCY9
R3MNFTWM
TA99W4KW
K4334YWM
E3FR7T9E
HWR3RMPT
R7XRKCEX
3RRC7W9C
YCNHAXWT
W7TKCA9K
PHXE93RT
TM9E949P
F4PHCW93
44TLN3HL
FAWNXHRN
HKFTH4YR
4H3A44FM
W7ELLCL3
CYRMAYN3
HHXEY9KW
9XLW3E9C
LTH9PPN7
NNWHF3AK
79NTLRYM
AW7W7MTW
TPFHT9YH
MXKW4HA3
RT3MCHNM
R3KNPMEC
KCKXERMY
XFLR9AFT
NP3PFW39
L7TLK7LC
CAWRXXEH
WLWTREMN
NA7YX9H7
9PE4RWEM
CCNXKAYL
FKMYPFME
4MT7MHXC
79L49KEM
KCRY9XEA
AHXKXXFK
NXMN4NPX
P3M3TA37
L3N7MKPC
A9NECRFK
KPML7FPE
ERLFYHHT
4YMN3AE9
TKFFT3PW
CARTAYAM
CTMKYCEM
FWA4RL9N
FTFKN449
YNN44NW9
3YYHMHX7
CHK43MF9
RHC9FYKM
4AYNPPPR
CMA4RPTR
E9CCNNA4
7FW4CYF3
N77ENRKM
K4M99XHY
MACHALFF
4KNENXY9
NA7KHY4E
TMRL94EL
LH9HKL4R
WE3K97NY
EMA4ACYP
XYW9NYA3
CAEW3CKC
L4HEHYLP
X9LFWHKR
HXRXR3TF
EEP4X4HX
ATRTYYX3
LE74NC34
AM4WPNC7
LELMAWR4
CWMPHNAF
AC9MWK39
NFCRA94Y
L9T9LHMR
H99HHAXW
HLACAHR4
4A4C4R79
9P4AR37A
EFML9WXA
KEL99LC4
LMNN3TMY
HH9NRTK7
YRYEMPFT
LPMKCTWM
CY4CPT9P
LFKRWPYN
WAT9LA7T
WKLE33YW
RHTFMKNP
W3EXLTFM
CRYNKA79
PLAPLCNY
MT799LYK
M3M939W3
NK3PW7MH
RWHWTPPP
AEFAK43P
479WCNM9
XX7373FR
A3K7KAKC
M4YW7MWT
LE9KYKM9
HN3AW9RN
EHLEYHLW
T7LTT99E
WT74K99N
XEKP7CYT
EK3NCC99
AMLNWNWN
NTXFXE3L
HCXFRMY7
P77RFAN4
FTT9THWC
ANCCMEYW
HTF3PMYM
FA3WFEKH
NRFXCNFC
THLLFAEH
EELXLT4A
YHFC7NLR
FXHFMHEW
LFK4XWFC
RHYCLW74
EYE9WTXP
PCKCFEWA
WWMKTHFY
937CWT97
MYT7YE94
TP9Y94RA
K7WM4AEE
H9RNMKXY
KFCHRPC4
WEXXPKRN
KAPHFYMX
XMMACLRP
NFRKXXK3
Y3E3YACP
TKW9PKRM
9M3CNFHR
79MFXRFR
C4WCLNW9
N9PAM3PW
CTNETFTY
LXFPN9CP
M33779MK
3LYNNH3P
E99CN7HW
ER4HFFR7
7TPC7R9F
KLHLYXYY
AKAAWYWT
YWFMNTF7
KNWY4NK4
3HWETXWK
WK4F9W43
EC4P4N9M
HHW4MALH
RCTF4RCA
PKHMLHKK
N4AY4M9C
PTFYC4TP
TLCTAMK7
RFNTYP7N
47EN3WAE
9NFFXL49
7XKKNYEP
M37XTFXY
CTLY4CH4
K47KEFLC
FYR3KKCH
7C4XEFKN
7MY3WAEK
ENCLH43P
X7MRNW9P
RWPELWFA
XTFTXA93
Y3M7MLEX
YAM3WLHT
4KC9M9R9
KMWNXNLL
AT3LCTM4
TLPHPEEH
YW3TEYKR
YWNWPMHC
X4WPAKAW
HLTRPL79
MLAXAMA4
H9KPWKP7
4EETC9KF
HRTFCX7F
EFNNAA3T
LHHNPLLL
7EW37YEN
K4C44T7F
TF394K3P
ACKFNNMP
YT4CNRW9
MKMHKCCL
T3993CX4
FYT9MHCH
HM39HW9L
7RXACWW9
PAFXNNKH
W9F7E4LE
4WCL9ARR
NN3FXRRK
9NXRMH9R
CWWKCT3C
LWA9NP47
LRPRNH9E
F3MT4AFA
FNC9TTYK
N39EACHN
KERLKN9C
MN3RFMR3
NY97M3RA
4M3MEW7Y
7YKAWRCH
HPWCNY4N
4WMXFMRY
77NXT7XP
CHMFN33K
TNCN9RYT
XNYKHKFK
XWKE4W3X
WX4EERAT
4CCM9AKE
XAC3T7XL
TMYCC4TA
NNTEMW7H
WWFRF3PX
CTPHKMX4
KRYT34YY
7EEX34XW
4RETAWA4
4R33KPCL
LLRNKFK4
RA4LHKL7
7EELERX7
7RNLRFRN
4RYXC3T7
NCR7CXMC
L9HWNWML
ETWPY7KT
4NFF4TWK
CCR3W7F9
47XWY3C3
37LPAE3A
AR9TPK9T
YN3HLCK7
HX9NWKPT
H7P3PL97
KCRAKA4N
4XAKM4LM
AKR9XFMX
RWKKHREX
EYKFRTR9
7LNNW3FL
WLMECN7C
NFXWPAN4
FY3EY4MN
KHHFXCE4
4TLNK4AR
RA7MTFC4
7Y4PKNXA
WFPWPCMC
PFLNMYXR
YEX3ERLR
TFYYMAWF
FWXFFPXL
KEREKHEK
7KMWTTHE
7EWHCXTN
RCL393XF
AN3RWKH9
NP3THA9A
AK4AWENM
YACHLY7F
9LTWMP33
M3X9RFML
L7HYMRMN
3A7W9X44
HT3Y7H9F
AHAPT94L
EPA4Y4HA
WKLPL3N4
MAAALCNL
PYCHKYAM
MLWN373P
LFLKWY3F
AENXWYLC
7F9NPCYE
YHYNKY7X
W4RA4PTW
3RX49XN7
ELRRXC9A
9AMYYRHX
PMFMEPFE
MP7XNC3F
33CNCAEA
R4M47PLF
H4YRXYKR
KNW7XF9T
YK3YKRNC
33E3WC7N
4LFRXTER
H74CAF7Y
TYWP9FLA
XKM4EWAN
CPCKKLCT
TWRF3FN3
AAK9YF3W
CNCRXPNM
XM4RNM3W
FYTRLKCT
AM7W9PYK
XMRXPTEL
APHPLMLE
XNLKHAWN
3R37C4YP
7MTRKRHF
C937YTAC
LNLM97A4
LW7YYTW9
RLLR33H4
FXPAPN99
9HA4A9XF
3YHPN9FW
PHTFPFNF
4YCHENCE
3T3AELK9
TERRX3X9
Y744PXKN
ET37K3RF
LWT7H7WC
7KRPP4AP
LYCLYN7N
XLMCMX3C
X7PRERTK
397Y9PRR
9N9947YN
W9ENYTA3
H7TN3CAP
4TTATATW
AAHXE4CL
CEE3LALK
XHHX3X7C
YTCEN37Y
NRPW94WY
RW3HYHRM
WPT3AKX9
PCNRWEHE
MLNTY7AA
NL4F7N3W
PCP4AFTP
HMA44FMW
379WXXEN
LKWFYNKR
FWLT33T3
CFEHM43T
3A4H79KT
W4HPH4XY
RR9FERTE
LNAEAR3W
4FRLAMC7
EX7EFWAK
A3THL3TX
YKWFRMR7
74E7KHPW
NKHMRPTN
R39X7RRM
TET9AMMX
P4HPH4AX
AL4T7NWE
E9FAA7ER
YKAYY7A4
LC3MC3YF
RCWKM3MM
TWFNC7LF
NAEMPMRY
F43C9Y7T
47LCN7NF
A7WNXAPL
WW7MF44M
74R3LFAE
CL3TCXLR
WLNKKP9A
EX4H7TTE
CMHKY4HM
33WFAHTW
C7W3THAA
PE3RT4TF
E9H4WTFL
TLHTN3AH
4EKPCRRP
NRRA349Y
7WKEHMMF
LYXYXYCE
E4WMXALP
RWKLRHXC
EEE3KA3F
FY4H3L7F
M4XW49X3
34RRKNKC
FYATRK9L
XKYHPEME
4FM7ENPP
W744MFTP
WKPR9RNP
Y7XFKTXW
KKMW3ATK
YAH4YCNL
4EWY39TW
KWWX9RCX
HWPYXHMY
LPKFR9WX
9HNW4L9A
4F943RN9
77NYY3CE
CNLKWYPT
LMFWXR4E
RN3477MF
KL9F4H4N
TFFHWNMH
7L799H3Y
YL77NAHL
EMTX4XFK
FE7HLT7P
X4TPK9HA
T3NF3YTE
XRFHFE37
AA3TAR9F
RMF3CT47
4PF9WTTH
FREH4Y9L
RERPCKEW
4LC4YALX
YR4WTEN4
YELP3E3A
WTW4K4TC
YMMMHAEW
LFH9WAA4
4CNPXTWK
FM7HFHRK
PLNLAWRE
WXARNFFY
A4CLL4FK
HPKXWAKN
XAW9FKPM
MHHTTMF3
YXEATXHH
NP3TFAM3
M3EW9TKK
R3WAFHYE
3HHLH4TN
LN9MH3MM
3RCTRKM4
3RW93CP7
3EXCK33C
LPEE4W7A
K7EELKH3
Y3HMEWYC
N4H4TFHX
F74TNN37
MPL3FYLH
HKN4HKEL
MLW3EHMH
M3FP7H7K
4FFTTC4P
TPCWXTK4
T3MKH4WK
HCTA4NR9
PCKLYN7M
WLY9LNYE
AR7YRELC
9MLL9WXW
9ALF3THY
447H4L7F
AMEXPMF4
XRHEK3HP
WKPXRF7E
NCH7CCAL
3LWRFHA4
AN3EA3HY
YE7NTYTW
YTP7ATT4
4HHW9P4Y
7HTPEE7R
WAA7KLKX
TCAPYWAN
LYT4WRKK
HT4Y9P4M
MKEXP9XP
CKWYCXTF
X3HNMPXF
WXCNMM3W
WR9FXXAA
M7NCPFWC
R7EYX7W3
MEKKPEKP
373EANEW
RRPPE999
CKMR3TEW
R93P4LPP
L4PHYFHR
AEKY9LKN
P9NR7CXC
CH7MXHW3
LEHCYXEC
E4YRTFTR
FYWREC3N
KKY4EC3N
FTE39EH7
N7MX7MKT
YNMMKNRR
7P4YMR3E
LHFC34Y9
RXFMFTET
EFALEPMC
WWXXKFAC
ENMMHH3R
EN7CXYAE
F3YKR3PK
FWWWLTLW
M9HFMXRR
LWEC9LHR
M493TX7P
NKPHERYN
TRTHMW7F
KW3LMLAR
CLTNKCFP
AYL9MXY9
EMFPMWCC
M3FA4WRF
CEPLLLFA
TWXLYEM9
3MRXFLTA
3A4P97HW
NN9974PM
3FHAEFNT
94PKCEMR
4CYC4RA4
NN79A3WF
HCCRY7P9
77MCLL47
34PT7973
YHCR3MAX
WAFAKN44
A93KNXWF
KXFKW9AM
4MPM3PEK
MPPNNMRW
FLXNTRA4
KMTRRR3X
RTWT4NWL
CFPYXNHP
99M9N4LX
4CNHFHLP
NHXCH7KK
ELCY49W4
LNKCKF3F
TMYLYC3T
R44CNCHK
FHXN99K4
Y9ALEXKA
M9NHHKAW
AMAHYR4W
MP3M4KAX
H7TCWCRP
9PWKKM3K
NPHHK4KH
XNM4WNRA
PPEXCR74
NT7PCHNY
7XNNFHXA
YMF7XEPL
CN39HHFK
LPEYLMYM
MTN4FR3A
NWMMWH7L
TLT49YCL
TRP4WYM4
ACXELMFM
RFAN9TKF
7KWNMCHK
AY7YNP37
A33PEEXP
K4FCACK7
HKEFHL43
ELXHMNHY
PMKHCMEH
9FWMTKTP
ARWCPN4Y
3XE3CN3H
HKXXMECA
AETHAA7K
9LWR3H4X
TNXLECNY
Y4CAEXET
ANLPPHTR
34RN4NEX
A4TXWAKM
NHY9PWTC
PC7ALYF7
7C7AWPAX
WFAMELT3
TCK9N4MW
T497R7HR
PEYFMWEY
Y3CM7KNF
PKMRRLRM
MAH94FFM
KWWFXFCY
XF4XPKKE
HEKPTCTM
K44XWFWH
9PEHCEPA
AAMX9HKE
4HMTRHLC
3FFXTNMH
3LPHLKC3
TKNMAKCX
YYRTFKYP
ALCXLAET
FEEKC7FL
4TPYXAP3
HMWFWNPC
Y7T7X9FC
ACPCWEYY
FP4WK3CY
CEFEH4FE
EKCNLTP7
FWML4937
XCYT3R49
PPXXPP4F
NC3R43RY
TMWLNP77
ANY4XA94
3XK97FAT
7KC4Y3WT
XMEAN7EY
MEXMF73A
PFXKKKKW
AM7LKHKX
ALHMLRNF
NXMFXMHM
RWCFCCNT
YE9NMXH7
KANE4XL9
4LRXEMNK
7XCH7RCE
RPWWXCKE
PFTXTAXX
P44RTCTA
TAYYA3TP
TAP3XMLF
PRPMCNAM
MMCKH74H
E44ALXTC
3P9NFPKT
CYKMWWRR
4977L4XX
YPXYHM9L
4AYNCKE9
93EF9L7F
TTTPY9PN
Y9E44X4N
P7XN393A
77FXWXK4
ARYKFTAK
FTEPR3PY
H3LXENCM
W7PPWXYP
3A9NLFTH
WALE9XWY
XP3XAMTK
HFMXWCHK
9XY4KNYA
T9CK94KY
WEP9KR9R
NLFNXPMH
E994LMNM
AE9LTCYF
YHPTAAAN
RREPPNAC
MRATXK9N
TMREXF49
3EYCTEFH
TLNTXN39
9RXMWTX4
ENCN4FTR
HA94L4MC
HYCFF44W
MNKHWREL
NCTHP3NL
LH3XW9H3
FRHP9RWX
FFXLK9MY
KLAK3X4C
XYAE7RRT
XR9P3NLR
K9WM9AE9
TMLY3XTA
PKHTEM49
XMPEKHLX
7FRTPL9T
74X9A43F
CCERYMK4
X9CYRKWW
FH4E47H4
THFNM4T4
THYWHNPX
MH3FAEH3
LRM9RFXA
WCX4LRE7
3T7RAMLH
9TFHRMWL
KEFXE39W
NTHLLMML
AHFA4LC9
7XT7HC37
TM4FCC49
3EKNXNHC
RHRX3MKH
7FAE9TPX
A43HYATK
4E3NLY9E
FA34HWPX
3LLXMP3F
TXYT4F3A
TXFR4K4H
NEA9KTFY
LCWLMKW7
APPP4RK9
EYFMEE7L
XFWYWK3N
C3EEHPYP
TRR3EXK9
TLKCFAYN
CALLTWTH
HAKPC33T
EMX7KHFX
XMEWEL7P
4ACPMM3W
Y4WEFXET
9NCPRXPN
ATLTMMKM
MMNN4YPY
NWCLFMAY
7YATYTKK
RHAWT349
FMHY3NWF
9KNLPCPC
9EN73HEE
MXTEXNYT
E9KHR3M7
AKEPEWNE
CPMNAKCE
47MPTMLM
YTC3Y4X9
PMLYYHW3
EA3Y9TWC
TTT9R9T9
PHYY4XMT
KW4LMYAL
EREWXMW9
HP9FLY9X
E9HMLRWF
TCM3EHEF
K3MFPP77
KF7F93NH
PCWYA4WP
NPCKXR3T
33N44FEW
KEHNHRLR
WT39EKHW
4AEACTTA
ATHMKFF4
YN4KXKKP
E4MTAMC7
3MPRMMT3
HFMPPW4R
XR7MWFHT
TCK4AYPF
R9KLTE3R
TMTYR9PM
R7WAX3ME
LRW3XWE7
KCCPWL7M
KYKRMFRK
PLWW7T4L
TT97PRXY
WNW9XL79
7AMLMLWE
LP79M3C7
WAWEKY7P
WLF4ETRT
HXM9K3FP
LM9TT39P
Y33ERHNF
FPFEM3AW
K94EAPKF
RALMT777
MLYY3XCE
MLRL73RF
P7RK4FLA
CRTAFANR
7Y3K7AXW
W43HACPW
TRFMX947
YYX9FN7T
PFFM4H73
YE3EMLAT
WWN99L4X
PNMYPF7F
7PKWCPKH
FL3FN9X7
YKPHHXMK
99R7ERXA
YKR9CKRX
PFFLFC3R
MMXT7XRC
PYK9NY7H
AC3LLRM7
MYE3A3WA
FKXNR93K
EKNEYKT7
W4PX9F4C
WF4RTPK4
3KWEH3WP
RPT9MW7N
TNKT3WNY
YXMRMCM9
AEHLMEWT
PX4H9LM9
WA7THW3K
MY4PK3MM
H9FLXLT7
KP4CXLHH
H79WXFXE
9RYTMYEN
WKWFEYEW
NNMWKNHP
LT9TWRTH
CTWLRW7Y
N3YA9YYY
9RFKEFLL
FL9PRNA3
L4TWNH3C
YPR3X9ME
CHY9HWF3
C7399KPA
7343NKNN
AEPEXCYM
ELN74YTA
XLM947WK
XFKYFTC3
WC9LTN7C
MEHHNAME
MREEER3F
EMHMXCRM
XNYFYPER
KAEEM7LK
XYCXFRWF
K47FWEXE
HMRCRFR7
PAEFXLHX
KMYT9WH7
NWRRRH4X
KEF7C9H7
XL4PKKLX
XKXENXY9
79FKRLCA
9R3H7FX4
94AHCTR7
HRT9WP7P
KTHEKXX4
EYX4FCF4
9NEF94WH
RHX7LFY4
9H3MMF4A
M94TWT9M
HC3P73EF
L47ENMHH
MCWX3YAT
NNYH9FR4
CM9HNM3M
9MHRFPCC
RT37ERTH
P3CNC7MW
RLH7NTRT
EWKRK9A9
YYLWPNR9
3NLCTYMT
N7473M3T
NECCRHL4
CX34NMH4
XWECARKP
XHPHFKLE
MFKMCKRN
944AYMWK
PN4EHWM4
YHCHWK9A
Y7RTYFM9
XEEYXNLP
MRHX3LXL
PNWKFNNP
H3MH7NAX
PPLAHHRC
KYAH4PYA
LXPNXFXL
PMA7L9TW
P3MMF9AA
NEN4YW7X
T4LMC9AL
CFMCY7ME
A4W9KF77
WKL7LWF7
W4YX7CAX
CHC43E9T
7PWHNELN
FEEY9Y7K
WNTNWTWC
AFFK9PC9
4WLYKKKM
NRTN7RR9
AC4HKL7Y
EYPMPAEK
ETEEFFHC
WPETFK37
CTH3LYWM
HYHTFWM3
L9FTMLPP
RPMKMNLX
4X43YY44
XP3X4ENK
W4PHPRHC
AWECR4NA
EAECF7A7
XY4PRP3E
3TEEK3W7
TPTRH3RN
7ACCPX4K
X3HPNXPN
CP37TR4Y
3NML4RXX
ARC4HHPY
K9XHPW4C
H4N97KLT
LL9RMRLM
RWMMTXLW
YNYP4A9Y
MFWMXTEX
YFMTANTK
7T7XKFFF
ATR9F7FA
WR7NAKL9
R4K4KAYH
3CWA9RK3
L39XCCFY
K3TX4LET
F7NLFTC7
NYEEMEKN
4FKW34PN
AMMHFCXY
TRTT9MLM
HAKYNCNN
PNW9FTMN
XL4KXCKW
LWPRYXCC
97AKK9TP
3YHRHHAN
XEC9Y7CT
RMC4XTWX
CLHLLETH
TFTY4TLW
4KCA7P4Y
343XTXF3
WW39K4A3
CWLFHT9P
PPRWHFY7
744ELK3X
CWWMMXT4
PHEMXWWW
NLRPMN4K
MMMTFWKT
FR4YP3L7
YNXAA7KM
9X3PKFPH
4PER7EX7
4XL3LCFK
W7NLPY9X
NPYPFL7H
RWHNNTXN
LC73E7P7
E47KKHC9
WPR4F9TW
T4CCNFRH
N7XL9TLH
KET7CRT3
NYTAFCK4
NNRHPPWM
NPXAF4KF
KETLYRM4
9H93NYWR
E74RCFTA
34MRFCE9
T4A9TA3R
C7FHHFPC
NKA99TLP
RTEHX4EY
P3EX9AWK
FPAKMCH7
79CKFKE3
ETR9RR9H
CPKCNRCX
7YEPEA3M
YK3WLLYY
WXHA99RH
N3CCMCPX
79F4X74A
XY79CWXK
7CW4E9MM
LNMA4EPT
KCMKKY4F
YFE3RYMY
KYKX4TR4
WRWFF7TE
YEANRPEL
3XWRLHE3
LFYT949N
WEWCY4FK
KCNCA9EC
3W4YY3X9
YWMEFTHK
33TYM7N9
XAXMF7MY
R9M9HNCP
MXW7K3AR
LKNAFYA7
XC4PLNKT
7KMN43Y7
MNHKF4HW
ENKTHYFC
PM7R9CM7
LT33C4T4
NN3YXYP7
XE7NH3PP
XHMHFHA9
M4T7ANKF
THE47Y9A
LN9XFFME
LXHTHXFY
THF4H4XA
HXTTNKTX
LHKC4CWP
34RHHCWK
74CWMMTH
9KLN7WYT
K3Y7NWA9
3CPW9WK7
9F4TKM4N
9TXLRRNM
FYNLXTML
YT4XHECT
T4W7NTTP
93A3KACE
YPR3YPWR
YWLYH9MK
FAPYX399
7FL7C3PN
N47WX4AX
4Y7M39A7
XFWFPF74
NKE7CKFW
YX4LHLTK
MR9W3H9H
43PM7RL4
RNCR7RLY
ARAY377W
ATRHW9CP
KK4EYTCM
W9CXTERE
3L3A7LFC
F4XRCMAY
APCCRAPT
ENCYM3FH
WCAYRC7A
7A9AHWPH
LLHCT9RL
XYENP7CC
9P33KFW9
HXNEL3CC
MYFW4KER
TXEFNM9X
WA9YKCLE
LY9YYPCR
FCT9WXWF
RR7A3PRC
FFTYH44R
R7WWCNFP
P3EFWHWT
MENFPC3P
RLN347LX
YAARPPXH
YLFL9A9L
W94XMPPP
P7WMXYXL
7YHKEMFF
NL9HW3MW
LMFWT79P
YXYYTL43
REF7PK79
TN9KKELM
9FCPW44W
7HWP9ATL
ERYNKRAR
CRAMWWHW
TWWN9KX4
MLNHXWAF
NR9RT7FT
94YC7HWY
FY7X4PRT
EWE4E7MX
7RLEFWWP
PXR49M93
N3KE4E99
K3PKRN97
RM9M3K9W
WMMFT9YT
CAYMFMMH
C4AM4LE3
LLRNMM9E
K93FALT4
HX3M7REP
K493797R
HAAXMCKY
R3L7YATL
A9XTHAMA
3PYK7WKH
ANPLL9AT
CFKWRT4T
N9X4HHHE
RMAECCCF
C7YWC3XR
CMA74KRM
EF9P4KPN
R9TKCNYL
E9PH9743
HWRAPRWC
FYE79X3Y
YNT44H7N
7ECYM7EF
77WHXPRH
KKFMWYCK
3RNFRFYH
L9CFWH3F
YAKKMCFH
NF3CLLAW
R4KK7AEH
33E33CHH
339PHY7H
3REW7PXL
MXNTARXR
7KMYX9XP
3C3CPAPH
AWXC34KE
NRNXH4LF
EMYP4CA4
L43KLT3K
XH4TAEAP
WPW9TAMC
W7FEFTT4
RN7KKCAA
LF4EXLAN
XYHL34LA
NYCM9NH3
ENY9A7XA
RNEE4PT9
H399ACMY
HXK9AC4F
YHA7LH3Y
HFCPPML4
K3E7HPPN
3EFCM93R
RCXP4E7E
WA9FYWEM
KFE3X43C
FYFX7CAM
KTEAH7LY
ANLYRKYH
3KCKH9TE
H3CYAP4A
FMX9RX34
N7XLW7HE
WNCKLLWH
WTFXPFLR
RPA3N39A
M9WTLRHP
K7P4MLR3
AKLTT43T
ML4RWE3P
K4MC4CYH
TRX43YMM
K4X7HR7K
EP3KKA4P
7FLH37YP
4LTFXTMR
FEN9XXWC
EPA4NPWW
X4KRERNK
KWNWMWKE
3PXL7FMK
KW9ETHAM
3KYMLEWT
AXXCANYX
YFF3K7TN
NW4WRXPE
MLYY3MCC
YAMAW73E
EE7CK779
XTM4RXP7
EY949RW3
AC4WYAFN
WMWKNPPR
97FX4LCH
YMWEAY3A
7P3RW749
MN7NE3TK
LT4YCTKX
LWR4LT9K
T3NFKACA
4YR4YRPX
HAFYKXTR
YCCYXX9W
9RKCK4A7
ACYTK49A
XMFW73KX
TW9WEMKW
MLMKKR3T
CTXNYHXL
99TAAP3C
PEAMARXH
LFWENFKX
FFMHHCNH
9M3CPHML
EEF4YRFN
FHYN7EPR
7KWE9EMP
PACH4AWP
FMNH9XMW
C9FKAER9
473CCFLR
X7XEMAHK
FHNFMTCH
P7CFXT9A
F4ETTMCE
TYL374LX
MFFA7LAM
RLPHNYRR
FXC7AFCT
LYRE9FNW
7HFTA9XL
YAAYMHFN
RPYKCRY3
3YRP39LP
E9ET9CLC
TEWYPCWA
9FCT4PEE
TMEKYNYM
4AKPK7LA
RXMX3KHK
P7439KCF
XA7WY4FE
CAPCPFYM
HL7FAPE7
YY4Y4HXW
LWE4HWXK
N73L4MY3
WALLFTRC
W3X3NM9H
CM7MMWRE
A9HYMLMW
TFPTF4NT
HTLPFYT4
RNCRA3H4
C9F9FX9P
CECWLEFT
MA3PK4NR
AHPC49R4
TM3HNP3H
FYFWFTWY
YKNYL7FE
EHTKTLKX
H9AKCXKP
X4Y9LTFH
M9YL3XH9
PRYWYRXF
CN9NC4TK
E74PF3HA
ARXKA9XN
7TWCFTMY
ETKEKC3A
RYYKM9L7
7KARTPHL
4Y9X744F
H93WTNAY
CATN9XA4
EHTEHRKT
TWXCLCEK
9CFXENFY
AW7TWECN
RLWA49TM
YR73TEHH
7PFPLTPA
WFRENXCC
E9YRNWCN
XHMYC77X
MY3EAWFR
NCNWYY9N
K7KFA7C4
9TT99HXF
YFNT4NCE
CATNRXFM
ML7L3ERC
7WKNPAAT
WXT79AM3
YHLHA3RF
LHCKTPEA
RKF4EEXF
PYA39R9K
W4RLT9EA
E3XRWT4W
HTF34L7M
TNLYY3C4
K79APCW7
EMRFFN7W
EATRFY7L
HHXFTR4W
YRRHPEKH
WRKYMRKR
3Y9ATYTM
PHTKTHAH
LXKCAANM
9KYWKE4T
7YECKE7X
TFEALNXF
F9WMRCHN
XRTKCH4K
XMAM9FFL
7CL3ALNE
XNEXEL9L
M4REFLCT
9XRFFEMX
XEM9FPN3
NELEMEHE
PH3KFWFE
7HKC4RH3
HKA7TWAH
PY74KCAA
MNWREP4C
H7W4PTRT
LT4A9HHM
WRL7KNHN
9TKRRFR4
L3WKYWHY
P3MT3MTC
4R7EWHY3
7MP9ALRH
CLXK9MAL
XNCPNX9W
MRNP4PFX
W3MEPMK4
ELANW37R
MK9FERYP
PFAATRMP
4PCWMEPE
XYCH334K
LLA9XWHN
MY74M97Y
79HMXXHE
Y3YHENKE
PYFETAAL
4XPNX4EM
PH9P379N
L4WFPNNW
NNYK7RNH
HAYF9CAR
RF9C9W9C
FPEANFX4
CHHNC94X
MK79APFR
KN9KFXMR
7A9ARMTK
MM3NLHX4
PWMRFXCF
RM3YK7WP
A4C4ACKH
ANEH7AWP
NP339MLC
NTNK4T74
WE4LKKF9
X73HCN9E
ETMLMTMK
N3ME9MMC
LYCXWK3K
THFN9EE9
9TFTEWMM
TYE7KYM3
ECMWFP7C
RM9LRCXC
R4RN3YAM
RKLLY4HK
AECRMPPR
E4XWE7TM
RWTPL37K
TRFKLAEL
79FCKKHF
YMCN4TWA
XR3RNEPT
PNK7RLLR
YL7M9KRE
L4X9HLXP
MPHHWHAW
RPRYX3HX
W3CRMEMF
TA3P4CN4
4AKPNT7T
EXPLFLTW
ET9HAC7K
4TRFCF34
APTLXWY4
MLPE4KW9
CTPMLT9X
9CKTT444
3YWXCYH3
H3RX4K3C
T733F7FX
PWTNM7EC
A3E4WCHA
R7CCWFKL
3NR773MX
ERM3XR4L
K4MCNTFA
AE3NAFMH
TNXAM9LE
4A9YWYKE
K3HKPH9Y
3XNTF4FF
CTAEN4KT
XEKFWPLF
97NWXEWX
YRRXWR3P
YTWRR7AR
3AAHEWX4
XLWK4TKP
AT4HXCY3
AFRTWPAY
XLEN4YHL
MMKWLR3M
TPCX7A3F
PC3AFCK3
YR7RL9X4
XCH73WAW
XPF3K94W
4RYAALMX
CM9Y34EH
X7WKEEPM
TNFHXAW9
9E49HFWN
XL4PARHT
X9CNEKHF
LYACNY7A
XT99HTF3
7ARKN7ET
RWPT47NR
KW9HTCYF
XW3W447F
E3CHWYNN
HCRP77C9
L7PRKHMX
NN7KMNE4
NL4CLE9N
WR7LKYPW
WYRFRTW3
777M9TH9
3KCWATXT
EA9RNLMC
MFLWCHMP
FEFHE9YT
XT4TH9NE
AEFRY7H4
N9L3KL99
KTM4HAYF
LXCPCEFM
XALKLKNL
7FCNT3EA
3FL4TA7N
AX74KKPM
9CXW49XA
TNA7LWLN
33FYY3XA
3YK9CAR3
H7H7KL9L
EEHEEXTH
EPR9KEKH
7F4CANNW
PC9YFAFM
9W7LTKRW
37YE4MXC
XFWNRRK3
7KYATMY3
R3ARTENT
7YWHCWAT
4FP9EF43
PMX4M7CK
P779YYMP
CXREPPHC
L7YX4WRF
9KLMACLX
MM3C4X7R
K77AFHYK
EFRMLHPW
MFEWYH4L
EXLXY3MH
KYLX4P7R
LEE9YHPE
A4EP34ET
K4YKPCXN
FTCARFL9
493FLHP4
CA7C3XPC
HW97C9K7
NMC33R33
E9WTKKXN
CLCWXYC9
RPPAEYFX
7KRRRHKP
PF4TRW7W
T7XMWKT4
PX99AT44
4A3HPMLK
TYXHTMTM
F7XE377M
XANNMFAW
ELRTH4KW
HH9PFXX9
YCA3M4TH
FRMKPWPN
AANAEAEK
L9ECP7YL
YATENHYP
WH7C3LKF
K9MXEW97
377CMMW7
9FKWKRXP
NLNKTK7C
XX3NALYP
AAT4P44X
KPFMMLME
MAHLF4T9
WR7T3T9W
TH9FYFLW
HT3RCC3T
TK473XE4
KFXW3KF4
AKWAEC3X
L7XTFCRA
MAHHAP79
LE4RFFCP
C4RFRXLH
CYPXCKNE
9MYWTC3L
ALXM7HMH
7WHAHAMN
WFATLKYR
CTXTCFHK
YENHNTHN
MKFNRHEM
4KF3THNC
KHPEWW3Y
3PKANTXE
EFH4NWN4
WN3NAE4A
93W7Y4EC
99CN7X4C
XFCRMA3M
XAR4YLC7
7PFTMM4M
AEYC7MHK
FAXLTLKY
F3NP4KXX
EYKXCC7K
X3T7HA9Y
FWENRL9L
3MTPKRXT
PYWXFKTA
M7R39KWN
KXLEKH37
7NNRRXX7
LK7Y3E7H
FNCNFHRW
E7W4T3N9
ELPN97LF
3CAYFFR3
7AMKXRNT
EK4XRKNA
PNPAKHMW
WM7HWY3W
NW9PFRM9
M7NRMW9A
3FC3HLA7
FAYLFR7F
FMXXRTWH
LMLMWRL9
7ENYX9KH
WTLNCHNA
RKEMHRXF
9373ML4Y
4XYW9YYE
FLRPLKXL
3KKYTPWR
ARRWKLXR
NM449YFL
CKN7RHTE
NFMECW49
HEAFL4RF
NYWXEFLM
CFYFLFYA
CM4YCC9K
EF9MTPCH
HF34XAPT
37EMYTP7
NLXFCRTH
XNC7XPPF
LALP7TLF
9MAMML7X
NR7TKCFA
3XNTNWYM
C7C7PYTA
F7L39EME
MTAWELFL
MXFRYXH7
AMTTCF3R
CF4RP9MN
RE7KWNER
FPKAM7CP
R3RRNX7T
EXRYPWLC
TAM4LPML
A4ERFR4W
KEMLFEAT
TF7AWMXF
9PWRPNLP
AKHTN7PF
EP44TEAA
WLPAFY79
LFWNX977
EX7TRE9F
ENEMMMCX
CLY9FLFC
M4A4TNYF
7NAF4PXE
PWNEMRLC
EM4H9YN3
LTNXH9LT
9AKXWNK4
WWPFN7TA
WNALM7WK
NY4MKFH9
YN4H3HK3
PPL3CNTP
LEH7HCMC
T4EX4AHR
7H4FEC4C
MEPHYKY7
7CWWAFKK
KXA7EXHR
YWYA73WY
FP4W9TNN
XLRKE93W
LFKCFRC3
9CFFXPN3
FKLN9WCL
4YWXWP43
YCNXRPH7
XEMFP3TW
KPLPEHPP
WMK9FRLN
PCTXLMR7
3F3ETPR7
L9PFTYKE
PTNAKFLE
3TMEEFP4
LLARNKRX
KF7XLMLX
WKMPRK4N
7WTH3EPL
K3KXTC9M
3HNPHCFK
P9K9TCFX
YYLMP7CK
74PNTHTT
LCHMRX9C
WY4TCYYH
KEXAHYYC
HMCH4HEA
LP73PNPF
CELFYF7P
PFAY4MN9
HRXM7TFF
KMX743L3
947XW79F
FE4WYRL3
RT447YCA
YKYM3R9L
KL394LTK
TMXPM9MH
F9APPYTP
7EHFPNW4
9YCMFHPX
K4TT3A7H
R4N43LXP
TLAH4MKC
9TFTTMAE
WWXTNLMF
MRHH9AEN
H33CLKRN
LAAW437X
7PKCMMKL
FA3NWY74
YMHKANKP
PYMAXYWA
XKCXP3TM
7M47M4HW
NLTKYNEL
C9H3M3P4
NAM9FER7
TEMM3PML
LK4PRC79
4M9YEPNT
XRCE3ETC
7AHL7EKA
RCN4AMWW
KW7NTWCF
TCCL9FR7
HYXHAHFN
L3KN7A73
XR7PPKAE
3MN9LTEA
NM4TF49X
LLWFPWEN
CEFYYN77
LY3MMC7Y
XMA434XP
WFWMAHTF
LC7YNPNH
94RYCXNP
YC9K4A4W
LN7KCYPW
NXTKMEKN
9CC3WFMX
A9PR34T3
3MYPKX93
7WH9M4RT
ELX4HKPC
ACFRA4C4
NPCXPF49
H9YT3TEW
NPN7NXEY
Y979MEFN
HC4K4TX7
3M3TRX4T
4AXPRXXT
AY7TYA7L
4WCE9TFA
37WYXWCC
PLMPFP9E
HRXNRMMN
K4LPHWCK
PE4ET3RW
T9WAYAWM
WMTAWLNC
AYHHPXCR
CEN7MCMM
4K3AC7XH
X3YKX9KN
H7FCAEXL
AXK9LAWA
A73T34WL
C7HAMTHN
4H7FEETE
L3RHLEC9
TPA9X7AN
FPAEAPWP
HCPWWPR9
LWR33HKX
FAWR7R9M
KWEAN4NC
PA7CYL3A
W7RXHM93
P94RLHXA
Y3XRHMRL
M999PY9M
MFX947YW
FF3R4F7K
7R74KNR9
MHN9NYFR
LNARK9XM
TFN3XH3F
LA49FA3M
TYXHLL9C
9PHWN4R9
F7F9PMFM
LTTHMYXH
PTTFMLYK
39RYEETT
YKYMRRKF
CRFWKN94
4APF4KAF
CWRPHLT4
HF933E7A
WEXRLL3C
7PPYTCLL
NNFLLLEW
ETK43N4R
PHRKXXWH
LM39CLW4
RELXMWLT
XXC9WK7X
PFPYHCEW
WH9KNPKX
XNHLA47K
PCTMYAEP
YRNYLC3C
XX3EE79K
LPE9CCMM
LHCPTFW3
WKAHEY7H
TKPRWM7W
7RMF3NET
WFWWR7PF
7ERYY3HT
TCC7H4WP
PC33R94P
9WK3LW4A
E9LEFC3F
HPP4N4LP
L3NYCK9K
N7Y7YCYK
PYPHTLLH
HPP4TRWL
4N7ELLFE
XERKKXPR
3RLKPH4C
KEMX97XY
WNYE7MAF
P4AL7AKF
XCXX7NP3
MLMCP3AX
MPM9PWN4
9A7CC7KL
P4EXTF7T
3N4TKMC3
WFLALAFW
ENYANX3H
WTL9NN93
CWCHPYMA
CXP3CXFE
C9WWF7X3
PA4FPW3R
3W7TYRMC
KW4EMKF3
3EW34R3X
7CMRH7LT
PNKYHMYX
PYHKEFMP
YT344KLH
PPFP73FM
YMCWKM3W
HRT7CAAM
HXEHNK3C
TLTRR7MH
FKYXWAKC
PWEKMYLR
4YT9PPXL
PKLPPX4N
H94FEMWF
N3F4NL3L
TMFWCPFP
9TNHNTKY
W7TKLNCM
WNFCXHK9
3YX9YER7
MLW9PE7E
MWLALETR
YC4XFPXK
34RNCENW
33HMLAM4
79NML7XX
CFMFRWKN
7N9FWWE9
KWM3LXT4
T7NYNCTW
XNLHHHKA
AAEA74EC
H9WAFLE7
EH3TLPEE
A44CYK44
RFK3FETF
CYECFF34
AKCH4TRE
3LTHXAYL
4HA4RYK4
P34YP4XH
RXWKKNCR
7C9HK9M7
PKWTPYH4
C3HAYFFN
WMPLLWRK
74PMXYL9
TT7FWAXH
9RPHEHX9
L74H3AHH
4CK7TAF9
P74WAWCP
EKCRLHM3
RYTYAKEY
79LT7PMA
MWLHTNM7
NCFRET47
PKMPLFWM
RYYMPFKN
MWY3E3LW
WYWK3344
3PWXX9WM
P93347EM
WENY4YNP
XLWW97CF
LE7FP9HT
F7PN4HFW
9YTLL73L
4NP37R9K
X7P3KTXE
LCHMLPAT
XLP9NMY9
KL7KKPFC
MLHWWYWY
ME37T4KL
K79P9TMR
M4ATWWPC
N4PTTK7C
94YMK7RR
YCHFWHAL
L9KKLFLL
37PE9W44
RP7RTFCW
HCRMPN33
HNH9WFKA
ANYPXY3N
XMRTRCKX
4XWP7A34
C49E94WM
LXW334YF
737CH47P
93EFLPNF
AE74RYCA
7CH4EAXT
TLM3TTWR
7NHFMAKM
3A79PR3A
MYCKLWHY
3L3EKFFK
Y9WNPLH9
YYXMRH3R
N3PCE3H7
FTE37RNA
EX43E3N7
YW73MKNW
N7TKLX4N
MFX9E4AL
P3PWR9YX
N343R49R
PRAYHWXY
ETYHCKPX
4YH3TRTP
AN3RKTYY
NHEWPWT3
7FTRKHWN
C43TPY9K
W9LY4FFK
XXHN47T3
FW9CAPKT
RPXL7XYK
A97RKCMC
X994RY73
MPRYRYCN
NRF7XLEP
LPA9K3HE
A9CHTPC3
3YEFML4T
PYCHRMMW
NXX4N7AK
KEAAMPHX
77K3YA4A
3EW7E9WX
HRRM7XKP
CCWAKAT3
7PHY9PKW
YEYAEXEC
CATLTXNA
NR74LYRM
H9MRAL7R
493MCNP3
44X4NCM4
F9ECY4YL
TXFAX4MM
YTP737YT
APPLMANW
9RF4AXAL
EHERANYL
9TTNAA3Y
9WE7P44H
4XYN7YNK
KATEHPHL
WHKN3EL3
X7YKX4H9
AHXRC4CX
MM73TX7L
NEXYE4H7
NFT7H7TM
39CHYN7Y
93E9MPCK
4WCTW9TH
PAPXKC9M
WFFW47N7
R7AW4K3R
3XRLTPKK
FYN9PPMR
L4CWKYXM
3Y4RK3HC
YFPKTX3P
WLRHXALK
HX3WRHN7
EANXA94M
9ARP33YP
P3YCYNMT
TFRKCKHM
74H9LCT9
3NN9HR3A
YAMRWLR3
KH79NF7A
4W4XYNMY
F3LLAL97
T7AN3HT7
KER47F77
FW9A7ANE
PPNXP79Y
KTNKYALC
Y9A9CNRM
HMHP7F93
R3MALEKT
K4AX4W7M
KHCNAEEC
WEWELKCP
RXYHX9P9
4LPFA3RW
HNCR7LP7
ANFFAC3E
XRC4P7YX
K9AAMFXX
YK3KFY4L
A4PWNETW
XLLNKHLR
THCN3PFK
FKYTEPTH
WNALWW94
KWWRWFNT
XL9LYETH
RY73493L
ET7KRKAP
NRTTEEXM
EPRAYPFE
E9R7YA9M
FTT3R4AP
4YEFLCA7
PPWTT4K3
FTLHEKC4
LHR4HXEA
437ELCYK
9LYTEX9P
WEKCHWPH
LPMXX7RR
FH3RT9N4
PR7RMFEL
FTFKREAP
Y7XTH7LF
YA47MAL9
HWELR449
XC4YEPFL
3YX3YA49
PAPERFT7
XLAEPLLX
9NY33MPW
TFKYTACN
XXKMHTWC
XX43EY9H
94C4H499
ATE4CH9A
ETAKLAHY
KRHWWKN7
7KECLA33
LAMECL3H
MNE4KAL9
XMW7FAR4
F33XTNTC
7WAWAM9P
RPTX4HYL
4PRKFNA7
KRXX793N
YXMFWMN7
L9NXX4ET
WX479W4F
TY9PNLRP
YNWYKNK7
39XRKNMT
LFYHHTRC
M9ACWPCR
99AFPFC4
MY4RY4CX
Y4YNKFTE
KKFPRX4N
AMPCEEA7
L9FXWRNP
7MEFKT9P
PE7MAMLA
7XPMHWTE
PEWF3HYP
F4A34PRA
MNNTAMPA
7KKXXXKF
ERETA3WL
PFKYKPL3
7LKXHHWH
X7R7NM47
XTPHCTEF
9Y7KYX7M
93EYTWRW
WPNAAF9A
W4FM7943
LL4KRCKW
RWKH7NT9
LF39MLHK
93FFYCW4
TNCFK3NL
KC3TKYFT
CYLYFL4H
H33WTC9H
EX333KR7
YAMFKWAM
TYNHLC3Y
K37T4EY9
3MX7WTWP
ETFCTH3C
CT3Y7RK3
TYW7MAXH
9M93AMT7
EPW7PF9E
W3RRAK7N
ER77PTNW
RMK7A7PM
CXN3YWPA
K793CK3N
KP4XA44W
LYMWEFE3
HM7WXEE4
39RKAHRH
WFAX7WEX
9F3R94XT
A9W3LAF9
WMY394EN
TXCNL3TP
HTTYA4H3
CYPWH444
9AAEPKHL
R4X4MYX4
W4N3RPW3
4FMANTEP
4MN4KYFC
34N9HRYX
4PPCFK3T
4MMNMF7A
PA4KMKYK
YRKRH447
FKCELR4W
YE7T4CKL
3CP9CP79
RK39L3AW
AXFKPM77
9RL9KAKR
4KM9YEYH
AHYHRTYR
KNERFWWM
WWFRCPLN
AXLTK4CH
WFHHCWFP
HHLA3PY3
HK37XP99
PFH4XTPK
MCEPPRXM
L3EXNFNX
TCWTWMCT
3TN37RLT
L3NEXFML
EA9MCHF3
L3WY3RW3
XMKNAFAX
NLPRXPAH
RXWMYCLC
CXXWWRL7
HAFLMR3F
EE7NYN7C
CMPAYXLK
TCN4EHFP
FCW7WC4K
EAMFTNAK
9CP4F34M
3WFYPNNW
3YLAHWRF
34HYYHAE
Y7MFPCYH
MKEC3A9N
CP4C3TNY
FY4ANYT3
YY4XHRNH
Y7HK4YX4
KK7KYMYX
CE9RYCHC
73FWHKM3
K3NNTFTT
CERPL9H7
L7WTH3HF
EPPP74XH
CHWTKKFA
M79KM9NH
N994PE3N
4M949NAF
MWMNHFRL
AC9999RH
LPY3KENR
FXLAEP7N
X9NEFWEA
K4Y7K4FF
RNXCECYN
L4A3EFHT
PNF7CNXX
4AALPWR7
PPNCF7W4
NRCKMHRR
99RHTMAK
77N9YCEK
7PECKKF9
49M9RCFL
CLWET93K
79KM9XXW
KYY7NYY4
F4993YYT
CRHH4LEW
RAP3TYCL
FLKCHEKX
YCWY74NW
7WMT3WFL
9XMXTX4H
WHFR4YRP
KHPMMX4E
KLRTPHC7
M7EM3FMP
3TYMMCTK
3PFHANAH
9M4EKYWL
EX37TMEP
WKWRW73M
RECERH4E
HPKHWNKX
FMXHETWA
ATLAW3ML
EYKKKXKC
9R7LA7LL
FXN3XA4H
KL444FYK
9H3TA94W
4KPMA9LR
4W43T4AH
H3EK3YFL
CP34X7FH
MYFM3XLA
WTEFMAKK
4RNFEN3R
WW4MFMH4
MAMPEMAC
NNNWEEHL
M4X7LN4P
L4HTMTMC
W44RN4FK
7LCTKNEP
PT3X4M9K
FN3WHNR7
AKWY3YRN
CCWCHREF
37LEPTW3
PTNKWWRF
NET4NXNK
FCE7TE3C
NXYP3FLP
PKXR7PYF
E7AX4FFR
YXN9YFH7
YK7AYW33
37CAAP3R
YT7CY47H
P4WN9TL9
NAYYEWAY
9EKKPKYF
HNLHFNP3
M3K9XANK
RF9NLXCC
4TECMR9E
FLWXH79N
ALMKHLWF
9MCH9XYR
M3YFEFN9
4WC3RWAN
RY9CN79N
YXW7K3YF
NLE4NLCX
FPFEKTHA
KLXRWA49
4HPNLARR
PNF7AYLH
HMWRW4PF
K94XHNPN
EYEAP49R
MN4EC3KT
W7LXEFWF
37TFMMHN
4P7YAL3R
KEAAR34R
4LML7R9M
WKX4NWWN
ARTAH7NA
MAH4A3F4
WAH3WF9K
CAEYRWW9
3W3RFEPM
MCALFK4X
KKHF9KPL
N7XPXNXL
3LC49PKL
CT4KK333
RXAPMF9A
3C4XCAWP
KXRTKHWR
YH737RM9
3TXF7LEK
CFTML4FK
7FWX94W4
P7WNTFPM
4YXANLLE
CFWMTPEC
ECYW7NLC
479H7NLT
WFTHR34M
3493HMLF
PPKANRFK
FNPHC3YT
3XFWLTAK
3HLERT7C
HCXT7KK7
F73NHTPE
LMHTC33N
AFKFAC3T
3973A4XF
9APM3TCR
WALXXWFE
RNTPL9YF
PMTPWLYR
FN4ANRT3
PHT4LMLE
A34YAN43
FC4RKLMN
MA4NCPNM
WCCRMEYK
YH33FT7R
CWLWTAW4
YNKY79TW
FFAF4K7R
LEAM9E3L
3E4YC4M3
HEKYK3XP
LFHYARTL
7YYLX4TL
CFKKARLN
NM9T3HR9
R94ERNLP
4LX7TPMX
KNMKLM93
7CEWCCXN
XC3F4CXP
MKLHRF94
ERMTL7EE
YNHXYTCC
9MAK3EP9
4R99LMYN
A3HXAHNK
K3FC4K3A
KYWNLEFL
MNXAAE7T
NWTF4HXP
KWMN3MWC
ATKPTHLW
WPLAYLHT
KKMKR7C9
NH74HLK9
9AWMFCHM
9C77AF9E
NT3L4XFP
X3X79AFE
NRMXR4EW
7KFW9ALP
ECM7TPMM
XEA3TPW4
FA3NLR9X
XWYXKNYR
EKPKKNNM
KHMWCXMN
HRTWE7EH
WMFC4KMN
N33XE93T
EFTCXKFN
LW4WWCP3
R7MF4FLA
YPTFHHX9
ERTYNMHR
9HFECL4A
X3HLFH3X
TXLYXACF
CN3ERLTF
WPT4KKTP
PLAL34YK
RFW3YMPL
CLHMCXNL
3X7KAC4Y
P4R4CALL
9HL9CKFK
CKP79PMN
4A4F99E9
KPNT344W
FMKNCCXW
HLY9K3A4
CMNTF399
EP9CXEYW
3RYKXKYY
RK9WXYP4
3PCAY7Y9
KT3TXC4L
3PC4LXFN
EHCLMKYA
TXKMFA7C
CTL4MPM7
FCN4YWX3
KAT47KC9
NKXFN7MA
YL3WEFKA
EMAH3LHC
WRKKKT3W
RYNN7NK7
7N7CM7NM
3NT9T9CP
7FKMNF73
ENTFWAHA
4HYNXEN3
9YE3L3MW
4AM99C4P
R77KMRW9
C4F9HWY3
EC4TRPYM
AMFYFNCP
TY7AEP3X
M9T9RP3Y
3KNY7KE7
KKCHRFKL
49AN9YLE
WCYCHHEP
XAX3NEK7
RXAMC39N
MF7X4LWH
WCTXLT74
YCTAP7RF
LNA7LYAN
EHFY44YA
PEWRCH3W
PEHNNNWH
4LR4PNX4
KK4EXLR7
W3CP4XW9
YTKKLEFN
YKW4LMWA
YRK9XYAL
AHFXYHXY
FR4LHRWN
FT3LCXN3
LR4E3TW4
44EFACMK
TY34PLEN
EP9FHFAN
HAWMKRKN
49KXY74T
9E794N77
HRKHNNP3
AXM37FC7
CTKPL37H
HHPCTA9N
KE3YHXKW
YYRHR9AN
L9T7MFAL
Y3YMAWN4
YWRAMFTL
WLACW339
X9C44PX3
XWXFA47M
ARX3997T
444NH4NW
7CC4PM9A
FXKPA39W
NN9HHW99
4CXT9YFX
Y4RK9EFE
M9AMKX3A
TXP3N9LH
KMHET9F7
NTCRW73A
KK9Y4P4A
7NRW3X9P
XWKRETTT
LX7K3P9A
3NNWAWMA
RMHN3YA9
4E7LN4XN
KTK7CR7Y
RY3X3NE4
ANEXXY7A
N44CHAWY
MYW3PENR
9KX79R39
F4PMMHWW
4X3WCK37
9AKEXTAC
FYR7F43C
YAYHYMAN
7WLF9WHM
XFNYF7NM
9XCHE3A9
4ECHAK3Y
7AANE337
M4NKHCH3
N9L4HL94
FEKPWEMH
YCPCA43P
Y494HAMX
A74K9AF4
7MFFLTFY
NAKNNX77
9CA79TA9
49MMEYP9
Y3A34LFF
NRKLRLXT
AARC9NHC
NTKFRPXX
7WF3XF43
RXPWPF7A
FPA4CAKL
7M7FPL3H
P49LK3EK
PXECP4EL
LCWECWKK
AM4KMFHK
NTXEY9TC
CACPFT3E
MM9CMFCL
LKFRAF9K
WTKHLYA7
KXCCWC7N
FL99KHXT
X77AMCYK
PHFN4FFT
9N4C79XX
HHEY7KPC
RFENK7L7
XET3E94L
EYLHACRR
7MHH9TKY
PPFF39PH
HX9TRAK3
AT7C7AA7
KPN7NFHA
NAHR4FWM
WFM44E9Y
RKECRH3N
HAW4XY37
ECPEWYP4
3NTXHKHN
AXK97NE4
3PLYA9YW
HTA9HCC9
LAM4NCFE
9ETNH437
YYTTEN7C
EL4K7CPY
4P9NK9HY
X4YN9W7W
ERRAMLYN
9ACX7PRY
KCEEN733
LFRACCHE
9FAT7LE9
FNXR77MR
73YNXMRT
LXFF4AFF
HCR4TMRK
HE43LTKT
ME493EM3
NXA3EPAL
EM3F4K93
MF3T4RKM
R7RAAPLW
RTTXLCHP
ATCYFH4E
HRN73MFY
RPHCAFK9
YKW44F99
NMF3NC4H
XAP7Y39T
XALTRA7R
EM7AWECX
P4W3NRHT
HAA7KXT7
Y7NYHRKM
M79NCPX3
WWFHXYCW
9NY37399
PEAHEYCE
4HFXMTRK
CL7AEYEH
TL9YPWXF
7X74EFNH
3AM4PA7X
LCXKETXL
NP3FWPXW
TM9FHLLN
YWMT3XP4
CFTYCXTM
C37NM4N4
LRT4TN77
C97E7ANP
FXWECPKL
NHALRYFN
47EHC9XK
MYFXWC7F
YM4KCYAM
CE7MA4LF
RM4XFRAE
P74HE93L
CTEXTH3Y
KMY3LXRN
TRHCKYMF
EKNNTPRN
AFLKWCNN
PK77K4YT
HC3LPW3T
A7RFHPHA
MXLT3THR
4TKMCFL3
PW7FRRY7
PYLH79XX
NNKRFARH
MAYFWA7X
9RMWLMYL
XFAKYHK4
FKKCT7RL
XXWC9R4K
YLY7MPN3
E73WEYWC
PATMCWAY
MLFYE7T7
CMEYWTYY
FAWFKMPC
NNA97PNY
WH37RH34
RYHPYK73
RLEKL37K
T4YYRPKT
NKYHTAMT
PXRP9NK7
NRYAMFMC
M7T7XAAP
N3K9HPPK
7CXYHR34
LA9KFYCP
FWA3TFNH
FNCHNAXN
KCKTXCY3
K9FYEM4H
9WAFLEWN
HX7AT9N7
K4HA7RNA
LT9LFEYL
RP4KAXPP
R7N7EE4T
R97TK7AL
3XFMKLNN
A3MKCTW3
34FAWMFR
LHFX7PT4
NATT7PAH
THRCL4N3
FXLE497H
KMENEFTR
T7MNMY47
KAEFTW99
RYAPA9RK
LTEHWCC4
4TFNEC74
KA3AA9CX
YPERAFF3
TACYNPAF
W4X9WRKA
KWY3LC7Y
CFCTTYKH
W7AN3NAP
WWATLAFP
LRLLH3KX
PNYKXK4N
44MCFKC3
FRKETATF
YFMAHF7L
FNLXRMLW
RX3PTATH
474CX3WK
WHMEPWAN
3L4L3REH
4CCKKKR7
N7RTPYEN
H3AMAX4P
XFMT7TNN
YFY4EKLE
R9RCCWAM
XH9NAFRF
ENEA3YXE
LTYETWCE
A9AM4YRL
PYCPWC9A
NCFFKLPW
F99H4H9R
FEKECKE7
THNWHWTC
R9Y4RRKK
NN9M39FR
9RPLWFMN
XHHTK9HP
XYFXHTWP
L7PXNEW9
37LTFENC
TCH93HT9
NN3NLF7X
FHMP4LF7
H9KMFYLP
LAKFFWEP
RE47XHTH
YY4347XH
KPELAKC9
XHEHHEWR
MF49WXLX
WXNK9Y9F
XPRPFRAH
4XTFMRKF
4HLMTLMX
RCNW3N4T
CF73AFA7
RFPMKRXR
PNY4APN7
RRXX3PTT
FY7TAC9W
NX9YWYNR
KY3PCCHK
33KEWM3Y
XMYEH4K7
KRTX3H47
E4XN9YPR
XMLRK3EP
LP4PCNCT
NA9HWHMR
R4TWNY9X
WW9E4CN7
433XRFKA
4HPEMAFP
7CCCYCWM
N9WFE3RK
THLTXH3E
NNHACTWA
9HWPN9EM
YA4FHFTR
HNFF4WXL
LNK74C74
9MFK4YYX
ARK3MCTR
WAPCKHXL
MT4NRHNK
K9LHTPEA
NMP4C4CH
X9C7RX4F
MLRF4LRN
XHRW934E
PXYNYEN7
MP9CX4LK
LTCMKWR3
H3L7NT79
7MY494MX
3P4AXCY4
WE7TP9Y4
WKAMN4YT
NPEYAECM
NCKTM9E7
97L49EMA
LENF7KXK
AMP4A3EH
P3CTPA93
ATKCFAFM
97AFNXNL
WWRT3LMN
9AWXFKFM
HMAXYCHH
ENMMNT4M
PYCP7LRK
HTLXPPAP
WHHH3TYX
LP9FPYKM
TER794LR
94KWETWL
PNRE4KPE
ATF3E3ER
RNK7KCTW
7RRAPCEE
PER97W3F
4A7YNWWN
RLEX4KWF
R79TT39H
WKLXX7XE
3KTRXYLP
HRNATW4C
WTTH9FRL
RRCNLERP
3EWT4C9H
3PMANP4K
FHATCE7N
MYLH997Y
474FTHXC
HNPE7HFA
KPM7TX4L
7YTLLTWH
PCYMA99M
NCT7R3KK
FRYHWM7F
KXT9PWFN
X9Y7M77F
REN79X3C
KL47CEH4
RFCNLCTE
LR7W7EEK
R3TTHWPL
47WL9F4P
3T3KAP4F
LHNR9MW9
L7TFAEAR
HTKT9KTL
44FFL49W
CPXNN73X
9YP7L4HM
7WYN3X4P
KTP43K3R
MF3FXRYP
9N4MYRFX
L7W7M39Y
XEXRWAWH
43C4HCXM
A7LWN7Y4
YRL3KXAP
CFAXEKH7
TYAN77LE
XKF7Y4P3
XM9LTPR3
LWLLWA7C
H4CTKLPC
RLHCFAC7
MAYEKF77
77C3NTMW
WCPPWCEN
7FEAL4N4
9ALHKR3P
FTN7LTN7
7TYY3TTY
PEKER4HA
9R7FPRFR
E79TYYEL
A7ANEWE4
NRFENANK
AELLTTPC
YELRYT49
3N7YWFWE
LKNPMA7L
Y3TRLLNR
PW7XRFFP
3F7WWEMX
TTKRCNYX
F77AT73Y
WKFK4EL4
LHTMPT73
WERMT7YW
KYTH4HL3
LR33PTEX
LWTLHWKE
NY74RWM9
TN9WM3T4
RW7AW4A4
33LWEMLC
W3W4KKRF
KLF4FKHN
ME3MNTL7
M3MYMYW9
XYHKKTR7
CK9PMRTH
XAAYPM4T
3R7HA7EN
LLL3ETAT
4PT7XNY3
9PNL9EEX
7FR47P3E
LFAA9E7M
ECA7RCLE
EML9MMH7
PLH79KR4
779C4YMY
3XPWN3YC
7MHRY37H
NWYKNHWC
MCE4Y3MR
YFA9R3HH
7H9434HM
LAN3K4PF
HTMP74AY
YHEPFHW4
PKYETRK9
RKRACFK3
AA9CE7W9
Y4RR3PAM
M3YKKW7H
PFXACLKE
LHN9NAXL
YREWTMYH
CFN4R3F3
R9FEWE7C
YACTFCC9
KWXTFFR7
XRYN9RAE
WAMW9FTW
3KCTMXHN
74TW7NEN
KAT3M9YM
AWXWCPCH
XWNNWMMR
H9PTYH7W
YWMX37LW
WRTEN3RX
FWH7ELTC
FAHT7PXW
PR3EKMCM
YN979H7E
CLNE49EC
9993ATAY
PRAAFAYX
AW9NCWEA
RNCYM97H
CEFTXXRF
K4MRFNWL
E7PYEF97
CFTA4YA3
WLXMAK39
RMMYHY7X
P9W9RLWK
PXHMKFPH
4R3HY7EA
NXW7LFEM
3X47WT7H
73R4YKKP
PTEM7ELK
HNW9H47A
YTTYXCWR
PK4LFX7T
RPYRKMFN
NYNRWWWE
9PP3YNNL
T4FT439C
FT4LKER7
TFLAF3FN
AKRK3MLY
RLYEE34W
4PNC74FR
XHRW4NL9
TPX739MH
HR44A7C4
XXP3AELF
FT3XMAL9
NFPPY44E
H4KNP949
W9YET94E
FP3TE7LA
MTW4NR3X
CA493NEF
M4KYTHYW
LC9EMFM3
L9CEPWHP
MHHN9Y7N
CFYTEF49
REATCWPT
TMLA4X4Y
3XRMNHMT
7NKK3HLM
3PYNTF34
T99LLY4H
TR7XWEYL
9K3WCXHA
MP4YLLPN
K7X7PXW4
PY3NKWKH
4YR94LX7
E3TNM4EC
9AHXCNH4
K493Y4PC
WXKNR4MF
MWNH9HRH
3F4F44PW
4WA37AEA
HHK79KRK
3FMTW74X
PXXPKRNE
EKYPHWC4
EEYA7W3C
TKR3WCK9
PKLXWRFX
XLFEKKLE
FEP7EAAY
PH3WL9T3
NPP4L77M
YCFH7EXW
PXFTH33F
T3YWMKAX
P9WA4MLR
NP4RXR9Y
P3FEKCAP
WL9H4KEM
K9NAKP94
H73FN3X3
4WNXPTEA
7CXH99CK
9MW93AFY
YF3YN933
3RH33RT3
74XEEA7T
WAR4N3CH
CCNXCP3F
YAMC9H4W
APEA3HWP
APP3AYMA
TKE9RF3F
YEWPXKYA
CPTAN99T
RKMLYXXE
LC9LWLXN
E9F977X3
EXERP4YL
PKPWNLNP
ECTHAC3C
49AWAPAX
4LAWWX9H
L4MH4Y7P
NY3TCTMH
NTNMH9P4
FLH4KNAX
C73NF9TY
XHCF4T7Y
CRFRLT33
C34Y7L7Y
FKHRX973
T9X3EL7F
X99L749E
ELF79KEC
PLKNY7MN
RCFTX34P
3NMHNAWM
EFPLMHRE
4F4HM7AM
444RHHCT
TTARYRNK
FFKCHEXM
LL49PR4X
ANHAY43F
M7NTNWLH
7PHP4RAP
77CCAYFW
Y9CWFWCK
XWFTT7MN
7PX39FFL
M3EYEL9Y
F7TK943H
74YKEKAL
3L3XF4CH
RKH43Y37
F4NCHNAY
3N9FXL97
4LTNHNR9
HKEC99N7
4M7NK9LE
C9MEEW7T
7F3HRRLR
F4MTMTAX
KPXPPLXN
L3K9YP74
KCRF3N4C
K74XFHWK
YT7YKNMP
R7LKTFAY
EN3TNTP3
9N9PKPMK
XA9PEXYP
XLHCX9YA
TCFANP34
9TTLPHPN
3T4CT7HW
CK4XXYLC
TNR744FF
TXE7MFPM
HRLKK93P
RXTWPNXL
W43ELKXN
7CNY7W9W
TAPFYL9N
C4KFNK3A
LRWKKPYX
HW3RFHY3
W4MARMF7
4C4LRFPY
MC4YMEE4
XCTMCCEK
7P7WWNTK
YPKNWHME
RCATAF3M
TMEE3R7N
TCRLXN3K
WN4LXLEN
MTP4ACX4
X9HNKNXX
CANE7WKK
LWMEPFKT
XWMELXFX
AH4LALCN
LMLH97C7
43TWW3AX
MRLMHR4R
4NANMYR7
4RLCLMRR
4MR4LRTX
9CYYRCMC
49MPNTCF
4KCFCCME
39WCLK4F
YWPK7AC4
CARKT4RH
F4TH94RR
LPCYHLTL
YPMM3FCP
KTHRFFLY
4H3MAPET
3MKWPLPH
Y7MF7M3C
3AA9P37P
KXYCKX77
3XHNNLTF
LNK3K34A
7KCC3HP9
799FTTPR
T3L7FC9A
ECETRCWP
HEHKYTMP
FCTYNTFR
9FT7AKPC
HYRA3A4P
YWT7ECLH
XHCL74NC
M3M774C9
XYFMPLLK
4XFFF7LH
NACCN9YM
KHNPELMX
M3CWR7TL
4R3YTPYH
9P3RAFC3
774N73FN
W3LEM3L4
NN7LRHWW
KXYWHCTM
H4PTNENR
MWMPW4R4
WK7A7XHW
F9WLLL9H
A7WFEKH7
N7ATTEXH
RMM7FKE3
7MTRWX4R
LECC3RW3
939MMH9E
NNTNXPWL
97RXW9TF
MWWCF34C
447YRLCN
FXR4XH97
CYXLPCAX
CNNTMFNM
NLH777E9
HWWYMARL
AKMKTENF
A99MPPHA
RYHF4LTY
MNERYRFY
LX4PPY3L
WMC4KR9R
PA7LNCCT
CNENCF97
AL99CFRM
LRW9RYPW
WWMAEXTK
4LHW3WEE
TXHP7N43
EEL7HKYW
FFMP7ARY
9RN7CEW7
LLC3PEFC
CTWWANLK
TET7PT77
HN79XP7E
AFC7NRM4
MEAEWLM3
PK9LXN7P
CRP3A7LX
9CH9MR3K
YFAKMNXK
3F934999
CXKP937N
3TAHL4R3
FNNLYKTY
XAMKWH9Y
TCK7HE9K
4Y9EWHM9
9EACXWMA
KYLFHFRP
7WMKNRWK
KE3PNYEH
Y4MFMTEY
PCM94WT9
KRTETECE
37LWA7HX
KHL4NHK3
F7KPP4LM
XXN33HTH
H4T3PKPE
HFA7YHEA
M744YY7F
49X9K7PM
9W33W3L7
H9TXYELM
K37YP4HH
WXWH9LRF
97WL79W4
PXEWHNFT
97RH9XLE
XTLKCNXF
3EAPNF3K
KL9Y9XFL
7RAPNMWA
NPTEEPNA
HL97TPWW
KYH3EF74
RYEKNMMA
RTXWNWXX
XM3RYM4L
ETM4CYNC
N9LLXA3X
N3EMHN7W
9CWM74LE
R94NMLR3
KT77MCLX
7PL9XLFL
CACX9H3C
9YXFRRWE
C777METP
ALCT7YTR
FR3E4CKX
WEA9EWFW
MTLENYHM
9CPFWHRY
AC7KF9P9
9AAPTYEH
399HY7FF
CELYWFN7
YX4PN3HK
9R3RHTL9
WEMHAPTY
CELKT3FW
974LFHNC
HEXRN3FM
LWKTEYAN
3FRCRC7R
K33LPYP7
WMATF7C7
TPFPXWAL
4KCWK73C
HT3HWEYT
NA73F3FM
A3CNRCX4
KY4TMX7E
YNXCYHTC
3CMT4FET
CPEYK9KM
NRNAF3LM
HH7CWF3E
RNFPYWR3
F4FM4F9E
WYEFRYA7
A3F79ELR
HAT997A9
WC99C3YX
N4YCWPR4
HYWNPLLA
XCRHTMN3
CKAFKL4T
T9MLFNR3
4TEC3HTN
FTF4N4PC
MTYLCWNN
AHRC934P
H7YR4W9F
CW4CWYPK
7HNNYCEL
47HW9LCM
EMREEWW9
FXAMTXAK
APWTKCWE
7XHRTMMC
WM9FFW39
33HLCNPR
NL3CTW9M
N7TTELNF
RFETXXRK
M43AY9CL
CFAPWMY4
YKPPNEHX
MH3YXTMT
XXMXHCRL
T7FYT9K7
4WWPRK4R
4XXW94K7
AXYMHCAE
CCXCKEKP
CFTA49RM
94EEP3NK
9H9RRF9K
4P4LRR7L
XCREYLYP
WLNFY7CT
WH97ALPT
EFTN3P9N
4P4YLL3H
PF3W33TK
AH9CT3RX
PTMKENAP
PEA9HTFP
EWKLHXFY
EL44YHT9
MT9CEL3Y
W3A7MNCR
XNLM3AP9
HTX79XFX
RRF4C7CP
9K7FPXE9
YTA7HY7A
HCYNHWPT
NXFX99AF
MAMKHTC3
CFH7EALX
AELX7FH3
T93FEXTF
T7CYXKNW
MTYAF4RN
EPREWMLH
PW9HWAAM
XAR4FMAW
MFNXKCN7
RMMMLEEY
7Y3TTLWN
Y7H3F74P
AL9WAM7T
ELFEFMEL
AWALELAY
PRCHMKE4
W3K9EFM4
9RATH7HK
3NFCCYLX
LC37M9MP
4CNNRKNC
7XP3APHF
ATP7YEN7
M3TK74KF
X9L3NRWM
XH7T73LT
H7L4ET7K
CMFXAW3H
EAMHH4RP
K4LX9PCW
EFNPHE3F
NWFE4CRL
MM9YYNYX
43MHHK3R
H3WYKNWE
LCMLAARA
7TR33XAX
MARMHX7C
F7FPHFT7
XMXNM3T3
LCAN77X4
AY477WHE
4AKP7L7T
XEKNFECN
7C33MRWA
RLTP3RXF
FA77HFH9
4WHR3YMW
LXL7MHPH
RAYPCFT7
XKA4E4RW
AYWYCHTA
XFHA399Y
CLL9FXPY
4MWMA7PY
XWTTKCRP
FX3474M9
TRCL3W9P
RXECXKLN
FPTHKMCC
YNKTTCWN
FRN4XHHT
W7MRKEYN
7LXXMA7Y
Y9XPLX9W
7MY7XHYM
L3PWXLER
AXR4HLAW
RYMPC3HX
H9A47RPL
EECXH3EY
9MTLCNXT
MM7RE9P4
PWE337YA
TA7HALK4
97RXAAMW
F3WEKNWH
RCYTWTTR
X7CA7PAR
KNAYNMYM
9NMCPCNW
HLRC7M79
RTLRNEHP
EEMKAXPF
C4EM3FLH
X9RHNNFN
PAF3KH7A
EHH7CPYK
PRHYEYPC
7LF9RXL4
RAKXM3CF
XF43C7AC
AAY37TYF
TMNYTXTE
49PMP3NE
KC77X9KW
NM34M9HM
HXMK9LFH
RM4RTYX3
KA7M3EKK
3M7PTNPA
XELPKYP9
MMERLK94
CLFC3YNF
4HHATNFC
HN399AHX
L93L493Y
4FPKWWRX
EPYKXA4P
EEYKFYNA
HTCNF3FY
ERTT7FEA
NATXETL7
WC9F3ACT
3TAYPYRM
NH4RNPKC
N3L3XKEP
CMYXP4TL
T3ERTRLK
M9F43RH7
NHNLHERW
PP4EYRTC
WEFKMFMT
9LFKNPRW
CMY9YTP4
T9HFTRXE
9RCTNCWH
RCERXYX9
LCYMA7RY
7XFRAC7F
ELFHMN9H
NYWCXTNE
YEAMMXLM
W9EXYF9F
FFM3F4TL
4YEXKT7T
4YNA4YF3
FYX4MMT9
TNXW4YHT
9HANX7RW
FTH4CTPX
HWLXNNFH
MAM4MH3T
XC7F7WXE
EYFEEKXY
TYN4RXT4
C9AWHAWF
WTWPLHCM
43TWTNFH
HPPAFLTT
94ACX9EN
X9MYWRRA
3LANXTLH
H7R3NLEA
P9NFML93
P4XRN39E
4EREMTT4
HT7YR34X
NLCCHRAL
ECMA77XK
KKXMLLHR
AFLK7N4H
P7KAWRC3
39774AE7
FRKWK9CP
9LKRTL4C
YNMP3ERR
RTRTWRYN
XY7AWYL9
PTELP3NE
7EXX774K
YWRAF3PY
R4LHHKTY
RXC7YKNC
NE9MF47N
TEREMNFX
YMW9KPHN
NEF4HYYN
4977X3EY
AKH49PKT
L47M734H
A3HTCXN9
K99E9MTE
3R7E997Y
34LH9YC3
9WLCFNRK
TLA7FCMK
YYPKXC3P
CN3TNHCW
99WHFN7F
C9FWCM7Y
9CKCAEXL
HM9XN4WH
FT3P3CR3
LFKN9RHP
TTCKT9T7
R394CXPM
L7AT9WM3
NTTLRMTP
P37HMPM7
EMPWKTLH
9YYPP9C4
KT7KT944
3Y9WNLAK
M3PKHFWP
AYPN7F7X
KEYNW9LF
NE7NKX3W
HRRHMM4M
LHKLEFE3
YHPRXWNE
YWMXNNWR
WLPTF4LC
R7FFPAWL
NXC4F9TY
CCYEXK94
CNLXFN39
RH4C4HHN
TNAXYH9X
YNWKWTK3
97HML47L
N9Y7RYPL
FARF3LPN
HFEMNHCT
P33EWNYP
3HAXTFME
HXNHEXAM
KHFXHELF
KYR9YLKK
KMWXPCHM
C77EHFYE
ETLA37NH
9CT9X9FX
FLPHA39H
FXCFMMWM
9XKW3377
AMLKF4PX
XF3WAHM9
T3AYPPH4
FNX3AYCX
PCRFNFNX
X7ET3RLF
P37NMMPK
XYNKR9L3
KFRLWCFK
9K3MELTN
RYAHTNFA
K7RFFAXF
L7HKAP3T
EPW3CHHH
PPTC9LF4
3PPYHN7C
NY3KTEP3
CAKEPCC4
NTX9CLW4
KKKAXEC3
C7YFHY4A
TMYEMENX
RA9PHTHH
LHTMLXNT
PWEEN3CA
L7K7NRYK
L7LEF794
W9PYE4KP
AFWC7YFH
LL3WY34M
LCNCFKWM
XRLW9NMW
Y49X3A4L
W7HNH79X
EFTE399N
FPH39Y9X
479TEMPH
XX33K4L7
WW44C4NY
T9RRKTY7
TA3WCA79
XKY779WH
YAFMACHX
WRNHH9LH
94CRMTWA
C4X7EW3R
NMWRF9EH
AE4PRTCN
WXN3EXYR
L3WNAAR9
N33MCWMA
FWW3ETCT
KE37T4CM
X7R3KCFE
XPTPL7Y7
YFPEMME3
97N97FNC
MXWRNRYE
7T4CCPPF
MMT9ECLX
WP9FA3MN
3YPNE7TW
KAPAAMM3
LCMLTF7C
MH3PTKNE
NAFKF99R
HR7RNMPW
CXKLEEL9
MXXFLKEX
NPC4HREK
K3KHTYPR
PXELALPP
EX443Y3W
E4AL7LLP
9PTMPPCN
7XATXEW4
N9PL9H7P
PKNPF4TY
E9H7TL9P
TFW3XWRH
NENCAC3F
NPHEFPHK
TYRPY334
YCTYLX7R
HNFFLWNT
X7X3RH3K
7F93NKFT
YEE7PLRL
L9P9A7WC
RM3PHP73
X4W4W73K
HECLLRP9
L34LM4EY
HTCKNT43
3H9MY4A7
4FHK3TRY
XAKKWAKA
ELRKWW4W
F9YMCTHC
LNF94NTK
L9WKRW99
NLEHM99N
TRERKM3P
TMPCFCRM
FMYKRC7H
FP7KETNW
RLM7M47X
PYAKRL4F
ERHMM9AX
ERFEM3CX
HWNWNY3C
KKLCPKAY
TXHP443W
XLCLA4ML
FLC4NRKY
7AW9T47K
REA794HL
PAERL7RT
WYAFKMAT
EMKRRFRT
LRTRK9AT
CFXKMMWL
CX9MKHER
N7FLXWC4
W4AA3K3Y
EXKPRFT3
CKNYNARF
3WLYW3H7
M3T9FNWE
F4MHAW7N
XCLT4RAT
37C4LFFH
7X9HMR7P
R9Y9MPL7
RFPCMWPC
ARMWHYHX
R993F7MN
CHCALPLP
FMRP9P7A
TMMYXPA7
YMKRCXMH
397RTEYK
XW4YNHKM
34C3PFTL
R7APHN4T
A7NXRKLL
N99YMXA3
9CNKLCMX
TRPN4NTK
ALTHW34Y
LTPXWHLA
RCXMR7PP
HE4H739L
P7CAE7M4
LA74KM7R
9MAL37EA
9CEC7AW3
HR7FA7K7
HX3Y7HFN
AHPT47CR
MHYPTY47
RHLY9PYR
KPE7LLT7
FXTCTNHE
PT7EKLKF
A4TLNYK7
NWKMWYFF
FW7NC97T
CWHHAY79
LMY7ELEE
L9A7NMFT
EK4ARNYT
WTT4PYYM
KYCYE4CP
PKA9LXCX
A4FHC4EW
EEXFLC9R
HNRKHXR7
YYY9F4EY
RT4XNNWN
3ELCK9KW
P3NCX9YT
X3NC7TTW
7TWXHXFP
34LM4473
N9RAKEFP
9LPCACE7
KWKWELK9
7WT3A4PN
KFKLFX3T
3TC4HCHH
HX4RCNWM
9WMARAPA
TN34RFHC
W74KNFWY
WWEMK7RN
WT9FRYEX
T73MC4AK
9FKP4APY
XNHH7FPR
LHM3CC47
KNMXENFX
3AXMTYRN
39X93LEX
4HE9E9LH
A9K3AHPF
AW4T3WLN
FXFTMKKW
C949WMA3
3RYC9E7W
4WLYHKNF
LRWFYWM9
N4LR3RF3
FA7F4YYY
FCR3M3LP
37Y9KRMC
FXA4FY3R
3TLKXY7F
33EETLXW
3PXMFLKY
NEKH99W4
CPWM9CPR
LNPWHLKR
NLRPFTX3
39AFR7AA
LRMXR9HF
RYTF3HA3
9W79LKKF
TXFX7MHL
CYXFREMY
T3EHEREL
HWCRXPME
E7YRKNEC
TC4AR73H
XYNHFFM7
3WY94NTR
LLW9XY4L
TPMW3TNT
9L4PKAPN
NK4EEFM3
CRXXHN3R
3MCHPHNA
HWLTRWEE
YM4W7TEW
NCCFAKKP
4WYH99YR
FRWWK3FT
A3YHRFE7
YP34XWK9
PLATCMPE
YY7N44PF
3AH3T99P
CN7CCM9W
L3F7PLWE
PLHPRLFY
FH43E4FX
WL44KTHL
EKLPMCWP
3TCRTK7A
NTMFKKXN
HKKTCAT7
P3Y34EMK
FKXK74FY
9NWYRCNX
A43CPLPC
NRXRLRMP
LFL3MALM
MLLA7YTN
TWLRXMAT
FEK44CKC
4CKHK9TK
H4R99XN9
FTWYHNRL
333N9799
WMWF9MXE
AX77H7N3
F9H4XE9M
TKKMKTXK
9K7C3YRH
YL43RLL3
R3RCM9WP
CNWCT4N4
EYPR4PAF
WF3MKTYX
44THRKYL
PNKA9Y43
FMWYTM9M
KRCK993L
WTWTN9CC
C7NMHEXK
WFYXWN4M
HHACTTLA
XK4KMNM9
C4H4YXFE
LFNW9R37
ECHHLEAP
43NHM47N
33ER397P
WKMPEYFN
PWETRFK7
HYERHT7R
TRML3R7E
FC7C3R9N
RRFWWHCE
ACWEHPNW
AXY4HREL
TFXCHPTH
LNX7T4MT
EA4M933R
RW4ELFXH
N3F447FC
7AHYRL3C
ARAHMNN3
3NMPXWKA
ANAFXR9E
YM479WY9
KPKYWMPR
F9XHPEYP
N9N47AHN
7C4PRTCP
WXEXYEYT
LWE4HX4F
WKEPYCER
CYKLHAKR
RYKELTPT
43TFYFPY
FEKK9FTN
33ARK47F
RRMNWWLA
YTHCTATM
7FKMH7MX
4LF93N3H
RR9KXXMH
C3HHHFWE
L3HK97YA
LEEXKKWW
E9A44LN3
RF7FYLAF
KPY3W3MR
ALAXYN9W
TYKKTXLH
MPREW3AX
97NX4KLE
RMRKXRNL
49XPHETE
NWEA7EXP
9TKCFE7F
FMCMA4PM
X379AF79
A93RWKA3
KTKNXCA3
X77FANRY
YFRNMR7L
RKHCF7PY
P3KP739R
9HHM7W9E
4AMFMAAW
FK7LKYEK
YA9RWEHT
3ENAKEWX
PXKXT73M
W7KCKMKE
WH74R4NR
PLCWCLWK
7AAK7NE4
PRXWWK34
3HFTX9XY
EKMCCATF
9XTP7W47
K7PPFLEW
PNHATC9N
3PXFKPNX
RX4WFMWP
33P9NLLF
CN97ATPH
44PTHF4A
4L39CK7R
9XTHRMWX
N7FEC3NR
MXRECEM7
FMK9K4AL
FL4ECTMF
3NEFNK3Y
WRPNKF9A
MWRMRWXP
F9MFMAKK
TF3WCX49
P44AHYRF
CHCNXPXM
WWFETWXX
W9L4LWNR
H9RT3RT4
XLF399RM
ML3EHRKN
CHRRPYEP
XAMY3YWK
K3TAFCCT
9EKMTLMN
3TW3RCNW
47HYRRPH
M9NLXMY4
KAFRC4CT
EFHY3MR9
7LMTN99A
KCYN3NMK
4XN3APYR
7H77CCFM
C33AKMPF
ML3EMM9T
EWWK7FAM
RY7H9EY3
EXMA47NN
CLMNNYC3
RX9E3C3K
FWRRTYHT
4AA7RT3N
A3FH4TE9
HRKE3YFN
7CH7NFKH
XFWMWLWF
NC4KE9PX
XN4TM74X
NCKWN4AP
AEMTRCAF
3RCKCYYE
ARC9XECR
CLC3PKAN
FNKM4WHY
MYP3MK9H
4CPCPEA3
ERAYTPLY
MXTK33AN
MKWTNLTK
E7X4EPNC
LRWFER7R
NL4C7K3P
HYWTY7FL
TP9NLCPC
LM4NXWL9
3W9A33YF
KLNF3WTX
Y73FWMNF
R74TPL3R
CXRA3WEP
K744W49K
N3NPTH97
7YYPAXLN
74N4M47P
CENYRHHP
PMW4PK3F
YF9EANP9
W3KW3KFK
ELAALXKY
KEHH3777
W3C4T49L
9LK4YMWP
RFF9RPTE
AENHNCLM
R4XPKNY4
A37X3TNF
HCXARKMR
PRKFCACX
RXYXY7EK
HXAX4MPA
YYL4Y9FA
R4C49PYL
W3XL9WE4
4EX9L7R3
4X9YCYH4
E9K9WWAW
KCPMPEER
WHPNWE7X
RE9PWANA
FYFTCNPW
AME7K4FX
LHCN3RKL
TX7MKLHN
YRXCXANN
XYNRM37M
MN73PK9T
NANALCP3
4CXNEWWC
XTT74CPX
XLNCWR74
A3NMEFAR
3RR3RAX9
YN3TFW9M
L737YFLT
4Y7YKCNL
XCPFFCR7
94APHWRW
97TA743W
773LMCHF
F7M9WPWY
43NN9NCP
WYX3R9WF
AM9R7NLA
TMK3MRAW
TFMAAKFY
K4FMR9HM
NKH9X7L9
PXPNYAK3
4ECLN4TC
RYXCFNNF
M4A7RXAE
RMFHT4MN
YTRC49M7
PW4FMAE7
KTNL4RWK
9XRNCWPL
CT9WWMT9
9E4LLHPM
KYCATTME
KCTXKRLW
FNWH7NXW
7YW9HTPT
LRMW3Y3L
AH3KPHN3
YL7Y9LWR
HKFH9MML
M9KNMMHW
FKP7CLEK
X9PPXFLC
F4W4C73H
Y7YMAHTE
HHKE793C
HXYCTL4F
EHC4LNKT
W4RFYETE
KK9ER777
W9M9CPXN
THAYX9RC
WC44CAH3
KRYWAHXC
HFAMPTEH
RMW7TPT7
W9LNHHCY
KCYYNRL4
7AF7CNX7
EPYMKYCC
CPMMRC9X
TKMWYMMK
FEHYTAAF
T3WNXPFP
Y7AKWCFR
L9LPYKEX
LKN9AT3T
E9C9F9FM
L7NRHKKE
YEMH73TN
TC3H4F3X
3PHYX7CW
AKFA3HLM
XKRRF34K
WW3CH3C4
W3RTWR7R
R37T7F7W
3WXFYCLN
E74NAWM3
LCRRFAPK
MEPNT9EF
7ME49C3H
X9K9RXL7
PN47APHK
KM77NCFH
N9CLH9W7
YLPFECCK
HKNXML3W
N3H77CPM
CYEAMPNC
RH3NRYL3
9TKNKRYP
XTYER3YF
CEAWYYXX
PRWKRTTA
E7RA77TF
N3LHCAFN
7KHR7LXW
NY39NY7A
NHR3HKMM
XWKXWRKK
LNLW93EP
4XH39NYA
ALF4X4CL
PFXLAA73
9TH9N9X7
93AYAK79
3LHPCWNR
KFAXHLRT
A4NXHRL7
EXXNPXEC
NLMYE7AM
4XF3KW4E
WFKE4HRK
MYHK4FRN
CNMLFL49
PLHA7C7R
C79PPK73
4AN9C7KX
7AA7PT3P
X7FM3P3L
7XNKAHFC
FCMLY4PK
AX9TPYAT
CYRCXCHR
XENCKKFE
ETNACR3Y
CWRYRPPX
LCF4X4P3
HLPTYRKP
MTWT4TEF
CRYTNXL3
XPTH3X33
RPC49X9W
ENLC4EYT
FWW4LLTC
KKWL9L7A
M4LHW4CP
PEFMYRTT
7TNPCA73
CYYWTFFF
3X4A973K
H7KR9W9N
M4KNYPCM
PR3WTFMT
MA9TFK94
YA9XPARN
EXWLPW9H
KFXT9XXM
X9FEEHWT
X74EW7LT
LYAN7A33
N4PPRTYA
9LMMHRYH
NLTM97PA
TA4EKC3Y
4LEXXPP4
47FLHN97
AHL4MRMK
9EHNXN7X
TFR7LTHN
WXHLL9X9
N9WLRYFH
R3Y4T4K7
YNTP3MWT
WYCFXACX
RXPWAY7T
PPMWNHKK
R7A4XTFH
CA3Y3WMN
X74KMA9C
EKNPCHTK
4HLAT7LX
METNCAMY
7NLXHYLX
HRENCY4R
Y7T9TRY3
NP9KPYNH
4NPR7F9N
KYHWPLRK
NWEAWL3F
3NLM77H3
MRH7TKLL
CLFK4XPR
RFP77NHL
YNC4TAP3
4MWF9KR3
XCTYWLCK
PNT3FLCP
RC4YFYAK
PHFTXP3L
W93NRH9M
RWXCELNM
M7LKMCW7
HP9MHFXT
XYPMEYMF
WFPRPRCF
CFALAP33
NCPA4A74
KXRPPCEY
NKKRCN7T
T3KMKN3E
YLAYFK3F
MNRPW4EX
KCEF7X9P
WERWNT7X
MPYTFEEF
N337RP7F
YR4RYLTP
HEPCE7PM
EW4WMKHY
YNHCLK44
A3MCHXX7
4WECAFFL
ATN7F37W
X4MKFRFE
WARHWT97
WTRLH4WM
LW7L4PPN
C4ECWL9P
YWELTEK4
93HRCCPA
3KYYXCH9
7AN44RFL
CN7TEYLP
3449ANNC
7WRPFCPP
X3TAXE47
A37M3TWA
ETF9MEWM
T9WYL3P3
XH7CNMYM
M37PLNEF
MX3377AA
NA4MT3RW
MWTRANK7
NPE3R4HF
F4M99MFP
7KXETR3R
WCAKCYYW
79PEALFW
PT7XFENT
H4XNTLRM
K7H3WNLE
4AWYEWHW
9EEYTMX9
P4A9FLM4
3MWLHXM4
PCYKFNH7
3MMRNXW7
ARAHFTYP
M4NXP379
9HHN9WHM
AELPENEP
CMEAPNRA
R4E7TAMH
MKYXMK3A
WYPCF7KL
WFNFHYTK
7YF3MRXR
H9YFWHKL
KMLWTXL3
LPP999CN
PRCRNLLN
Y4C3FM3T
NWMAKMAK
N4E449AM
ELKW4YLF
YMER4LLP
E4LLK9TH
TNMYLNNY
3LKAWFYM
F3PHTFPF
PTY4CERC
ACKW7KEM
XAHC9NRL
4LCERKCY
TLX3C33M
RXYMKRT9
RLKLW9X4
E4NTXNTF
R3XR7KWP
L3KFYHCE
KC9CHYHN
LTCYN4XF
RE7RFAYC
RKHWAHEC
AMRT4YTN
4AHCYNCC
YAMLXL9C
HFTLKXN3
WWHLYXPW
RARH9ARC
RR47NKNK
447NCEXT
ARR9WKC7
494RMCCK
AARKNFXP
PX434X7X
X74EXWM4
A74CWNFA
3T9R3F7E
A4YNFAP9
HCXTRNC3
NHRYRCTM
73KR34MX
HC99HK94
ECEHX3L4
4PLAP473
Y7C7LHHF
A7RNLNPW
7RLWTK74
TNAF9HRN
4AN9NKEN
CX97A9PF
9WC74TTF
MPFPMTCT
MNEYMY34
KMLKEKPT
7CCXLKF4
A3HWL777
R7HTMEE9
FF7F9HCP
WHNE9FEK
YNAHNNMA
T3LHECX7
PA74MR7C
NMW9CN3L
C4YPKMFP
CKTLYX7A
KN9X7P7H
LKN7WTPW
KPRLF9PK
7WNAHTKF
EK4KKMWP
MCFXWTAF
AW3PN7HH
KX3XLCXK
LCP9FE4H
PFHRFWRL
CXPNAEMK
MMXAN47T
9KYT9ERM
9N39M39P
HPK4HWNR
XLLYX4HX
L4KX7PLP
W9H49R3T
N3AKAKAE
YEYXKR33
L3HKCTH9
YWXXAATL
X9X9HALH
T9AT9HFF
LY4C33FC
TH4HYRLN
KCY4EMRH
FWTRATLM
X4NCWRCL
LLXE7RNP
FPYLWCRC
XTYNXLRX
TFTRKXE9
4P3MNMCM
MC77RACR
TMA79LAC
97EWNPCC
P47CRWA9
PRYYXMLT
FL7MPK9R
YEEHPLHC
LWANKCHP
P44TYPNN
4XEYKFMK
4TWMYPE4
WRRTWT7E
EEM3T39M
WXLE9XN4
73R4RWR9
4FEEWK4A
3ALMLKMT
XYKCYTTP
WXKLN73K
PLCYC7T7
9AFH34XK
NYMT7TY4
WEWRWRRH
P7NNMART
FH7F4ARK
PY7YNMHF
WHR77N9P
P9HXHNKA
37RHRFPN
PXCE737K
WP7YAXPM
A9RR9E7Y
ENYLCWWL
XCY3MXCT
CTCLMA9W
KLNEAK3A
ANLR9XTF
EYCEAKM3
MNXLMMXF
FC3HLLFW
LRNKLLAE
CHYPNFRM
T9XLM7F7
L9ACRWHE
FLPHYXNY
THWRCERY
44XTE7YY
NNR3TTXH
H374FH3E
4YLEE4L3
LWHH47PN
M3F44YPC
WMHNX43R
YWFE77RT
HEFKK4MK
FK4XPTEX
TWRXNXWX
TYFHALKK
E4HMNXPR
YAKPC9F3
C4NAMY3N
RN39A9PA
YMKPX3MW
MNELKHXC
WATM7AHP
YX9H7CXC
AL3APRN3
T3TXC7EF
EMCNTYYA
HXCLXEXK
XETP9CTH
LE34N74K
N3FNFX7L
LCTXMWCH
KAA9HL9F
H9FTNX7W
XNNTNWFT
9TKH9XEL
YXKEKRKA
MH3RLAM9
XPX3NEPN
NNELR4XK
XM3FX4F4
ARCAPCPP
YR39RN9E
9KK7CHTL
3RA9L3K9
RYMN9YE9
WAXK7MWC
7MWHPPNX
LFXLXY74
AWENRH4C
PNMWP3PK
TLNKYWPT
RRKHM7X3
ALRPFXNF
YH3RH7R3
RCCPYEF4
X3PRPPXT
7E7WNFRE
TCHMNP4W
EYYNEP9E
M4NC3X39
RAKWFREY
PWCY4H44
CM493PFC
MWECC4MC
7WP37HNF
KEMHLNHF
LNM4LLTT
EWE3RLTF
3Y7HWTPX
4RH3LKEP
RM7PY4K4
R7PXT9CA
NFE94WR4
47T7M99X
XNWP7CWA
9KCRLRKY
LELNKP47
47T7MWWE
KNFWWWFN
ET49WFR3
M7YPFF7C
PTEPEMAR
WNFR9WKM
YYHR4WPR
9H4NR4W9
EWF443HT
7YR4EFPA
KAXTLHPW
7HWE7NC9
AFXTHRWM
YCAAL7PC
F7RFH3R7
HNAFERR4
7FMPAR4A
9RF4PREM
PKFY379P
TK7YNFHN
N7XPT3EP
XMNRTMX9
RPAC9YA7
3FHLHWRA
YLAFRHNN
4KXCEA9W
TK94RHF4
E33YKPA9
FNEEA3KC
P4MRCTKX
AF4X4ANE
7EYKWFHN
HPY744C9
L9TATRPN
AMKAN774
YR4H3WC4
LW474HXL
RA3CTXAL
YCWYX9XL
YY473R4E
LWCMRPXY
LMRFLRWH
3FN7WXWC
HRYH9HFC
TTRTNAPK
LWKTKMYA
NPENFWXC
KP9LCPTP
FTY9474M
MTALX4TA
E4F4FXKL
39YXHFY3
F4EATR37
NKK4M3YH
FWL73W4A
9RWX79X3
44EWTT9W
4ANLRP3T
RCAFPMNA
NFNMAP7Y
MYKYKER7
K749FL9K
YR9FEPAN
7P9PX7TA
CAKLT79E
CKKF9NY7
K74N7RPN
X3NNPRCN
Y4N7LH9N
HC9THTWM
PLFRFHAE
PX39FAMK
WYFTPRTC
WWHHMCPW
3XEM799K
PN74PWAE
LXNYNEPH
7ACYMWT7
EKAFKHMR
RPLELAHH
MK9943PW
EP4X7EPA
3RM93T9X
MC79LFFW
9Y9KM4FR
FT3ACER9
WYPRA3EA
LWTEFFXE
399PKCXA
PEXAHAE3
TEXCXMNA
X9XRAKFP
Y3P9KRA3
WA4HWR4A
CF4KCMET
MEW7LHTE
4RM37TEM
NLCYMNXY
X4FK4NAY
T33EPAHL
H7KEKCPK
YNHY9ECT
9M4TRLAW
RE4K4KP4
LMC4L7RW
CEYRRHMR
WFFTKHRT
ERY4347A
MYNEEH3M
K4CXA3MA
KNRANWM7
MN79MAXM
HNAMRLKP
9TTRXFTW
TWRR4E7H
RRT97AEY
WN9R73TP
NLNNKPCT
3CEPTRAX
9RKRARW7
WA77ATYC
4C7RAY3N
HWANEMRF
YHPEEYWE
9RKRFYHW
FCLEW3TK
XCR9NMYL
Y94HHTCX
CLPMWW4Y
7CEH9XKY
YRPKXFXA
P7YPYHKP
RE7XK4CM
P3X4T3PY
MT9NW749
XLRAHXKM
AHMCMNRC
RCWRHYFP
LENXMTRY
33HL39KR
AAH3X9A4
4YF3FCL7
F9T3CERA
KWA9NWCK
9FF4TA97
ERLETY7A
YPT7PNRF
RW97ATKW
MC7CRCEW
7RLKFKHA
LXNXYH7Y
FCHKHNX9
L9AWMT4X
WWHPRHFY
4PCYNLM9
AY3KY7PT
4FW3HYE4
KRFH7WC9
CFPL74MM
AYCA4C4P
WH9AFCKH
KNXPTLYF
A4A39YTE
NKCMX43M
EF74RCPT
W3KEY4AK
P9HNXTMN
3CPMTC4L
H9HA79EX
F4W4KPRA
NX4LA3NC
KA7KMHFC
9RHNARCY
TNKXLTWE
EPY93RAC
9XKFHF3P
CXPR7ET9
WH4XR33C
39ETX4FC
MLLW97KN
RMHAT4NT
RTFLFHL9
MTRNTPXM
7XPNXRCE
L7R9YNCH
XNXTT93C
XNNL4FP9
NEWA3LWC
XE9KNAPK
9XEPHPLR
4ARXK97C
FTTWYHAC
YMNNCAFA
4FATEFK4
9F3PPA9K
PA34C3W4
KMTK34AY
H9YKHWLR
RHR74NPM
3T4AHN3R
9PPTRXPN
FTLERFRM
PHPPETWA
9R7CETRR
MC4CMWRF
ARNX7WWY
YHHFHHCT
T9EEAXA7
PYMPFFMF
WRRTMA7C
M3EF3LN3
W7KA77NR
YF43EEAN
KM4PFWX7
MEMF37X9
PNR3XKWA
TRA4MPTC
K3N9NN3R
9TMXKTKL
L3FWXLAE
4TTARPMY
WRWAFMNT
K4CARF3L
9PN77Y99
FCEYENL3
RK434FFH
T7EKP97P
43HNYH4L
PTF34AEP
AA3NXEWE
TR77E9FM
H4PEWA9F
NLTH4TAR
NYCNMHLX
RFE3PX79
4PXX4YHF
MPNEWCKH
LF7XNCMX
9KY4EA9M
HT9AMW9C
NEXY3RCN
XRMFWT44
LH7W7NY9
YFPEEKTX
4HWEYTHF
A33RP3YC
MKEXKXXE
K3HFFENL
93H9XT3F
MCTWXM9H
9EA4CNRW
4AMF4PNY
37NMY4K7
9P9NMAAX
NFMCYRTY
FTCME4E4
MTYH34HF
MMHTAEFT
FE7RAYEX
PN93T4ML
W7FM7H77
WXAATALK
HHHTA39M
749EPRFX
PRPNA9M7
MHXFMCXA
YTT3FWYE
AP4APW93
39F3MM9N
EMN7YTC4
7T3FPCEF
4MCC4FMW
9T3HEPKW
3ACEWRM4
XRPK7CTR
K3CW9W7E
EWPEALRH
XW4LAYXE
AETTWPKF
AXTYCAKH
FWNENENR
TRW7TT33
AAHFEXTF
KCPH9YAM
EXF44K9R
7P3M3XK9
FHLP4HTP
W4LW7TYX
PYHKNHLF
9KA4R3CY
X3TP9XCC
EPHEEMEL
W39F7NEP
4C4WKKRE
7KEFTEXF
3C79E7RR
HWLKRT9W
EHAMN3A3
E3K9ATPN
KK3FTF4T
RN3FE7XW
RRY7P3YX
7R9LTNLT
EXFTKNPX
TCCFPETN
LW97RWCF
WHPPMCXK
RRNLKXCE
CP9WE3YY
YE9MX44H
9ALH9XKE
RP9KWY7F
YMAHNPHA
FYL3FTCL
KHFMXENM
K7RNYHWC
NFPHF4RN
KNEHYMX3
FTPC3X9R
EPWLFFK4
C97KM47W
XCCWAAKA
TY4YXC3H
FLRLNE4P
7WXE44KA
XKNECWMR
PTHCLET9
CELHXFMP
HFFPYHAX
WMYX7EPM
97NWPFXH
Y9TK7RAC
C9K9XRYW
KCAXL9YH
3HR3YYAX
MFLPLEEK
9KAFRNAX
MMM7CYPP
KF3RRYC9
M99PN39P
HHNEFNKF
CYYLX9RN
EWAA99XH
XMXRKHWR
LNH9HHER
3M3AWNMH
F3ACN4KX
HL9W9MLY
LX3APY7P
TRXNYYKH
4R77LRAW
XCH4KLK3
9CEM79T4
9AK3KTWY
KCLCPCT9
ECEYNEAW
WYXFWHNF
9PPY9PT7
ECL4YRCK
7REMKHRR
4EYLF9EL
P9YX9XMA
C3NEFR7T
P94HCX3C
3YAL9NAM
FRYX3XNE
L4KYWP79
KPKT7KPY
RLATMY4T
RXELN7YL
ER77X3NH
WKNW9RFN
YTMPFC4C
RYEE4YNM
R74PM779
FLY79MH3
M7Y9AE7L
79NKNKFL
XTAN3HKL
ERPKN9H4
CENWLNNN
AT7HFNP4
E37T4XFN
W7N4TN4Y
TTFKKWRL
YN3LEW73
7NKM47AE
KNCWNHMC
AHP4TW4X
THMMHNFN
4YRRFRKH
RYPEMAFY
PTEYT7HR
XTRXYH74
HC4PR3LF
LPC3X733
P9KWLWP3
9KYWEL4T
PLAXWWYK
RN73KKEX
HAMMHLWP
E7R777ME
AFLYFRAX
XR74XRMY
HCR3L7NY
KRAALT4M
3MHTPFTK
H3LYTCF9
YKXXFL9Y
P4KKMFXH
RTTRMFWL
MFFY337M
MR7C9C9C
EX4FMRNP
3FMXMWN4
TPXH9C94
LHNM4CXW
YKF4TPN4
E7KHFLFP
7PN9TYWY
YYYKT74E
RFN9MALY
NMNKMWMX
A4FFM4XW
H7KMKELR
3CPEPXNM
K3HMMWX3
L7RTHAEC
TCTYLRR7
LA4X3LLT
W7PKYPMH
RA4WKYRH
9PC77FYX
LL3XPKLN
WLKRKEW3
TEH3MFNF
E97999P3
WCF93NP4
LTT4RRX3
TEHKFAR7
7RWX9C77
9H7TXK7L
HPE4CE7C
CMTN3EEM
3KMAH7XY
P4F7EYCK
743M9LEF
EHAN3AEX
FCE93L7W
YKHFFAM4
RWE947PH
NALXFP99
CFNX9WTT
EXNWEELL
CMY7F3MN
KMCTFYXF
FYXKX3AP
KTLF4L7H
E97R3L73
K4WHET4M
4FH3MF79
RYKPFTXL
NATWLXHN
ATEKEAYL
R3LEHRLP
4X7RFKNM
RN9RKMAW
4E3NMYF7
39XKCFEK
CX4FKPYR
TNEKR3PF
39NYFTMM
3WA7TLAT
YMTKFX74
YHCM7CNP
KHFHALNF
PTK47RYW
MN44WRWH
PRW3RNPE
HLPNHT4R
NLKXNKC4
7RHXRXWP
3EXHMRXL
E4HAEFP7
E3C93K3T
EKFHYLFM
WPFCHRNA
CHC4F7EP
HXRRY494
NEWTTKA3
3XYYC37W
KHWNXMEL
Y4CK9NCN
F9YHCMTP
KLAY94LH
9PCEK3E7
ETH7L4HM
NR3NKTLC
KHTAETWF
7KKHEFAW
7KN7YE9N
N94N7CFK
PRCREXF9
4C373XTH
MNNX4TXX
FN4WCCAY
CLA97WRY
C4K4TK77
PN9AXLEE
PHPX39NA
E4TYLRWA
YHLXML3C
MEKLC9R9
HYAHRYC4
3ELEYT3H
RKKHNECF
H3KCPLFC
NW7ANXAT
E3KXPWCX
TTLEPFXN
HHRXARM9
EALP9NTP
WNEH9K7W
4ECMCA9N
HKHWR3L4
4WMCXHYT
RMFTH3R7
PPNHETPY
FTA4X4AA
7CC4KKKM
CHCTCH4T
RMRA7AC4
LWLCMP7P
A3R4EEMP
X94F377W
4TKRLM4T
ERERMHWE
4MCTP4CR
494FFHNH
E7RWW74H
7CXC77A9
XLR4HFMK
E9N3N7HL
WCMCK4L3
P3347L4W
ENKTFR7A
NLHFAFLT
CR39WWAM
4XAKCP9Y
CHELEWCH
KC3EN99H
3FAP9PE7
W3EMXXKW
RWMMPK7C
EPAEK3PM
9AKME3N7
ALF7RT4W
N7MX7AWM
MCF9NT9F
XWRF9N7T
434TW7HF
3FPFKEFC
YCYN4WCT
AFWMTPRX
YH9C4MEP
MW33PRMF
A3XKAWNP
3FFAAP4T
T3THL9AP
99LAPCYX
TP9CY9NX
RK4PK43W
E4WLL7YM
HL7ALFYF
4WTYKWAC
FTELRPPX
PAEPEHT7
RAETPPAA
3W339CCW
L7NAWH4X
X3H9KAFF
XFPPRA47
7E4RK77N
YCH9CLLT
P73CH3XA
PRX4T9PR
P39CN97T
MTLNWM3Y
HY74H47Y
EK3HANPC
HH4M7AE3
KL3NWWNT
XTWPFW4H
FNPLK4RT
NAXCLEYR
EC4XFLNN
9KAEMAMM
TYT793FK
E37P3LE7
NRF37CN9
KW3W7E4M
YWHRX9LW
HL7MRM3H
AHHEA9C9
KRRTLLK4
KWN4MC7F
CWPXMKCK
TX7A9ANR
ENRA79CE
AW4AM3L3
93HNCMRK
WM9HMAMK
EH7C3NF9
HML7ETFE
TNNMMCHN
NH37MMNC
NYNM3HPC
4W3939WP
KHHM3ELX
KHKCPCR3
KF4AFX3M
MW4M4FEE
HAX4F9MR
TXWF3TFE
LPHNAECY
4XY7FM7P
C7R939KW
YYMEFKTH
NXRNKP4H
L9K4LXNH
YXT3KHR9
T9XRWE7P
CNW9XEK7
97CYLWRR
C9P7P3NL
WNP4YMLX
KA3X4ETM
MR7TTYT3
FNR9LCKW
E9EEKF73
C7C44WW3
4APC4MEA
93T9YM7R
THFEYCM9
3KX9FTEE
4HAFKKPP
RMA7PFYT
NEAA7NT7
AKKY7LEE
KKNFF3RL
C4W7YR74
MXKYAHXF
T4FLMHEW
9N4CMXAA
PXEAREP9
HH7WFR99
WPFRXR94
NFPHELWT
YYPHEEXP
94NRXTLC
PAYCXCWN
9E9EHYP7
HM3794AP
947KYMNA
MNHHKWXX
4AAXLALT
EXF97WNL
4WMYCMKH
FEWEWW7F
XYEPXLC7
7R4EAARX
MFEKE9WR
R4TEAYH3
CH7PXFRF
9WMKCMWW
43REXLRH
PK3EWXC7
M9A7CRTY
4KFEMNAN
EXWHLHMF
MPHXF799
A4X7XL7K
KNKKCRK9
X9CR4KHF
P39AH77K
CAPHTF4M
NTX9YPKX
TXHTCPM9
WWMK4HEL
EHN4NNF9
KXPR3X43
MHWFC94K
3MMP7HM4
PCLEYCK7
HR793NFC
9993KYFR
ETFHPKAH
FPHKY9MH
XR4LMYER
3MEHAHRM
W4TCE3TX
RKLR4PEE
KLH43X7P
HLY9RXNM
MCX4NTNK
FMN7AATP
39AKALK9
R3PMCRHT
7K3F7K7Y
WYWLFNYM
AHKFAT9E
WMT9T73Y
3KK3WELM
WNEFPK9M
ACXRKL49
7WKKLKXE
PX7AKHY7
XWYXMH3M
FNLLLACY
PWN9LA94
HXNMMXNA
X47KHYFC
ECKLR4LW
RFKPHEXH
MHWLYC4P
PAFKP9Y7
3MK7KH4M
CN9HW7PE
H4XLTWAA
4AT7XTXM
PRPPLPEW
HH4ERT9M
XHYFKMCK
XCECLMA4
RLPEA3EH
RXPWNFM7
3PM4EMT3
3W9PNE9Y
WTPXXP4A
AAELKHAW
MLCRAFYC
X7PP3ACL
F4LAP7PL
PLLL97RN
37LR7ANE
PA4AFWNK
XM9K7XFF
T4LLK77P
YWK3ERXW
PRYCAMRH
M9MAE3NP
C4TEHTA3
NMMWFWXX
HW7YAX9H
XKKKKNCM
3TNXKLTW
9NHXFET9
ECLC4CMN
KP99T39T
E9WNWPKY
MNCFXNWP
YR3TEMLE
M7KHXPL3
CYNWCF9T
NEYR7RH3
4AAT33NH
EAYYCKY3
YCYCWTTH
WY3PWC3T
7ELKK4RA
NWYMTNPT
WFN33L3X
TEAW7ECT
34AHT9FK
WE3AHLWK
NKHWMHCL
3PH3KK73
YENK7YF4
YE44TCH4
93LWHNTF
LEHHMYPW
NPPMTW3M
7KYWH3R3
9X3TAM37
LRWY7AT3
EKYEP4KE
97HX4WP7
FCRMNNH9
3PEX3MFE
KHMFWL7H
TAP49KX9
MMACYRHT
PLTCMC4H
YX79F4A9
4YFPT9YX
RMT9NR9R
PLYRKM3T
XPYWA4K3
RFTN4NR3
LAKY3RKW
HHYEYX3W
R44WYAW9
T44C4AWE
LE9WHKL7
FMTPK3LT
NT3E9KTT
FNFRYPPF
NE4EP9CR
YMXMLLKY
3NPX3E7A
WA7FKKKY
KXRYT43R
TTNEW7HL
APNWX4L9
YHEK7CHX
KL3LW37P
7FKCTAL4
RR7XETRP
RLNK9MLH
AFNLHEHR
R3XXAXWM
EM4LFA9H
P79HKXPT
YYXHKAPA
TR37NFRY
FTXPA9X9
R773YY9T
LFEYPAWH
F44E3RMT
F74YH9LY
X3CC3LKX
WH9X7MFN
3ECNTRHW
K47HMEKP
PM33Y49Y
4HLMWXAE
L3KCFL73
T44LK9AH
TFTWECXN
PMXANAAT
REHRW7PL
F9MM4A4H
AMTR9ETM
PLHL9WWN
LECXLNAL
XM9HWA7W
3EL3PKHC
EFKLHPWH
X7NXT47T
EFLYKH9A
XKYMW7L3
9NXRAPK7
ARRHEPHN
C7MN3YKL
FPNR9CRW
N9HT47NW
9TXYY9H9
AMWPAY47
TCKKTA7C
PTYFK3X4
YELYY3WT
XYPT9K4E
RM7W39FT
A47HPRHT
THNA3F4X
TMWLEAXX
ETF33MPE
PRPP47CA
4XC74AKY
WXHP7TLC
C7LFLLN9
KXHNY3WR
EPTPXYHR
997MEENP
W3YYT9CL
KKXNY7EY
9RKTNXHF
FFPRKM9H
NEH4N7A7
EFRMLYEN
99EHHERY
MHCPFWMX
7EMKWM4W
LP3ARMYF
MTCRWA4N
4CYEAPEA
FKYY4KLY
YECT7ARP
EHAN3E9P
CTFR4FXT
RXX4HP49
HY9RKEAT
M9949EYX
PLMHXRHL
XR3YTMNX
YRLPC3EM
KXKN93W3
F3HL4AA9
RNHWEX9Y
93YT3AMX
3EPF7KKH
TKXEYPYC
ALYY4ALN
AAAALM7Y
RPL7LE9A
YLX9YNCC
F4RHNMAM
LYHN3FR9
3E4L7X4P
P4A7MA73
FNHRK9KW
CLHX44L7
7XCPLKYM
LLWNM74M
43L9LYX3
KHXENEXX
FCC7RMMA
NCYX9MT3
3CKAR37N
PWKTMXRM
FNNFWPAM
WX4MPEF7
KCH9MANP
Y7NYEHXH
K4A94L7A
CXANYPA3
RHNMRL3E
XATR9KRE
W3HXHHPT
LPLFMXN7
WWHMNFLR
CYKFNMNT
W9CEPXXK
EYHYA9T3
Y9XKC9X4
A43XC74L
XPCA3PRX
WRA4EPMP
3YFLMFCF
X9ATENRW
FPMMN7XK
C3FRTWFM
NWHM4KT7
FR7AYRLF
N7NYEX7A
ECH9R49M
KE9K3LNH
PK9CCXHL
PA4RRPRH
P7LAXLCN
HECKF7EK
TKLRW3A4
F73PH9R4
4FTNCAKF
9LCR7K7F
RTCWWXHR
3KXY44AL
3XRNXLH3
MPYRWP3M
YMRAKNHC
3CRXY7PE
K43CWY3C
4FT4H3ER
EP94WF9H
TPXR7499
7CW3L74L
M9XTCAC4
YFTACWRC
9RAET3RR
YCFCMEFH
4RYAKF3C
Y7AN4TNC
RTPY47ET
E97YKPH3
9YLXHFKH
CH9YR7CH
WNMRCXTP
CXL3ARWK
TEEHWRAH
MTPAR7MF
9K7M3FC4
7HRY44C4
PLFA9WEK
LTHY47EL
LM3KMWAC
YKMYPTYW
NE7TM3KN
FP4CY9RW
TRCE4N3P
RYWE9RMP
4C974CTC
RT7KTCKX
9FF73F3L
FW9W9PRM
ARAHPXYT
HR9EA3YK
7RYFP7TF
4NMFTW7K
79PMMK4Y
MLTW4XRW
XWPE3WEW
M3KCTXW3
4FKXYLPP
WXEKLL74
KKCY3CRF
44P4TCLK
TTTMEHAN
7KXAHAAC
HLAXY7XC
7XYMN3N7
4N3T4CPF
7MFMXKAW
3NN477EX
PPTYPMHR
AWLX9FNA
HFX3RCAX
XHANCCHL
RYNRMMFH
HENHRPX7
TTFELLAP
LFKMHPAM
LPNXFAPE
EFTKT3RK
XXHH4EFP
H977HC7E
FRFHL4M9
MEHR7FEM
X3AX4P9C
R7NAHMFM
KAA44CX3
MCCYMETC
WMAYLWFL
K7APP4KM
R3ECXFFK
HT33MLPW
Y49LKE4L
KFCRKN4E
M33XEPKX
CMRKF99F
RL4LELN4
ARMH74R3
CMNXARRK
HPPN77L3
THPTMX3W
TA44WF37
LXRR49XY
RYCET7FT
LX43A4XY
EAPAAR4P
NA3FTCPT
APKXCYEM
W7KPALPY
LHMLPPAR
RNAX4AEL
4M7NEY4C
LY4YT49M
LP779LT9
3FXRMFAE
R3NFYCX3
YL44T97M
XYR7LRPL
NMY93AKC
MR9LKE39
FEHY3NKP
ECCY4CHP
WWE4R44P
4FMKP39E
PPTNEFFX
MC9RHAR4
KMHEFYHN
CX79NKYN
E9LC4YLC
THFHCATL
NHAE44XY
CA9A4FTP
NE4WPNWE
YCYYC3WW
9H4HXHMH
FR9YREHK
7RMTEKRE
KY4EEAYH
N3F3WEXL
NAR3MM7K
4FFHXAN7
4LL9CYME
3L37XRPY
PW3PY3MW
4MCY93MH
APAFR9PF
ANNRREHF
E4RLTC7H
XT43R47H
M4CH7YAW
RRAXYPFW
TNKTHCCN
W4M3LP47
R7FEWNEY
PL9YHPXY
YFXTFF4Y
MTCP7HXL
R4YKEYP9
EKHHYE4X
TRNTEN3X
PMLLCK4X
3AF7XKPR
FYKETXWW
XYNXMFTX
ETLCTNLY
HRYTRFCF
P4YAPHHA
9XAHTHNM
PYMNMM9W
Y74HRP7M
MH34K9TN
P9PCRKMR
TFHN9EXF
E9KYX3MX
WP9C4LLR
H4HR9FLY
HEXXMNAL
KKTEHK7Y
P4MPAEXH
9Y7C4FFL
PPAF7CFM
9H4X3PKK
T444WETY
YRXKF3H9
YMKT79XP
ENXWCY7X
WPLPMYMX
7Y4ELCYA
4E479HPC
MR9L9PHT
L744LPFA
PATCKEEP
T7W4TLAH
N7E9X4AR
NRL3FEXP
TL7RLXHX
XERANCCT
YTXA43RE
3TPYK43N
3FY7YXMR
9KFPHHA9
RFYC9YNM
TCNE9ECE
XTNAKTR4
9KXEFPN4
XPEPTF9W
WTENA37E
AY4MWN9N
CNNHYFKL
XPH3PP47
CC9TNNHC
A7XYMPFX
9T3T4C4Y
KRXP97AM
XR93TW3P
7XLMC7Y7
PCKXTERC
PXPANACM
XMLYN3E4
KRHHW9YN
KNLXTHFW
HNC73T4A
NY7LAPYC
7CE34CFC
R4ANTPHR
HX4CL3XA
NREFK3KP
A3F9RMFT
ATX7L33W
AE9EP9NY
XHY3TWRH
KXWNLTAH
PTLRYHKC
LAWE9PXM
R7XLPAPY
ER7XNMPW
KTRMHTNX
Y4NPHC3Y
YCY9FEWP
7RYXAH4L
YHAEFCL9
Y7XHXYYN
NP3A4WNP
9XMTRCEP
KAF4MXNR
LWLRX3KF
FF9T9E3M
HLRTA3LW
W7WYPAW3
7YENH7LL
9774TP3M
FH3FK7YW
37RWXALM
4RRT7YTR
ME39NHAT
M3NEY74E
R97PMPXN
RLK3RTWL
C74MWCLT
HM4EXW9N
FYLXNFN7
MKPXWA94
MW9KYHRP
99TRN9R7
TYWAFEWC
WKP3HTCC
7RK7TN9W
NLHLPY7C
FKL7KM9L
7CLLHYRK
F33EFLL9
ML7R7AWE
97PKL34H
9A7F7KNC
FRTKH9MT
MWE4343W
M9F3KRNX
A3K4Y9RC
Y4CTCPFE
Y9WC9NTC
9FFFX4XA
HLM4P4EC
YENRE3AE
YCECW7LP
LTCC3TAX
CKARETLN
CWL347LW
K3HMNRNT
AP9C4H7E
7HAPMW4H
9NKNKR7E
TRHXK34R
HC77NWRW
M74KNPPE
TWPYWHHK
KMNYLMMH
YW4TKYMH
7AREMCER
4CAEF44W
3AXTHHTL
FN7RCYLF
TK3R7RAK
WHTR9L33
HAHNNFTH
7ML3XNEX
E3PNKH7M
3LLH9WR3
YLMXPCEW
KK7NX44P
HMK4T4ML
AKL44X3E
7KFMCEM4
MFFYT4CX
FCP93P3F
WW4XPTHW
NE4CWKLA
LKAFNMPC
CKY3WYE4
YXKTWMEW
7RPH3RHP
F4MF9EHP
A3PXTE3T
W7YFAFYW
3HF34ALK
NFT49TPA
3YL4PX39
FNLPF9TN
4HWX4W49
NMCHNARC
XMFFEKLL
R9KNNK3T
KMKWRFHA
LLWRWFPX
PWNKMYAX
HYAAPCE9
7P7NKMYY
W43TH7F9
KTMAMEN9
Y4LP7MRC
39FALMTM
9WN39NPE
3TKPWYEH
7HMFPRRY
3W3AMY9A
APKXCEHA
9KW9PTN4
4ME9FPEY
NP9TTXYK
XLX3MLEN
X7YMR4NE
W37FHTLP
94XNFKA4
KC4WM3AL
FTHT9AKX
KNTHWW4R
3WNKLYWC
RY4XRLY3
XL994MHN
WK3MY7AM
LAHFAEE9
LWX3NL4F
WY374NFA
WK99RH3P
YFTLFTRP
RMN3F4EE
9LHW3X74
HPHRYPK9
HCPPC49K
4KWC9TYC
7MHWNHHP
A49XWLL7
WA7NE9EF
9NA9YALC
A33CRRRP
YW979TPY
7MR4HMWR
4AM7Y7WP
R7WP7WXR
A4T39CYH
LWF9KTKN
RHEMT4FN
FKFYCN9X
AXMLCKL7
7AXNEAXA
P3F4EXFR
AN7HATF7
EP7T9H4P
XE334KEK
EWNYHWTC
CFFRKNF9
ETA3AWHN
TAAPLYMK
CH44EAKA
9ET33AC7
NKFMPCKR
PA3F3KMN
77ECYK99
4CLWEAK3
PCCYF9L9
FPCCYE37
A79NRPLM
R74PW4AF
LFH79A33
NNYLRKN4
YK3WETKT
LWWY39LR
CNLXA9R4
RTX4FRWT
K4TCWAPE
9RH4AKXW
WE9RARMH
NRX44NH3
T93PXEHY
PCFXMP9M
M37MXCXE
CW4AMC3R
PWLMT343
MAYN4KKN
7TCNPFRN
W3HWYPHL
K7H374FT
ELRWRA9R
E9PPERPN
YPF3CFLK
3X77W9WF
4M3WR74W
3KLL9KW9
TMEF7KKM
MYA9ELPX
T9W4R3AP
TRKXF9XP
FMWCWFAY
C9XLP9NH
LPCHHMYK
ACTPXXAE
HT79MT4H
CNTNWX7A
CRRRXTHE
LWYL9H3T
TPLFLR9L
WWWMCMFN
TMTNMHN9
WHPF94LH
LKH3FMYL
7PFFPK9R
T7RKHP39
PAWR4WWW
TW7CLEWY
CPLRMKEF
WYXFEAMY
7FNTCCMM
MR9LMY3N
RLKHEFR7
WRREHK7K
FWTCRA3N
MN439KKK
MP97WE7C
HRK7TT4R
TXKX93A7
RERK7RPH
KYRT4RNK
PPTT3N7Y
TECF9PRL
CLFXEPF4
LTW4E9CH
CYYNMYMN
9LCMYE7T
YEXNR9E3
R9HHRPTF
W4WT4LHX
9NHYK4MK
N9ECHYAM
3M7X3WLY
YFH4WK4A
9WKPFKAN
HHF3R4C4
WFAFCLL4
KXFP9PY3
497YHARP
T9WTFPWA
F9XTTTFA
W4K9TNHT
3WLKX37N
9F3TEXW3
CFFP37HL
PEPNERMR
YFRNFR7W
H7A9N7EP
MRR7H9MF
NLLAFMPR
XNPPLRLC
LACLXFYY
PMACMK4F
7KCTFXFA
TFCHE4W3
AKEM9W3X
TMHKNX9Y
4YLNCM74
W3XH9YNY
HWPTECCT
4P7YAKTL
3X7HN7T4
LCEHKFE7
PLERLM49
RL4C9L44
Y4WCHXYN
PHKWX9ME
NXPXPNAE
4FP4XTCW
T9MKE9A7
YAXXHLR7
L937FACR
ERTPFXK7
KWLK7E4A
WLTET7P9
ANYLY94R
NWER4444
WP9XWWC9
YNYCTRNX
CWH7LEW7
CW7X7KLX
NML4WA3H
YY3EH4MT
RAMHXCFY
LPXKWPKM
Y7PL4AEC
MANWRYA4
YXHWL3KW
KKNKT7CR
FER4YFPH
7ATFW477
7FNWAXLF
P3HETW9E
LWPAMRWW
3EN4Y9F3
P4TAXY4T
MXXRYLCA
RR9KPA7T
PAMEYANC
P4FAN4EA
4XYCT3KN
FFXMYKFT
FRM7ANCL
4WNRMWLN
RXR7YWMP
9CTREXEW
PNE7NLR9
NTYNTXNT
94KACF9A
H77FHNRT
YWYAPEYX
9KPRHM9X
N7LAENR7
RWAFXXNM
Y974YL7C
CHKKX3M4
AWMEN7EE
R4CWLM99
L7MMCART
EWHRC3KT
9W4CRY9Y
L4MLAN3M
RWTLRPEF
4RTAWT4C
HMK7W3WW
RRXXE4CR
ALE9TMAT
FMRRNXPR
9XWFX39W
LAKYPRLM
LNYPTR3F
PCTW7HX7
7E79ELFT
HXF4A7RL
9PEA99PL
H4T4HPF7
477REFEK
WRTKAF9F
4E74WM99
CXA4EMM3
Y4NC3YNM
YYP4KTX7
R7RKCHLA
P9X7HMWE
W7P3A3EA
4A3RE33C
EMLATX99
P3YCEWCC
LELCMMRW
LWPWMLAT
3CLHE9YY
ACKTM3PC
HK9X9TAX
R79AHE4W
9R4XR9FH
NW7EKCNW
YLYKLTTL
LR4MR49C
YHWMCFT9
AACE74CX
3YKLPKLF
3WTAACYW
RY7R7KFP
AXAFP9LF
XKLLN4T3
3TYREK3X
YFL3XNA9
4KHCRLFN
3FEE7FXF
NFENF7WW
LLPPXWWN
4PACYRW3
RWHRHYY9
YHRCWXHY
L3FKRYNX
CXKRC9WM
MYMEFWFY
4E4K79CA
WRWHRPCN
FE9HLCE4
EXREMRTE
ATNPEHNM
KMLHW3RX
3RMAAECM
9FHNPCEH
TYPRW9KC
ALKTMFK4
CNFL9T44
CT3PYM9W
M9NA43C3
RRPWL4LP
HKHHNWNH
44ELMPK3
C3CHNNXY
NK3RX7AF
NKP4ETNY
K3MTNRKN
NXCXNY4E
WWE7KNNT
7A4APYPL
7F7LMKLA
HWPEXPKE
LFW947L9
YW7E94K7
PRPPHTWA
HKFLMXYL
NFNKWALM
H4P7WFWM
9P3LT3WL
CAH33PWT
MHYMK3YW
CYK7RFTL
A4PC3X34
TCX9LRHL
KLPCTXNL
FE7XXXYE
3XNXF3AW
NNLMHTMN
N4EE47K4
C3CM99T4
ECXCEWYF
W3KMTTF7
LMAHXHCX
L9CWAPAF
R4YL39CH
P9C7NXRR
NL77YAXA
NKXXHAAH
MAW3TTMY
AHX4YK9W
A4AMYP9A
XYEPRX9R
KF9NMCLK
F4WWR9N4
9EPX7HLX
NR7PRMCW
R34R3TLW
NATP9939
7NRW444N
FMYNYRA3
HR3NXLFL
A4EHTWPN
LYW4PC7P
9HRAMWCP
L93XRTEE
99LY9LXC
3CM7CF4F
3T7F7AWE
7F43MMMA
WPPM77F4
YNCMAKF3
WCPT3AFK
7HYL7H3C
C99CWRK4
7NE7LKCH
EEHXAN97
ANHF4AHR
FN7YHW4W
PXN7MCFK
9F73KMA9
XHLE9LEL
XMWWE79N
9FY7PK7C
4WPMNN4E
CTA93AF3
CAXHEHL7
AFR37LML
F4HXTXAK
Y7CA7R4R
WFEPAWX9
MNEYFM33
9WMN7EHY
A9TFXPWK
R7H37LTK
HPX4H9CC
APT37YYN
9ENM94AM
7KTCNATA
L7KXHEH9
H9XKR4W4
M43THXKN
3Y9TNWCC
WRM9P9MR
F3TF3LPK
WERMWPAK
PX347XH9
LCLFMRPM
NWFECP3T
MA9LKYCP
LEXL49K9
MLT9RMAE
3RMXAMF9
ANNEYHMR
K44AK77R
KT3L4LNC
PAAWEPTR
F9CTFL9F
PHAKKELL
3R7K4WF7
X7PXAT4F
PCXCYAA4
HXMA4FTW
MXRM7HLM
YHFCNKYN
YHEAWCNP
4CPWT4RF
MKP73PNR
L4YYYPLH
9CAPAPM9
AC97HAC9
CEE7YAKL
3E3RAFRH
WNFRT4XC
EMCKRTWM
YKANYFFR
F4HWKWC3
LAWHKXPK
E9ERXPKY
WHPNF9MC
ERFNXALW
PYWTTLNM
ALC7L3K7
CNCPEYH4
W74XRCWK
XLW4TRFK
3KCLXFXC
4RAEAXXA
H39T3YRL
3CL9LN3A
9KELTE9F
T4PFAKRP
KAKKYTME
3C9W7CWW
FMME9WM3
FM93LLHA
NFAWNKTK
HTXC977W
P3YCFMWC
3TPNLF3R
CLY9A4EP
FR7TXMPF
3MHKKFTL
YK7APFLE
LTW3YXW9
LTWYRTWC
4R39EWYT
MKAPR7M9
PYHFKX39
MKRCXXAL
AMNRXK7F
TKATTHCA
LMFR9LF7
TE4YM7AN
PE3XFLT9
E9EAYLN9
R73L4K7H
ALC4XPMP
W44WYLEK
3PATF4FT
HLEC4RTW
FNFC9CF7
HTK9MNRX
AR4A3XKY
R9XNEAC7
FFAM37PL
PYX7LYLW
APNW3W4A
LFY7LMYM
XRE3CF7L
7HT4RLN4
HTFFTT3A
4FY444EL
M3KKTT37
HLCTXWCR
L4EFXLAR
9NPCNCCA
93AKH9RR
W7M7RFR4
3XNN3FXE
AAWHX3NX
7E4MMYMX
AXMXKPC4
LYLL37RX
WRPNAKNH
4MTKY3R4
MFPA44PY
HF9MMFAH
RKWCP74W
LTRFMMRC
XW4WNRXF
PEFAXMTN
HPKXCPAH
7KE4H4X3
4NNCN9X4
KPYAXM3M
XKXYNT4N
EHT49NPE
XT97T9PW
XHKTARY9
F9PERLHY
NFHK4HLX
RCMRKYNX
RTXPX9YX
KPYPARAK
44YFLN3L
AK3T43WP
774L9CM4
KNX4CKME
47KRKPYA
A4N3PPCK
ENTYA44Y
W3EAWYCT
EPLYWTL3
YETWYCR3
EPEXW3E7
XLXCFX34
MRWKC37K
AM9L3CCM
4T9NR4RW
TFAE7FEN
ERXHHA9P
PP34MTKT
YX9CFFFH
YFER3KWX
3X944L44
R4WXFAEE
XN97KE93
XCLXMK9K
HFRC9ERH
4MEL3MMX
YEKWNW3L
RFYXEATP
MNKC9PHA
LTNLA3CN
RM7FAPNP
LEY3TXHC
49TRL4NE
C79HTX7T
T4WT33LN
YC44TWNP
PFM9F3T9
3WHCFYFK
PTYM3AYW
RNHLRRH3
7PHPEMXF
4XHKAFFH
XKRRCAAX
9XPN4AP9
NL4HK7YX
3WAT7WLR
NRKR7XN7
CRX9XEH3
RMPN7Y3W
4RXRFTTN
CRPPWRN7
HYY4W447
XNKX4ENL
W9AMR4HW
K3X3T4HE
X3LHHCWA
Y49M9FNE
XEHFTRAE
9EXNXFM7
APR77CK7
AXAYEA74
C4LP9P9X
YWA4F4HK
LKH7H9NX
K7YPAKPN
NCTEKFEM
KCEA7YPE
HRMEERWM
4KFLNWL3
XRLTEXEA
TM44CRHM
PLCNKH33
9PX7TWMC
ENYCPFAW
47TAHRYF
TF4PNLEP
79T7493L
PPTY9Y7X
H4XFPAW7
KM73XLWL
XAP7PY9A
MXKAR4EX
LHYKHWFR
YK7KWXEA
FTHTWPAF
LCW97KY4
AC9A4PNE
LXA7XK9N
9A4LAKTK
W4NRAYRP
HY3A7FHR
HTK4LW4H
AYAC3H7L
RPMAA7N7
CLN9KPYF
CXHME3CC
KWCP3RHT
EAAAFNKX
4YPNTNNF
CTNW9A3X
9WFHWRKH
E3LKFC3Y
LANEWKAN
W9NRPRWK
YN7PTT7R
F9M7HEF3
Y4FTLLXF
LACHEPN4
RKNWWLWT
MM3TAW3H
KWX97EC9
9HMRFMYA
TCF4MNHW
YKNEEAF9
AXCPFF4P
LCXAFTMX
WKXCE9AR
ANC3NC9E
ALNC3AFF
3MNCX73Y
PRPEAR7K
W3AENKTC
3CXXFCHH
RFMCYMKW
3K43EM49
AXAHTFTW
3ELNKHKL
HEYWL9Y4
7PLL4XRX
WKN7MXAH
9WAY3XEE
XE99LHXX
XK9HC4MX
7LKN4T9Y
R3WHYETY
E73PYMPP
LTFXPNEA
9WEH73WE
NNWKMXYE
CA4YR9WR
744RCMYF
AME9KRX3
9TLTR7EW
E4WN4YNH
EA73M3YH
XL4LW4RC
NM93LTEC
9KLRNFHC
HNPF34A7
RXWAHHEP
PL9CPYX9
KWH47FEW
LHTTXNYX
PWAPN7PN
9CA7YYFH
AK4XYNML
YKLNTKA7
N7RC7743
A9E94MKA
K434T7KE
NPXYXTLR
NWE43HP3
PNLM7T4E
49AHYKH3
LNKL9PAK
3C33PH4F
XX7Y9M33
NXPHHHAW
ACLKCRAP
EAKTFNK7
4WACRXRL
9MFARKAM
NYXNP7WP
7KLAWMT4
7EH4TNKL
7Y4LCNA9
RHXWEWC4
CLTNXYKC
4MX7W4EC
XA944PFW
CAK9YNMT
HXLLMKFR
MYALTT7H
XLNMYNMH
KTMWWKAK
XCTWT9E4
TYPNPEAP
NYNTNA3M
HKH7ARWY
K973M437
37FYPEC9
ALHYYCT7
NKCEPFRX
KH4RLXWY
TPH73TT7
RN3XLKTE
HH79FKAX
KKPM3MLL
PR7NXTEP
FRL3HENA
HL3EK7P9
F9AANKXW
FY7MYF9X
HAC3LWRK
RH93E33C
9MTT3FFE
N37TPWEF
HLTKKLAC
F7T47LLX
XLTMLYYC
7FKCN4TR
CXM3WWNA
4HNEPKWX
FH4WY3FE
E7RT7FR7
7MPX3ANY
PAA7ALMM
XW3EYPN7
TMC7YLKY
PMKECKYK
NTCX3AWY
P3RNL37E
PXF3WWYR
WA7X7M9A
EL4TYRFF
YKYMCPFT
LLFA7MPC
LRXXMKKX
7YTLHRW3
CYFY3YXR
H4WL3TWP
R7HX3RAY
3HE7PMA3
ERAXNKPY
H7R74MEF
LLM9WE9N
LCYWEKLL
YEW4MWFK
LHAXNT9R
TMAL7P3W
LK9RRM93
LA3CR4F9
HRHCPHTR
MRMN7T4T
RM3YEXH7
LTYTTNTN
EKYREXPC
H3MAAAYT
WF94K7PK
EYN7TMFF
MAR9ETXW
3HMP4R44
FAKPM4EN
CNCE3X7H
YPWLHCRN
39NKF7TW
TCTH3TA9
WME7XCT7
WLFXNEY4
P7LX9H3M
7PXTM3LN
HKXFF47N
9NA4KK3H
AHKN74NY
RWYER7P3
NTTFP4C7
4ALP7WE4
PENE7E34
H3H3RXF9
LNAHKN4R
37XCMN3H
WHENECFA
4HMPPCFH
CHLCPH4R
3WYHEHMX
PT4P3AE4
LC3NE9MN
KKWLYECT
YWXNKRYN
RE7FAMPM
NNELPMHA
CTHWK4FH
WATTL7Y9
CCMYFAXP
3YTPCNNR
E94CWKHR
9W44MFM9
FCLNEAYC
TARX3WY4
77A9LRFP
PYW9LLK7
MRHACX33
PK9NCEW4
YTPKNHLR
737PHAM3
7YYLPKHN
3MXLER4X
439NAH7W
W97NE3CR
XF4AY9PE
YPH3AHWY
CNNRWXT3
TLX9X3AE
7CEC44FE
KX3RMTC4
YNH3E7HR
NLM7EEHN
LK4MHCF7
YC4PYMCT
3PW4P4NX
4RML3T77
NWXE4RTA
LKEREEY4
MRXCNXX4
3XPMX747
4CPLWK9N
74FEKYXN
CP3YX9EH
L3RNN9HF
FCNFEL7C
33TEHT4P
ETC93WHT
YY77F7NR
399H4WYR
MPNMC9WY
ACEREMEC
FY7WMYEL
T44WAT43
CEHFTYTN
WTW3MKFL
LXLW4WNE
LETYTTLW
CRKKFELX
THKNH7FY
LPPM7TNL
39TPCEHR
EPENWTHK
K9WCPLRH
LY7XTWRR
PELWF43F
NFLNMET3
L49HM4AM
LYF4NCKH
EXMKNLR4
YKRKT3YK
EPXMYF9N
NLEHLYTT
Y7H4XANL
9XECWL74
XWWWEC79
7KL9YNTE
YEFL7LYN
C774NHL9
YAA97EF3
4T7RAHFR
FKMFXR3R
7MCMRW4H
TR77XEEN
XWYTYNMF
PMNCFNN7
XXRT7FCH
EHW7N3RY
XHEL9PMW
99E7CFXC
P9XATAA3
HEN9L3NR
4FKNNXF4
4XRAPHM3
WARX9MLA
MCNKA7W9
ARTXWTAP
4W4YAEH4
YCRKEEMM
PXCXRY97
A7H9WELP
FMNYFL99
4FNC3TMK
4AP44Y7F
P9FEPNYF
99TX3ANK
CLAKKA7T
HFKKNWRM
ET7LRTY4
MMRMAXEN
WM3CLLPL
NTNX37KC
CATCRCCC
TF4WPRC7
HC7H9FCA
AFMW73TX
F4EW9M7K
HTTYN37R
3NPL3RCX
MM9NCAKK
RMR4AHEY
XLMEC77R
E3XTTHHH
XA4M7C9N
NERW7PHK
MXW74LCP
RYFMP9PK
H9MLEMLN
K43F9WWH
YFFMX7PY
3WKFFPHX
RA4AWPNC
XPX7W9TR
XCTL9NNP
T9FC4WHA
XLHYNW99
9R74X4HN
RK47NRT4
XHMELLHW
NRAM49FY
ENRT97LE
WWRYLWYC
PYFLK799
N3YNMMEM
7AX4FY3T
K9K9ENKC
4R9RYNYH
4TRKAKL4
A7AEH737
LR9KHMYN
3RCRNKX7
HAPYK4FA
F9Y9RCMY
43ETN3WT
LKFMLREY
CA4MYA9H
YTRPEK9X
3K99WEHY
AC44ALK7
KF4TXKPY
PYTNMPE7
P34CHA7Y
PXEHN3NA
YHFX73XX
C77MR3TL
N9Y3KXRX
M7YAALP7
PM34PPA4
RA3RKYKE
C34AT4E9
X3WN3CL9
H9YNHHTT
9FMHFCE7
YT7RE4MP
RFWXF47L
PT3797CY
4EC7CPR9
T74WTWKW
AAX4MRPH
47XA39EK
R7EKM7XR
9XXN73M7
LF3PTHET
XN477AT4
XLRTEA3Y
E7CE9CP3
F37NEH7T
N4CL7AEN
TLHCWFFE
Y3R49KMH
M7KMTLPC
X4K3ANAW
KL7WCXCF
WCN3HN4W
HKKWA49W
3X9E94HP
9K7R3LN9
4WCTTW9R
CNPPMXNX
HYLNXNCR
K9EWHPRH
CRTKN97W
9AWLACEH
LKEN9WPN
AP377A9W
KTNR49TF
ETP3W9XA
CHKM9E99
AC4PMNMM
MTRX3WLW
4FELWFEN
EW99EEE3
RK4NALNE
YN994MAP
XKN3RF3M
EHA4E4FA
3TWN743C
3RPCFEXA
CH4CXRYL
FLN7Y4KK
K7RY7LEC
EKKRHTEF
A4AYLPAW
37N7FF7H
X7MFPHMH
KC3KF34H
3EHNXNA7
N7KFWKC9
Y4WX3KN9
74FHMY7M
LM7Y33NW
HEMECTCH
33MFWNML
93AWXYAM
9CCXC43C
PFPXCCCR
X7NLM4CM
YKRFTATW
AWMXLYEW
KF379LP7
H33THPNX
NT7R749Y
49ELXETL
3WPRHMXE
3TX44NXN
7MC4EXLW
MFFKH7K9
WLHKY4YT
NLMLHXCY
YTWC4P7K
3RPHTXRF
YMCWAEK4
KFW3N34X
X7F9P3F4
RATP4AW4
M3LTF79K
3YEFNMPK
W9XFLKTF
FNCT3PYP
K9RY373N
PRRACW93
WHAET4RH
FWYLM3HN
A3KWN3FW
KHRTYRPX
C3HWMP4H
4TN3X3MT
TKAETFW9
PHKLP7LH
4A7C7M4T
4KHEXLLH
73NAW9P3
YNCL7YEP
PHLPHR43
WHL7X3HY
YATKTERT
YFACMK9N
9493CEXC
WEYLH3MW
WF7TY3MK
WL3XL4CH
CKRCTH9A
744WMFYP
M9F7CALW
3XCL37EP
RCETLFC4
3RKKXL7A
HCW7CR7N
NFM9W393
MF4P4MEW
TTXMF4TX
C3FN9NLM
NCR3TPNR
PFXEYTH3
3C9MEKTH
T4L3PWAH
HA4E3CEH
YCWMPHHC
LEPY3NKW
KM3YYFCL
T3YLEC37
A7PHXWLH
C4KF9PKH
XAT4XRWE
CARK3HRT
ELALRK4H
AWTCHPPA
KRL49NFK
ETELYN44
79CWHCN7
ACNKTH44
PLT4CYW4
FMNWHLWK
9XHKTT7F
73R9NFME
M97M9L4N
TNKFA7M9
N7PMF4RX
NRYR3CWT
HMWPWMX7
4LN3KKPW
FCKKMAK9
RTR4HNY3
P4EC4CYN
73NYRYLX
YEAR7TWX
TTRMPMCC
4L4CKCKA
4WNMMMEH
NXKANY9L
PLCFNEY4
CWM9E79P
CTHLH9N4
WMNXX4WW
A3E4WRMR
YWM4T9EY
RKNCR9TX
4R9NNH7F
CPPPH4TN
K4P9CWLT
RXAWTX7L
LHFRK4XN
WWXEP9WT
C3YF9XYA
4KRHAY9L
MFNAPACX
3CLCFYL9
RPCNM7RK
9X4PC3NE
RXKRYT3C
FPX7MKHK
RMX4E9LL
RXKXAWHA
F3LC7XPM
TFKKXT3T
E9K4KLYW
C9E7KX3M
MP9LANCR
YEHLKEMN
7CA9A7YM
AAMACNHK
YTHHLKYX
7Y4RRRXM
AEHLYLNM
EPR4MRAY
W97EAKTF
EY79MX37
43M4TM7A
XL377KX3
APMHXNN3
XWKK34H9
N77FE4LF
WECRPNK4
W94XTWXY
FET7TE9N
3K73XHM9
MRN3394N
XN3CRTAM
7TWY9NEW
49WXTHMA
ME4YK3RT
E9HK4MA7
E3793FAT
PW4Y9REE
73XTMKEY
WKN33W3R
MAC3HTXA
KAAX9NL7
4MWFF3LW
E4LHHHAA
3CT77ANH
FE3C4FPL
MEK4C7PR
E997WNYP
KP773ENH
EMT9MTPF
WFK73CNK
TLEPR7TR
FRTRKHPP
TCN7EK9E
Y343YRHR
YXNYT974
LMKMTKHW
4MN4H9Y7
ENRXMRFL
MKH3FKA9
XXL79MNR
9EE9F7XF
TAL4MRWY
3LT77RMH
A3NK4T4H
WHWCLM4F
TLK3N7T9
RYXERRLF
LTAY3EYY
XXX9KPNM
AFCAN4KW
PCX7PLYT
HHN44NLM
T3RPHYTY
X3L47CAF
MRWRHKFF
7KRCHTRN
NC9KWT9F
EH94MPC7
XC7XP9KA
7MYCCW3N
9CYEXRAX
X444FP9W
FTA44TYY
3XRNXNAK
X7NKCAF9
9MXKRL9P
3YPFCRXK
XEMLXNCP
7HW3NEKR
PM9LENFK
7ACXLWXF
N77N4LLR
CN3FYXFR
XWETE4E3
P39Y3CE3
H3EPNLHR
L3KTRLLM
YRWT7EXF
CMX9FPNF
MMR74HP4
RFWPMKTY
7KWTRYCL
KTAC39M4
4PTEKFEX
L49NKRC7
KNCHK3WF
AMH49CRA
HF74947T
ALCPEW3L
PCXAYER3
WH7AMKEX
FAHMHRKC
A97WFRAA
NHFLM49E
NTHTYNAP
CNK4C7L7
37HNAWLA
P7YHPT9L
AFRH9R94
CM7FFL73
4XKYRMCK
9YFN9NKW
YWE7P7AL
FHTX9YWT
LXLLTA3K
HEK9NKEN
CMLXCXNR
MXRFCXRN
TRTXCK4P
KYT34MFN
YEE93PHN
ENW3RAYA
XR7H4LYA
9YLFFK7M
Y39KTNRR
H9P9WP99
LCKC7F4W
FAPAFRNX
R4MFNEYA
PRC4CFHW
ENRXCYWM
97M9NN7E
RACXCKWX
3WNKPN9N
EAYXE4K7
PAK9HXFE
39E3HRRT
PRTTM49L
79H3WCER
XKPTTM47
FTXEM9T3
PA4M77TE
F9PF4L47
KLM7NYEK
NH7X3FMR
EKXKNHTN
TL47R7A9
ENC4W9TR
TL34437H
7FTHFNF7
WKFLF4WN
KTRETPRP
FNK9WYC9
YF3WWRMM
PYEC3K7P
AWKFYYTN
CEW7AHK3
3WLPNM3C
E7M4RY3M
7PPNEFKP
KFLF7KMN
PYWKXKRT
WPPFXCK3
TYHCPXAK
AYTFR9P7
PWKX4RKW
MFMFYCET
LPMA3A3K
7EFHMRPA
YEMKCAHW
WR7E943N
L7CP3FAC
EYR9FNX7
3M3PCARL
YEE4KKKF
7W3PNNTE
4R9PWME3
RT9E3ERX
E4RRFTXN
PRFMRFN7
AT479AYA
KCY7Y9FX
RW9FNNPX
CW9CPLRY
AFE4YTFL
K7PW3W43
ANYRL9W9
K9R7LN3W
XHWP79E7
FE3WLCHW
MKKY4WRM
9XRER7RT
KN9CP7MK
NL7KEKMT
T74KLRK9
NEE4MRKA
349AAELA
TM9FACRY
APYNCEKW
W3AL4X7L
TRX7RPXN
YELCPCM9
7YR7793X
N7CHCNPN
MMKWLAKL
FM3TPMRM
FCXA3KK3
F9AYYM97
CAYWKF33
NFYYCN7L
LFEYM3EH
9CN4C9NL
YKMEPAFC
H4TY74H9
XH3AEHKR
7KMXR9PT
A9TEXLKP
7WTEL7N4
A7W3K3WT
MX9CYR4L
EHT4RF37
KM4NW97C
XCFMECA9
YHNWC7KA
C3XEPKXP
XW7CNWX9
RWFE49KL
MFLYLHX4
CHHKP9W7
X9YK49Y4
PA79CCPR
PHWEFEHX
RPCLKCW4
HWPW9YNM
WYER9WPN
4C93PMNK
K7XRYK3W
FHYPXPYF
NNCWP4E3
LMMWKMHL
XXYHC7A3
FCNM4C7N
ALL97X7E
MEWRXMCE
KXWEM74E
L3T4LCHY
REAMA97W
XL7TYMAL
9X777YTC
FCPLHFPK
NEKH9NXT
N9A93PCE
Y9RHP7ET
YA39LNAN
7XAAPPK7
PCKAT93L
KM3H9P3M
9MWA7LMN
LYANNAAW
4PCWE4KN
PEKCA9MR
FFNRECNW
Y7KFMXRY
PCTMXX4M
LCECNT3E
PFKM9CAW
NX4LWAHE
M4RC7799
KHCT4A3X
AR3WRFEY
KYHEY9AY
P9EA9MWN
H94FR4YL
CYHNEKNE
YYCY7HL7
YHL4NK9F
MFAXMNLM
TTF99CNT
7H3TWNLC
A9C4X3TY
PLKRTP7F
MNYRA9FH
4C9EWCRE
3WWHAKM4
K44PTRYX
X34ATT3Y
YT7NWT9M
WEK73RXW
A3XLHRLR
LWKR93PA
3L7M9RAN
3HE47MWY
EKE4C3M3
H7KNKPNN
43EYRRP3
4PAXYRAW
KMAAXC4H
LKMAYCAX
HN93PMHH
WH4YFX7E
C9CMYNY3
RPKKEE3R
9HEEAXN7
473MY4WC
43AFYPWC
KP9PTXM3
4YM7LFHW
9WRMRN3N
HT4MXNKM
CP4NEFT7
NLHM3EAY
43LA9PYM
R3TCY4ME
4T4RRXM3
A9XR7NME
9CATKX49
NMT7CFH9
CKTT93H7
7MPTN93X
YR9PPKNM
LYARRHNR
XRYPPLTT
37C73YLN
9A34LCN9
RTRL4NLP
W4Y4LLPH
NHPE7WHN
KFETC43N
MCP9WAXT
M4E9NPEF
MCPPXHMX
TKRY9LFR
MWXTHAWH
9Y7YXC4R
7NAEY7MH
7L4RCHHF
NNM4A7KF
PRLRXRTT
WY3MXHKA
YHRN9K9H
PHEH7PM4
9XENMWKK
RKW74LK7
TRNYHYYX
LAW94WKT
L3PRXRYP
NWM3PP7E
FMELFNWK
PAL4HWWP
XN9NYNMC
934XWWF3
H3LMKCY3
3W93YTWA
3XLTYCK4
EA4CPH9F
WE7NNRRA
9H4W4LPK
3W77YX7C
KFHAELWL
CC9H9F4N
TF9HY9MX
LMWL4XLT
H9CYNHEY
YMAMTYWK
4MKTWH9N
3EALT9PR
RHLAA7PA
XTTLKL4E
ETHNTMMN
4FKCAKK3
LNNW4E4A
TX97XWNM
KXWCM9YA
YYYPXXX9
E3HWN4KL
P43XL9NK
9LNRRMCY
LTA7PKFX
TKEMXHMY
HPNY4A9A
347AE9PF
LFER3CCN
TYFN4AWN
3TLRYE99
FPEWMFRA
NMMCFMEL
FMYPXAFR
PC4P9EEL
R93RLEC7
YPFXR3RR
KKAWTHWK
Y4RKTYAN
N4HPCXKL
WMWY3KPK
ELN4TH7K
C44CMCRA
KLHY4K4L
NXLRA9KE
KHH3W9L3
Y9FCFEWE
WWEPN7EE
HT33T3Y9
37TLT43T
9FPLN9WL
HCXEXEEY
FM43MKTK
XH43FXWC
HCH9NX9R
WLXKN93K
CCP79TYC
XYFLHEYH
3FT4N3LA
C3AKL3HF
WEMM7MKE
Y9MP7FAW
XWPWPAYM
TEXX9T97
N4LXRRWX
EL97T37F
ERRXXKET
7W47KMXN
THXLNFLE
Y3HF77F9
E4HAEKFW
MR4CCWLT
9EFNECCY
CKN7LYFP
H9RH9NH9
7PYTLF3T
P77MW3HR
TCA3K9H9
LMN79XKA
EFH34XFW
3WXTHL44
3REKTAWE
E3N3H349
EWTKLTAP
9WAANAET
4H74T7X3
AAEF4YTA
49TMY37M
HXCFEK3H
MR3WEEF3
T7E47T9R
734ERX9H
KTCWLH3P
WYAPCWY7
7FHFYTPN
LXNMCYX7
RXT9AHHF
HYKA3LA3
PC9YXYFP
C7ACKFTX
CCNN4CW9
W4AHLHR3
PCTRLX97
H73C43HE
LXK7XETY
9CWHXXFC
NYHK7HCN
NHPPXH3A
NYL4YKL7
NTKMTPPH
XTN9XL9P
NLXFLWEC
47CMXC9Y
XPA373C9
YLFNWPA9
TR7949KX
3T4TWA3A
LHMKLMMH
7EK33MKN
PKEYNH3M
RTRYNH4X
W3T439CA
MH39AKLH
NT9NH3ER
WAC4ARPE
4N3MY9RW
YE7TFTWC
KF4RHEPF
XWCYRHFN
797EFT3H
3XLMMMFP
33LEWPLA
MNKP93KE
9M7EPN7R
NC4M3F33
XW7H7CM7
9TXW9WCF
CWEMH7HC
4CHKEFKW
NN77EXRW
E94RN4H4
FW3YW797
9RAHK3C9
KMEA3XXK
WXH4XX9K
R7MNXAT7
C4XWEX7F
C7LW7CMY
A47XRM9K
4NF3XYCY
3LN7WXL7
AXHFTMKC
3YXHTKPH
WER3EWMT
N3KEEPHL
HKKWLYPC
K4AAWCWL
ARRAYHAL
YPRN4XFW
WW9AY9RX
L9ANC39P
FTA9W34P
HL4XP993
MCL9RP3N
TKC774RT
RNLNK377
FRANKYP4
MM9NY7NE
7APEXNAP
XL4TFTEY
7X3TMMYM
WR7HYHRX
4FHMRPF9
TXMRRAAN
7M4HYCH4
N4PH4KR3
P7YCNCMX
TPFYT9KM
3X7RFMPF
NRA7KFNN
TNP7TWFA
CWYPNERA
4AMRETC4
FPW7A3NT
3AA3NTCW
PNWTAPHC
YKMPTFAW
LP9AXXPL
R9KKFW7L
7LLWTMHF
RAAHRE3L
TLHFE3M3
MM7FH7TA
CE4NXMWR
HCELRC4L
4KKLY3FA
WW7YMRRW
YAMHWERC
XP4FTENC
ATMPCRCY
4THCC77T
34KLALKP
AYYNHHMW
4MXAACFE
9F4M3H4H
HEPT7EHW
MKP43RFM
F7WKT4PA
FF9L4W9N
YKCNR3FT
4XR39FWA
93YCLC3P
KTM3MFHE
EPYCXCL4
NCCFTRK4
LRWNPTAC
FK9AN379
CATC9TAL
99E3E7NC
HKXWCYRC
9RNKN3YN
9A3TRRYK
TF3FM33K
PE3CMP7L
34XW9WMR
LCX343K3
HFETNL4A
47AXC9XL
3KYY9FT7
E99NF9TM
NLMNRYTK
CLF979RY
XWYN97YY
X739FEMW
R7H7RM4W
H9LRNTFM
AHLMTKP4
EWWLNW9N
HALMAAW4
AN4HLHK9
LXPKTTT7
TWL7PFMF
TNAMERYM
NY7W9P7F
Y39MK4MR
XP74MPYL
NFPYKTKE
47EYX3AK
34ACKLTK
MLYTXYYT
WAYHTXYM
KL4PW7ME
MWEMHYA9
34XHYKCM
M4AERCLP
YLKL3CEW
PTPFW7MR
MYYP9H77
MNYE7YEY
HXPH4XEL
YPNRMWMP
KN4RNFTN
LCHYALPT
9TCTFYXM
FCKL4L3L
AE9LCC3X
NH9KWRHC
TWTXLFPY
4F9PETAY
THHELWPH
L3LMF7PN
3TTCNLKF
RKHNF7ME
CYMFRRE7
NEMP9XY4
YFL3R97M
AN7AL9NX
9TTWEYXL
XFWYXA9F
AT737MH4
7KRW7PAH
WLHFAFMT
3NTNL347
C9YENYT9
CKN3TFFK
AMFR3NTK
WLXXP939
C39LETFR
RLNLCF37
4KNCXANM
CHAPYTEW
PRL4EPP9
PFA7MRA7
KN9A94E3
HM47EKH9
74LHRR99
MYH9NXC3
LCAFHM9Y
XCP4AP4F
7RT7R3KK
W3LKTK3W
AAKHAACR
49YX9T7L
FLMWYKNA
TK7N9PK3
P4HEAMTP
N7LTMPX4
AT4LPA3W
AEPAF3LF
KNR9YN99
XTR3YAEX
3AMRH4RM
P4A774W3
WAX7HEHT
TP4APY7W
7RXYW73Y
WNPX3YHX
WF3HN3LA
4YNAPNEF
M3KET9AR
9H4YKA4T
4WW3CWTN
M7YTK9Y9
WEN3E3ER
XFMRW4K7
LFYERHFC
LMFR7TWL
NLYERWX7
HF9AR43M
CPTCP7KL
TCXNACMK
79LP7CRL
373PLRFC
HHAPWKKM
FYHHNAKA
3PFAR3KP
MX7H4PHF
3ERLFLWM
XRCLMP4R
EF3WXWAM
CXR9MFCA
3YPWAMNW
43CFREP3
LRPF73YN
EH3YTKWP
E33TNHE7
XREXX49M
3W4R9RPE
KR7E7HCR
TA4K9HNL
KTFEAK74
CCWRM34M
PWAC494E
CHR7NWWF
YAK33YPL
LNEMH4X9
FWKAPYFC
K99MNPLM
PCRACHTM
MYPLMWNC
TAF94RME
CATR7KEF
YER4XNKA
N9NMPA7Y
LTCCYXRT
K7CW3LYL
K97YH3RX
K3NF49FL
MYYCFPAT
YMP9K9F7
EEHTR4XC
7NKHA7YF
K7MYWP3K
7EYH4XT7
NFLY7WT4
9LFRLYMY
RYXFKH9W
P3NN7M9K
K7K3YEK3
YNNMHCKC
KATM97FA
9EWREFTF
PWRYKAWP
ALMLCRWM
NXXWXHLC
ENERCLTF
CLP4FHXK
TKHYTPKX
7KM3A3EN
MAALXTNR
F7EP3YCA
XMC9F7W9
HMKFWEH4
HFXLPWFP
FE7F4MP4
LYPT3L37
R7KCCARF
M7KLNFRH
3R9FTWYX
M3MNYLRC
M44EWH3M
TL7FWP37
FHXX4TMC
CR93MLHP
ACKM44XL
LNHLXPER
TEAYNTPP
MFYNWHX7
YYM7CXPC
T93X993C
4LERA7KA
F3LNXLCK
PPNHA7KH
4CX4RK4E
K3X9XC49
CMPYA7WC
NEERTMHN
CY4RLF9L
LAA7RMFN
73R4CKFY
TKTWXRF3
AHXKT93T
ENW7PL4C
79RWERPE
RYNWK9C4
WEKNKH9M
7E9YCR9E
LFLHKX33
FWXR3XLX
TXL4CREY
E4TPHWA3
TYNYM9TE
XRX4TYXK
TPEYLEWT
ETX47XC9
E47LC7FH
TXC9MNKA
7FYAANE3
TY7YENTA
HLLFEACH
Y77T9CRH
LEKHRXXF
XMWYWAER
FALPEX33
XLYXRTK3
AR7WLF73
KLPNTLCN
FPMWLMW7
4KC3KHTM
3N94T4L4
PYY9XWL3
AEWRCXTR
C3FK4E3T
PFA994TM
CHHANXHP
4MKN7WKA
EYH7A4YM
3MA3M74M
9KWKX4AP
WKA4NNPL
4AHHF3AM
LXLER39E
PWWNR9H9
4N93WYNM
RAPXPCLX
KYPYW9RW
LYATMWWM
3WWRWCRN
MANWCENM
PAKPK9LM
CFAHCHK3
WFA7NYRM
NMXYFH7W
4P9KAXPE
TA4FL4MF
C9RPN7YE
44F3YT34
NACECMP7
AYHATAF3
TAYR3HFY
ELPLWAAX
X7RKAM3E
MCRPH4NR
WNXLMNCN
3F9CAXKC
3LKXAAPL
3P7N7F77
YAWXH3W3
3PFFHREC
C9MPTMCW
7YTP79KL
HKEMPMNC
NLWN9E9F
FPTKCNHE
RHC9FTEN
3E7447TL
FWM97WRL
ATREFHF3
WAX3FNR7
9LFWP974
PCXXLYFX
XK3KHH37
WWF4WW7W
PTMCE4XA
EYRYTFRX
EFLAEA44
WA9FC7YC
33PTR499
ELE3MTEH
EPHALW7M
HM9EXRRL
L9CTWARY
YKRW33LW
XEWM7RL9
7MNFTLFW
WKWLCY4F
ATPCPTCX
WHEYA4E7
H73WE4K7
KMT93KHM
XWMFKAA3
LRXFCTKA
PHYYXMPT
C4E4F4X9
HM9LKYC4
WXRKMYTW
PWL4LRKE
LK7EP7NY
AWRE74PN
9AW4AAE4
PREXTEMC
39E3FPCP
FRXPXW4P
PH3CWXH3
KXHRWRNA
MPHRFPMK
RAEPT3XF
XCAFNPCN
Y7PXYATC
LT3EEMKC
7HRT7CRN
7WE4R377
9XYPFM3H
YCF3XAFX
XRPPXAX4
4979MYHT
E34HECNE
M3KRKY4E
7PWN39R9
4T73WR33
97KMHTTP
99R9PTPR
HKPT3LWH
9LNYN9NM
4P749P9W
FW3WYRA3
N4RHMFXA
EL4F3RHP
MN9XR93Y
99YPTAM7
X3CYXYNP
XY479N73
7TNMWNK9
NKW4N4XL
KKWFWN4P
X4A3PCAM
X43RA33M
PKPKEA9L
M4M4XNY9
CWHXXLKH
CCY4CEHP
A9HPCLTM
7WTPY994
EWHLNPF3
PYTHEXH3
9HMPLMEM
3KW39EPC
XE4PYA3L
R9THWLFA
L7NXTK9L
WXA79KRT
X79MNLNX
RE43L7MN
KWNAYM3K
7L7WFFAX
C7PHFWPH
YM4ACW9P
XEY4P43T
7PW93E7E
YTC94YEF
AFAMHYEK
MAT497AN
TM39XP97
PW4HTPEW
W473YKPP
EMFWTEN3
YWYAYHPN
TEAWW7RH
FPPMKKWN
MHKMCYNT
WLR7RCE7
PTRYXK4W
NCRLX4PM
34MXFAAR
TCKLALFW
N7NEYMYN
KFCC4EFL
LLAEYLK4
HNT3MPF4
NR4EFEL3
T44WN4PK
Y3T3PHCW
WRPT37N9
EWT9WLXM
Y7AARN9F
TF99L44Y
XKAPRTEY
37C94WHN
WCKFEKHK
RAETY3NT
N9T73PMP
KKELXFCE
Y3XKL3FK
7PKAXMWN
XNLTLYEK
NXHCFPCP
L4EKHF9F
9XKLWFHX
KCRCEME4
PPMRYRMM
KEEWNXN4
MRYLHKPT
XNXPPC3H
PCFCMMF3
PA4L4CK7
9TR4WH7W
RHCPHKNK
EWYANAMH
4MWMAMT9
973XTLNE
XA7LY9PC
MRAC93CW
KLMW9CXH
9MLKTHHP
LRYWHPXF
E9W3AE3F
AT974PXR
CP9TPLN9
C4PA3KCW
Y9PXMF3L
AHPMCENK
7NCT9AKE
XL4EAFM7
WNY7KH4X
YPN3C94N
3AEWEYCY
M7WPNCML
PC4HMXHX
7P4H7PX4
Y99NELPA
WPWFMXYX
CCKF4FEN
M74FHEFM
9P3TKN9W
FCRHL4AA
9C4M9P7M
FEYKXMNP
9MCYN9L9
7HARKWPA
RMHKW7NT
K4EK4RCE
93W99TEF
LN7C73WW
LKL3AMHN
KH9YCENF
FXF4E4YR
3C94RN9L
PFAXWW9L
L7MKTTRE
MAHMAH9K
TFLHRLE7
4HFP3H9A
7TH3PXWC
A3KEYPWA
YYNTH9LM
34LCE3LR
4CW7KMLY
CF7EX4WT
MCYFFHNH
CLYK9H4E
M7PYK9CN
NPFYC9TP
HMTPTWLM
HH3LCYXW
MHNMFX4E
HNYLKTYA
N7N3TYEN
YFWM3TAT
PN3NYMYR
RAA7NLPK
TR9K7RYC
9C3EYFMF
AHN4HLPF
AHE7FLPT
FEPN79YY
KACKYNK3
P34WNM9K
3YNFC4CE
W9KE9LFC
3CNTHY33
934CRWMK
LCR97PHN
RXHT7XPP
MHHWF34C
HHNXTMN9
3NYL4FT3
Y4PKYFNT
XX3ML7PF
FTWXRWLR
T7P9TXCA
7Y33YCWN
ATK9XYR7
XPN9FFHX
9TKXR39A
YHMNNM33
HLFWTKYX
KENTT3EX
H3X4K3HR
PCPL4RML
YY3A7WYY
WTPLLCLY
7YNXXE4T
K93MCHP9
WFRKXHXE
LMP3XT33
HE9H9FAT
EXMAF3HF
WT7MMPXH
XAMHANLN
FN4ATXEF
HHNKMRAK
LPL9X7FP
FX4EE473
E4RYMHE7
AYTFLCP3
WAEXPXE4
Y9TYK9M4
33N4PKPM
T49FEM3T
NA44NYMF
7M3NRF3N
MAXRP9CW
79NMRW4K
A37XNRNC
KKMRH47K
TRWPNNMC
3R9YECML
AE7TFFRN
Y3C4AFR7
AWCR9M79
937TLWWW
R7HFHLY7
TP9CMTAC
AAK7MY9L
9LCALEMX
HLPHLNFH
TACCCXKM
LC74WTEN
RTK99FRM
T993T4AX
CTTT4KCC
AN49YRWR
3ACPKTLK
KPE4XWE9
W4C3HKC3
4MLYWRPR
XKNLT4KE
AWHKKP39
FWP4NHPN
7PLHLALL
3MTHX7EL
LN9EYPLE
PNX94PCK
33KP7TRM
HPCFLWCP
XN3PKXNM
AL4XC9TT
EHNLHK34
CRNPK7MM
NWERTTFR
3C7CEEK3
MPNR7K3T
M49CRX9M
HKPFXTPF
FWTW3L4A
R9X9A47C
XLMHNCYK
TAH7K4WT
RLXRXNYA
E4ANCCLR
4AMCXMPW
Y3T93MFW
FWT9MLCY
EA9NYRHL
4NPR793W
FNNTFEPX
MHECKH4A
4EPWR7KX
YR3ANAFC
3TF9FT3N
M3ERY33F
RL4KXAKN
APMLLPLR
7ARMYYHH
H7NXPXFP
PYF9HNFM
M74CTE3W
HN9Y4FNL
CEHMHNEP
PM4MY4XR
HFNXHXWF
HYNCRFTM
FNPKEWC3
YX3FFRNX
XEPPX4LL
K3TLNYXT
WF3RRHYW
47P7WXLP
YCAHPME9
47E37A4L
XYL3FKFC
FMNXEY4X
YMTYXEAL
333PCPTC
W74YPHHX
FTYWP7RX
NK49FFFY
HYCAFNMK
CYRK4M7A
AEMEEPLE
33RPMX9L
YEN9AM44
CCE7FCNA
NWEYM7LR
CEFRLTKF
PWENM7T9
Y3LNFYHA
LWWCRH9T
7FTWTYNT
HAHXPXPY
N73M7KM7
EE3MPN4Y
WCEW7WHW
3CHKAMXC
RTKFLRP4
W4CLXMLR
NKKKEP49
T4MML7L3
4NT4KHW4
XC9NKMEL
NHEL4FXY
EFK79F3X
34WAPKTY
WEXLFN43
RMYRACK4
TERXK77N
REF9TCWR
TTAANWFF
7XEAKRLP
4MTHCYR4
9XYP9CMR
WLECKKXN
KRRWX7T3
EWPLT3TY
WMTH49PF
KXL3NHTA
XCP4KAKR
4PCLAPNK
A9NRL4EY
444MEE37
A7NHRAHH
4WRRM4KA
TKAEFK7Y
3EMTWCNY
LYWY3ME3
YH9LTNM9
33NL97YC
9HA9KXNK
K4YP3KRN
CCCR7X3H
M4KLK3TX
KNRFM4NH
XCTEWKEC
9R77FWLW
NC79FPTA
44ARNNHM
N7AY4AYE
N9LAHR43
EWR3W9Y9
KL4TCMA7
WYXLCR47
AWCTY949
AREXTHX7
NXHF4TTC
XPT7H9XK
9PAE4C9Y
L3APM4WR
NCC94MPM
X3K4AE9K
XFHPRW7T
7YA3MRT3
LKPTAFHE
T9FYEPYT
PCPH7ARR
WARRNM9N
WMPK3TAK
H7CKMY3R
Y499X77W
Y73E4HFF
RT9P9FNT
XX7CNEMK
9M9T7KHK
FEKYL3AR
7LNTCNHM
KP34K3PN
KHAPP4X7
C3FAMWK9
4KTC9WX7
MWLCXK73
XAX4YWHL
T99ACYNE
HFHN9PYP
KHKNX4C9
PC3TKACK
YARC97NK
A3XPNYH7
W799PKFX
R4NYYE3H
CREX9HYE
CENTHKPL
7HKF7TTA
RFNR7PT4
7ACPP74F
C3LRA4XP
9A9CHTEY
HCA34HF3
7L77YYWA
CENLYHAN
PEHK37PA
KKMWWCE7
CA7ARRCN
CR3X97KT
XPPRENNF
9R3F3NLE
XX99R3MH
X3RKYTLR
X4MC9R4C
YW9W9H3T
RYFCA349
HMLP3LHW
MRARTMYT
ALMTXKYF
4ARCKKCT
KC9FRRCN
N43CPH4C
R7LP3W93
4TR4H37N
TXT37LYF
FXAN7RLH
HAH4CL9A
MHL7N9H4
LEA9WNE3
RMECCKEW
WM9LY9XK
LEPYH9HN
XWKPFNP4
WFLXH7T9
LE9CNFAN
9YKT3NFK
34YK3T79
FRLEXAF9
FLTE3C3W
KM4HE999
AAPNX7L7
W7FE3TCC
FEA4C9TN
7NWAWF3A
4FYEHHPR
LLW9TWCT
7CRMFWKE
HHHP939K
LF7TCFC9